"housing_median_age","total_rooms","total_bedrooms","population","households","median_income","median_house_value","ocean_proximity"
41,880,129,322,126,8.3252,452600,"NEAR BAY"
21,7099,1106,2401,1138,8.3014,358500,"NEAR BAY"
52,1467,190,496,177,7.2574,352100,"NEAR BAY"
52,1274,235,558,219,5.6431,341300,"NEAR BAY"
52,1627,280,565,259,3.8462,342200,"NEAR BAY"
52,919,213,413,193,4.0368,269700,"NEAR BAY"
52,2535,489,1094,514,3.6591,299200,"NEAR BAY"
52,3104,687,1157,647,3.12,241400,"NEAR BAY"
42,2555,665,1206,595,2.0804,226700,"NEAR BAY"
52,3549,707,1551,714,3.6912,261100,"NEAR BAY"
52,2202,434,910,402,3.2031,281500,"NEAR BAY"
52,3503,752,1504,734,3.2705,241800,"NEAR BAY"
52,2491,474,1098,468,3.075,213500,"NEAR BAY"
52,696,191,345,174,2.6736,191300,"NEAR BAY"
52,2643,626,1212,620,1.9167,159200,"NEAR BAY"
50,1120,283,697,264,2.125,140000,"NEAR BAY"
52,1966,347,793,331,2.775,152500,"NEAR BAY"
52,1228,293,648,303,2.1202,155500,"NEAR BAY"
50,2239,455,990,419,1.9911,158700,"NEAR BAY"
52,1503,298,690,275,2.6033,162900,"NEAR BAY"
40,751,184,409,166,1.3578,147500,"NEAR BAY"
42,1639,367,929,366,1.7135,159800,"NEAR BAY"
52,2436,541,1015,478,1.725,113900,"NEAR BAY"
52,1688,337,853,325,2.1806,99700,"NEAR BAY"
52,2224,437,1006,422,2.6,132600,"NEAR BAY"
41,535,123,317,119,2.4038,107500,"NEAR BAY"
49,1130,244,607,239,2.4597,93800,"NEAR BAY"
52,1898,421,1102,397,1.808,105500,"NEAR BAY"
50,2082,492,1131,473,1.6424,108900,"NEAR BAY"
52,729,160,395,155,1.6875,132000,"NEAR BAY"
49,1916,447,863,378,1.9274,122300,"NEAR BAY"
52,2153,481,1168,441,1.9615,115200,"NEAR BAY"
48,1922,409,1026,335,1.7969,110400,"NEAR BAY"
49,1655,366,754,329,1.375,104900,"NEAR BAY"
51,2665,574,1258,536,2.7303,109700,"NEAR BAY"
49,1215,282,570,264,1.4861,97200,"NEAR BAY"
48,1798,432,987,374,1.0972,104500,"NEAR BAY"
52,1511,390,901,403,1.4103,103900,"NEAR BAY"
52,1470,330,689,309,3.48,191400,"NEAR BAY"
52,2432,715,1377,696,2.5898,176000,"NEAR BAY"
52,1665,419,946,395,2.0978,155400,"NEAR BAY"
51,936,311,517,249,1.2852,150000,"NEAR BAY"
49,713,202,462,189,1.025,118800,"NEAR BAY"
52,950,202,467,198,3.9643,188800,"NEAR BAY"
52,1443,311,660,292,3.0125,184400,"NEAR BAY"
52,1656,420,718,382,2.6768,182300,"NEAR BAY"
50,1125,322,616,304,2.026,142500,"NEAR BAY"
43,1007,312,558,253,1.7348,137500,"NEAR BAY"
40,624,195,423,160,0.9506,187500,"NEAR BAY"
40,946,375,700,352,1.775,112500,"NEAR BAY"
21,896,453,735,438,0.9218,171900,"NEAR BAY"
43,1868,456,1061,407,1.5045,93800,"NEAR BAY"
41,3221,853,1959,720,1.1108,97500,"NEAR BAY"
52,1630,456,1162,400,1.2475,104200,"NEAR BAY"
52,1170,235,701,233,1.6098,87500,"NEAR BAY"
52,945,243,576,220,1.4113,83100,"NEAR BAY"
52,1238,288,622,259,1.5057,87500,"NEAR BAY"
52,1489,335,728,244,0.8172,85300,"NEAR BAY"
52,1387,341,1074,304,1.2171,80300,"NEAR BAY"
2,158,43,94,57,2.5625,60000,"NEAR BAY"
52,1121,211,554,187,3.3929,75700,"NEAR BAY"
49,135,29,86,23,6.1183,75000,"NEAR BAY"
50,760,190,377,122,0.9011,86100,"NEAR BAY"
52,1224,237,521,159,1.191,76100,"NEAR BAY"
48,828,182,392,133,2.5938,73500,"NEAR BAY"
52,1010,209,604,187,1.1667,78400,"NEAR BAY"
48,1455,354,788,332,0.8056,84400,"NEAR BAY"
52,1027,244,492,147,2.6094,81300,"NEAR BAY"
52,572,109,274,82,1.8516,85000,"NEAR BAY"
46,2801,644,1823,611,0.9802,129200,"NEAR BAY"
26,768,152,392,127,1.7719,82500,"NEAR BAY"
46,935,297,582,277,0.7286,95200,"NEAR BAY"
49,844,204,560,152,1.75,75000,"NEAR BAY"
46,12,4,18,7,0.4999,67500,"NEAR BAY"
20,835,161,290,133,2.483,137500,"NEAR BAY"
17,1237,462,762,439,0.9241,177500,"NEAR BAY"
36,2914,562,1236,509,2.4464,102100,"NEAR BAY"
19,1207,243,721,207,1.1111,108300,"NEAR BAY"
23,1745,374,1054,325,0.8026,112500,"NEAR BAY"
38,684,176,344,155,2.0114,131300,"NEAR BAY"
17,924,289,609,289,1.5,162500,"NEAR BAY"
52,210,56,183,56,1.1667,112500,"NEAR BAY"
52,340,97,200,87,1.5208,112500,"NEAR BAY"
52,386,164,346,155,0.8075,137500,"NEAR BAY"
35,948,184,467,169,1.8088,118800,"NEAR BAY"
52,773,143,377,115,2.4083,98200,"NEAR BAY"
40,880,451,582,380,0.977,118800,"NEAR BAY"
10,875,348,546,330,0.76,162500,"NEAR BAY"
10,105,42,125,39,0.9722,137500,"NEAR BAY"
52,249,78,396,85,1.2434,500001,"NEAR BAY"
16,994,392,800,362,2.0938,162500,"NEAR BAY"
52,215,87,904,88,0.8668,137500,"NEAR BAY"
52,96,31,191,34,0.75,162500,"NEAR BAY"
27,1055,347,718,302,2.6354,187500,"NEAR BAY"
39,1715,623,1327,467,1.8477,179200,"NEAR BAY"
36,5329,2477,3469,2323,2.0096,130000,"NEAR BAY"
31,4596,1331,2048,1180,2.8345,183800,"NEAR BAY"
29,335,107,202,91,2.0062,125000,"NEAR BAY"
22,3682,1270,2024,1250,1.2185,170000,"NEAR BAY"
37,3633,1085,1838,980,2.6104,193100,"NEAR BAY"
29,4656,1414,2304,1250,2.4912,257800,"NEAR BAY"
28,5806,1603,2563,1497,3.2177,273400,"NEAR BAY"
39,854,242,389,228,3.125,237500,"NEAR BAY"
52,2155,701,895,613,2.5795,350000,"NEAR BAY"
34,5871,1914,2689,1789,2.8406,335700,"NEAR BAY"
52,1509,225,674,244,4.9306,313400,"NEAR BAY"
52,2026,482,709,456,3.2727,268500,"NEAR BAY"
52,1758,460,686,422,3.1691,259400,"NEAR BAY"
52,3481,751,1444,718,3.9,275700,"NEAR BAY"
28,3337,855,1520,802,3.9063,225000,"NEAR BAY"
52,1424,289,550,253,5.0917,262500,"NEAR BAY"
32,3809,1098,1806,1022,2.6429,218500,"NEAR BAY"
26,3959,1196,1749,1217,3.0233,255000,"NEAR BAY"
52,2376,559,939,519,3.1484,224100,"NEAR BAY"
35,1613,428,675,422,3.4722,243100,"NEAR BAY"
52,1279,287,534,291,3.1429,231600,"NEAR BAY"
28,5022,1750,2558,1661,2.4234,218500,"NEAR BAY"
52,4190,1105,1786,1037,3.0897,234100,"NEAR BAY"
50,2515,399,970,373,5.8596,327600,"NEAR BAY"
47,3175,454,1098,485,5.2868,347600,"NEAR BAY"
41,2576,406,794,376,5.956,366100,"NEAR BAY"
37,334,54,98,47,4.9643,335000,"NEAR BAY"
52,2800,411,1061,403,6.3434,373600,"NEAR BAY"
52,3529,574,1177,555,5.1773,389500,"NEAR BAY"
52,2612,365,901,367,7.2354,391100,"NEAR BAY"
28,5287,1048,2031,956,5.457,337300,"NEAR BAY"
50,2935,473,1031,479,7.5,295200,"NEAR BAY"
44,3424,597,1358,597,6.0194,292300,"NEAR BAY"
40,4991,674,1616,654,7.5544,411500,"NEAR BAY"
30,2211,346,844,343,6.0666,311500,"NEAR BAY"
34,3038,490,1140,496,7.0548,325900,"NEAR BAY"
18,1617,210,533,194,11.6017,392600,"NEAR BAY"
35,2865,460,1072,443,7.4882,319300,"NEAR BAY"
34,5065,788,1627,766,6.8976,333300,"NEAR BAY"
28,1326,184,463,190,8.2049,335200,"NEAR BAY"
26,1589,223,542,211,8.401,351200,"NEAR BAY"
29,1791,271,661,269,6.8538,368900,"NEAR BAY"
32,1835,264,635,263,8.317,365900,"NEAR BAY"
37,1229,181,420,176,7.0175,366700,"NEAR BAY"
39,3770,534,1265,500,6.3302,362800,"NEAR BAY"
30,292,38,126,52,6.3624,483300,"NEAR BAY"
52,2375,333,813,350,7.0549,331400,"NEAR BAY"
45,2964,436,1067,426,6.7851,323500,"NEAR BAY"
50,2833,605,1260,552,2.8929,216700,"NEAR BAY"
38,2254,535,951,487,3.0812,233100,"NEAR BAY"
52,1389,212,510,224,5.2402,296400,"NEAR BAY"
52,1971,335,765,308,6.5217,273700,"NEAR BAY"
52,2183,465,1129,460,3.2632,227700,"NEAR BAY"
52,2286,464,1073,441,3.0298,199600,"NEAR BAY"
52,2721,541,1185,515,4.5428,239800,"NEAR BAY"
52,2024,339,756,340,4.072,270100,"NEAR BAY"
52,2944,536,1034,521,5.3509,302100,"NEAR BAY"
52,2033,486,787,459,3.1603,269500,"NEAR BAY"
52,1433,229,612,213,4.7708,314700,"NEAR BAY"
52,2927,402,1021,380,8.1564,390100,"NEAR BAY"
52,2315,292,861,258,8.8793,410300,"NEAR BAY"
52,2485,313,953,327,6.8591,352400,"NEAR BAY"
52,1490,238,634,256,6.0302,287300,"NEAR BAY"
52,2814,365,878,352,7.508,348700,"NEAR BAY"
52,2093,550,918,483,2.7477,243800,"NEAR BAY"
52,888,168,360,175,2.1944,211500,"NEAR BAY"
52,2087,510,1197,488,3.0149,218400,"NEAR BAY"
52,2513,502,1048,518,3.675,269900,"NEAR BAY"
46,3232,835,1373,747,3.225,218800,"NEAR BAY"
42,4120,1065,1715,1015,2.9345,225000,"NEAR BAY"
43,2364,792,1359,722,2.1429,250000,"NEAR BAY"
41,1471,469,1062,413,1.6121,171400,"NEAR BAY"
29,2468,864,1335,773,1.3929,193800,"NEAR BAY"
27,1632,492,1171,429,2.3173,125000,"NEAR BAY"
45,1786,526,1475,460,1.7772,97500,"NEAR BAY"
50,629,188,742,196,2.6458,125000,"NEAR BAY"
52,1339,391,1086,363,2.181,138800,"NEAR BAY"
36,1678,606,1645,543,2.2303,116700,"NEAR BAY"
43,2344,647,1710,644,1.6504,151800,"NEAR BAY"
52,996,228,731,228,2.2697,127000,"NEAR BAY"
52,1591,373,1118,347,2.1563,128600,"NEAR BAY"
52,1586,398,1006,335,2.1348,140600,"NEAR BAY"
47,2046,588,1213,554,2.6292,182700,"NEAR BAY"
52,1192,289,772,257,2.3833,146900,"NEAR BAY"
52,1803,420,1321,401,2.957,122800,"NEAR BAY"
49,2838,749,1487,677,2.5238,169300,"NEAR BAY"
52,783,184,488,186,1.9375,126600,"NEAR BAY"
51,1590,414,949,392,1.9028,127900,"NEAR BAY"
50,1746,480,1149,415,2.25,123500,"NEAR BAY"
52,1252,299,844,280,2.3929,111900,"NEAR BAY"
43,5963,1344,4367,1231,2.1917,112800,"NEAR BAY"
52,1783,395,1659,412,2.9357,107900,"NEAR BAY"
30,999,264,1011,263,1.8854,137500,"NEAR BAY"
39,1469,431,1464,389,2.1638,105500,"NEAR BAY"
47,1372,395,1237,303,2.125,95500,"NEAR BAY"
52,674,180,647,168,3.375,116100,"NEAR BAY"
43,1626,376,1284,357,2.2542,112200,"NEAR BAY"
51,175,43,228,55,2.1,75000,"NEAR BAY"
39,461,129,381,123,1.6,112500,"NEAR BAY"
52,902,237,846,227,3.625,125000,"NEAR BAY"
20,2373,779,1659,676,1.6929,115000,"NEAR BAY"
52,391,128,520,138,1.6471,95000,"NEAR BAY"
52,1137,301,866,259,2.59,96400,"NEAR BAY"
52,769,206,612,183,2.57,72000,"NEAR BAY"
52,472,146,415,126,2.6429,71300,"NEAR BAY"
52,862,215,994,213,3.0257,80800,"NEAR BAY"
50,1920,530,1525,477,1.4886,128800,"NEAR BAY"
43,1420,472,1506,438,1.9338,112500,"NEAR BAY"
52,986,258,1008,255,1.4844,119400,"NEAR BAY"
44,2340,825,2813,751,1.6009,118100,"NEAR BAY"
48,1696,396,1481,343,2.0375,122500,"NEAR BAY"
49,1175,217,859,219,2.293,106300,"NEAR BAY"
37,2343,574,1608,523,2.1494,132500,"NEAR BAY"
30,610,145,425,140,1.6198,122700,"NEAR BAY"
40,930,199,564,184,1.3281,113300,"NEAR BAY"
44,1487,314,961,272,3.5156,109500,"NEAR BAY"
52,3424,690,2273,685,3.9048,164700,"NEAR BAY"
52,762,190,600,195,3.0893,125000,"NEAR BAY"
46,2366,575,1647,527,2.6042,124700,"NEAR BAY"
49,1826,450,1201,424,2.5,136700,"NEAR BAY"
38,3049,711,2167,659,2.7969,141700,"NEAR BAY"
29,1640,376,939,340,2.8321,150000,"NEAR BAY"
47,1543,307,859,292,2.9583,138800,"NEAR BAY"
34,2364,557,1517,516,2.8365,139200,"NEAR BAY"
35,1745,409,1143,386,2.875,143800,"NEAR BAY"
39,2003,500,1109,464,3.0682,156500,"NEAR BAY"
39,2018,447,1221,446,3.0757,151000,"NEAR BAY"
43,3045,499,1115,455,4.9559,273000,"NEAR BAY"
52,1547,293,706,268,4.7721,217100,"NEAR BAY"
52,3519,711,1883,706,3.4861,187100,"NEAR BAY"
41,2070,354,804,340,5.1184,239600,"NEAR BAY"
48,1321,263,506,252,4.0977,229700,"NEAR BAY"
48,1694,259,610,238,4.744,257300,"NEAR BAY"
46,1938,341,768,332,4.2727,246900,"NEAR BAY"
50,968,195,462,184,2.9844,179900,"NEAR BAY"
40,1060,256,667,235,4.1739,169600,"NEAR BAY"
46,2041,405,1059,399,3.8487,203300,"NEAR BAY"
52,1813,271,637,277,4.0114,263400,"NEAR BAY"
45,2718,451,1106,454,4.6563,231800,"NEAR BAY"
28,3144,761,1737,669,2.9297,140500,"NEAR BAY"
35,1802,459,1009,390,2.3036,126000,"NEAR BAY"
49,882,195,737,210,2.6667,122000,"NEAR BAY"
44,1621,452,1354,491,2.619,134700,"NEAR BAY"
45,2115,533,1530,474,2.4167,139400,"NEAR BAY"
45,2021,528,1410,480,2.7788,115400,"NEAR BAY"
46,2239,508,1390,569,2.7352,137300,"NEAR BAY"
52,1477,300,1065,269,1.8472,137000,"NEAR BAY"
52,1056,224,792,245,2.6583,142600,"NEAR BAY"
49,898,244,779,245,3.0536,137500,"NEAR BAY"
44,2968,710,2269,610,2.3906,111700,"NEAR BAY"
43,1702,460,1227,407,1.7188,126800,"NEAR BAY"
47,881,248,753,241,2.625,111300,"NEAR BAY"
40,494,114,547,135,2.8015,114800,"NEAR BAY"
50,1776,473,1807,440,1.7276,102300,"NEAR BAY"
44,1678,514,1700,495,2.0801,131900,"NEAR BAY"
51,1637,463,1543,393,2.489,119100,"NEAR BAY"
52,1420,314,1085,300,1.7546,80600,"NEAR BAY"
52,591,173,353,137,4.0904,80600,"NEAR BAY"
52,745,153,473,149,2.6765,88800,"NEAR BAY"
49,2272,498,1621,483,2.4338,102400,"NEAR BAY"
46,1234,375,1183,354,2.3309,98700,"NEAR BAY"
43,1017,328,836,277,2.2604,1e+05,"NEAR BAY"
42,932,254,900,263,1.8039,92300,"NEAR BAY"
39,2689,597,1888,537,2.2562,94800,"NEAR BAY"
41,1547,415,1024,341,2.0562,102000,"NEAR BAY"
52,2300,443,1225,423,3.5398,158400,"NEAR BAY"
39,1752,399,1071,376,3.1167,121600,"NEAR BAY"
50,1867,403,1128,378,2.5401,129100,"NEAR BAY"
43,2430,502,1537,484,2.898,121400,"NEAR BAY"
44,1729,414,1240,393,2.3125,102800,"NEAR BAY"
52,1026,180,469,168,2.875,160000,"NEAR BAY"
52,2170,428,1086,425,3.3715,143900,"NEAR BAY"
52,2329,445,1144,417,3.5114,151200,"NEAR BAY"
52,2492,415,1109,375,4.3125,164400,"NEAR BAY"
52,2198,397,984,369,3.22,156500,"NEAR BAY"
33,142,31,575,47,3.875,225000,"NEAR BAY"
49,1183,205,496,209,5.2328,174200,"NEAR BAY"
52,1070,193,555,190,3.7262,166900,"NEAR BAY"
45,1766,332,869,327,4.5893,163500,"NEAR BAY"
39,617,95,236,106,5.2578,253000,"NEAR BAY"
41,1411,233,626,214,7.0875,240700,"NEAR BAY"
46,2109,387,922,329,3.9712,208100,"NEAR BAY"
47,1229,243,582,256,2.9514,198100,"NEAR BAY"
50,954,217,546,201,2.6667,172800,"NEAR BAY"
37,1643,262,620,266,5.4446,336700,"NEAR BAY"
34,1355,195,442,195,6.2838,318200,"NEAR BAY"
23,2317,336,955,328,6.7527,285800,"NEAR BAY"
24,2459,317,916,324,7.0712,293000,"NEAR BAY"
22,12842,2048,4985,1967,5.9849,371000,"NEAR BAY"
42,1524,260,651,267,3.6875,157300,"NEAR BAY"
30,3326,746,1704,703,2.875,135300,"NEAR BAY"
43,1985,440,1085,407,3.4205,136700,"NEAR BAY"
50,1642,322,713,284,3.2984,160700,"NEAR BAY"
49,893,177,468,181,3.875,140600,"NEAR BAY"
52,653,128,296,121,4.175,144000,"NEAR BAY"
48,977,194,446,180,4.7708,156300,"NEAR BAY"
45,2324,397,968,384,3.5739,176000,"NEAR BAY"
39,1583,349,857,316,3.0958,145800,"NEAR BAY"
39,1612,342,912,322,3.3958,141900,"NEAR BAY"
31,2424,533,1360,452,1.871,90700,"NEAR BAY"
41,1594,367,1074,355,1.9356,90600,"NEAR BAY"
47,2118,413,965,382,2.1842,107900,"NEAR BAY"
37,1575,358,933,320,2.2917,107000,"NEAR BAY"
38,1764,397,987,354,2.4333,98200,"NEAR BAY"
50,1187,261,907,246,1.9479,89500,"NEAR BAY"
52,754,175,447,165,3.9063,93800,"NEAR BAY"
49,2308,452,1299,451,1.8407,96700,"NEAR BAY"
27,909,236,396,157,2.0786,97500,"NEAR BAY"
42,1180,257,877,268,2.8125,97300,"NEAR BAY"
43,2018,408,1111,367,1.8913,91200,"NEAR BAY"
49,1368,282,790,269,1.7056,91400,"NEAR BAY"
52,2744,547,1479,554,2.2768,96200,"NEAR BAY"
51,2107,471,1173,438,3.2552,120100,"NEAR BAY"
52,1748,362,1029,366,2.0556,1e+05,"NEAR BAY"
52,2024,391,1030,350,2.4659,94700,"NEAR BAY"
47,1116,259,826,279,1.75,85700,"NEAR BAY"
41,2036,510,1412,454,2.0469,89300,"NEAR BAY"
45,1852,393,1132,349,2.7159,101400,"NEAR BAY"
41,921,207,522,159,1.2083,72500,"NEAR BAY"
45,995,238,630,237,1.925,74100,"NEAR BAY"
36,606,132,531,133,1.5809,70000,"NEAR BAY"
37,2680,736,1925,667,1.4097,84600,"NEAR BAY"
38,1493,370,1144,351,0.7683,81800,"NEAR BAY"
19,2207,565,1481,520,1.3194,81400,"NEAR BAY"
28,856,189,435,162,0.8012,81800,"NEAR BAY"
26,1293,297,984,303,1.9479,85800,"NEAR BAY"
36,847,212,567,159,1.1765,87100,"NEAR BAY"
42,541,154,380,123,2.3456,83500,"NEAR BAY"
44,1066,253,825,244,2.1538,79700,"NEAR BAY"
43,707,147,417,155,2.5139,83400,"NEAR BAY"
45,1528,291,801,287,1.2625,84700,"NEAR BAY"
42,909,215,646,198,2.9063,80000,"NEAR BAY"
43,1391,293,855,285,2.5192,76400,"NEAR BAY"
44,548,119,435,136,2.1111,79700,"NEAR BAY"
42,4074,874,2736,780,2.455,82400,"NEAR BAY"
41,1613,445,1481,414,2.4028,97700,"NEAR BAY"
47,463,134,327,137,2.15,97200,"NEAR BAY"
43,818,193,494,179,2.4776,101600,"NEAR BAY"
43,1473,371,1231,341,2.1587,86500,"NEAR BAY"
35,504,126,323,109,1.8438,90500,"NEAR BAY"
46,1026,226,749,225,3.0298,107600,"NEAR BAY"
46,769,183,693,178,2.25,84200,"NEAR BAY"
46,2103,391,1339,354,2.2467,88900,"NEAR BAY"
45,330,76,282,80,4.0469,80700,"NEAR BAY"
46,941,218,621,195,1.325,87100,"NEAR BAY"
45,990,261,901,260,2.1731,82000,"NEAR BAY"
36,1126,263,482,150,1.9167,82800,"NEAR BAY"
43,1036,233,652,213,2.069,84600,"NEAR BAY"
36,1047,214,651,166,1.712,82100,"NEAR BAY"
33,1280,307,999,286,2.5625,89300,"NEAR BAY"
43,1587,320,907,306,1.9821,98300,"NEAR BAY"
41,1257,271,828,230,2.5043,92300,"NEAR BAY"
44,1218,248,763,254,2.3281,88800,"NEAR BAY"
48,1751,390,935,349,1.4375,90000,"NEAR BAY"
45,2299,514,1437,484,2.5122,95500,"NEAR BAY"
38,2457,624,1516,482,1.5625,91700,"NEAR BAY"
47,998,211,597,185,3.1587,100400,"NEAR BAY"
40,1685,343,949,342,1.8426,94800,"NEAR BAY"
46,1827,307,881,302,4.6696,164300,"NEAR BAY"
36,2781,574,1438,519,2.4598,155500,"NEAR BAY"
39,1823,286,763,270,6.0749,196900,"NEAR BAY"
27,2229,365,1297,355,4.8304,279100,"NEAR BAY"
34,1513,231,545,211,5.5701,252800,"NEAR BAY"
26,3266,491,1222,533,5.37,275400,"NEAR BAY"
33,1809,261,808,219,6.86,250000,"NEAR BAY"
28,794,111,329,109,7.6923,329800,"NEAR BAY"
36,690,105,299,109,4.0313,195500,"NEAR BAY"
33,1334,200,579,202,6.8323,255900,"NEAR BAY"
30,414,54,137,50,4.975,311100,"NEAR BAY"
36,768,93,229,93,5.3602,330000,"NEAR BAY"
41,4400,666,1476,648,5,248900,"NEAR BAY"
46,954,161,429,154,2.925,142900,"NEAR BAY"
40,1445,256,849,255,3.8913,126300,"NEAR BAY"
44,1938,399,946,331,3.225,135800,"NEAR BAY"
41,856,178,571,191,3.1458,130600,"NEAR BAY"
24,1790,454,1137,386,2.537,107900,"NEAR BAY"
44,617,131,378,135,2.5568,111100,"NEAR BAY"
43,1383,275,853,272,3.5083,122000,"NEAR BAY"
49,1325,277,764,282,3.3125,118000,"NEAR BAY"
40,1227,294,928,261,1.8235,95200,"NEAR BAY"
35,667,140,406,133,3.8047,94300,"NEAR BAY"
34,1223,281,824,280,2.2917,92500,"NEAR BAY"
37,1379,287,835,259,2.4962,91800,"NEAR BAY"
43,1534,300,826,295,4.0417,109400,"NEAR BAY"
46,1029,181,567,211,3.4844,129500,"NEAR BAY"
52,771,147,355,144,4.1458,143400,"NEAR BAY"
47,824,223,533,166,2.625,98200,"NEAR BAY"
44,1097,239,609,215,2.0227,103100,"NEAR BAY"
49,1283,238,576,236,3.3333,276800,"NEAR BAY"
52,1604,263,594,286,5.338,270900,"NEAR BAY"
52,2248,422,870,377,3.4732,246200,"NEAR BAY"
38,2263,522,1027,509,3.5125,224200,"NEAR BAY"
52,1571,349,693,326,3.1375,229100,"NEAR BAY"
46,1520,402,815,375,2.8036,211600,"NEAR BAY"
15,5083,1212,2420,1146,4.5824,256100,"NEAR BAY"
36,1077,293,518,276,3.0208,206300,"NEAR BAY"
52,1248,283,620,275,4.0875,221300,"NEAR BAY"
42,1342,291,551,266,4.5268,207400,"NEAR BAY"
37,3061,930,2556,924,1.7375,350000,"NEAR BAY"
52,3171,698,1498,696,3.1795,218200,"NEAR BAY"
50,1211,261,523,227,3.8672,216700,"NEAR BAY"
52,979,175,374,153,5.1675,270600,"NEAR BAY"
52,2269,380,1004,371,5.1696,261400,"NEAR BAY"
52,1844,332,769,334,4.2614,261300,"NEAR BAY"
52,2178,421,940,423,5.0551,232200,"NEAR BAY"
42,1650,274,645,256,5.6228,375400,"NEAR BAY"
52,1927,279,705,288,7.8864,357300,"NEAR BAY"
52,2079,273,684,275,7.9556,374400,"NEAR BAY"
52,1803,240,572,236,6.174,358800,"NEAR BAY"
52,2041,270,671,253,6.9414,417500,"NEAR BAY"
52,3046,373,975,365,8.8342,430500,"NEAR BAY"
52,2318,328,779,312,7.1754,362900,"NEAR BAY"
52,2003,250,658,244,10.0825,397000,"NEAR BAY"
52,2261,328,819,335,4.9083,346800,"NEAR BAY"
52,1225,169,412,168,5.7912,327100,"NEAR BAY"
52,2315,408,835,369,4.5893,290100,"NEAR BAY"
52,2070,329,722,306,5.4171,292000,"NEAR BAY"
52,2616,473,1085,487,4.125,270900,"NEAR BAY"
52,2640,366,973,355,7.266,371100,"NEAR BAY"
52,1978,293,723,272,5.3989,335600,"NEAR BAY"
37,2220,335,903,362,7.8336,371300,"NEAR BAY"
41,1125,195,356,181,6.1593,344000,"NEAR BAY"
52,3078,494,1005,462,6.381,342200,"NEAR BAY"
52,3706,531,1205,504,6.6828,370900,"NEAR BAY"
37,3000,457,987,450,7.5385,350000,"NEAR BAY"
42,2863,460,1031,448,6.7138,368600,"NEAR BAY"
52,2551,417,894,404,6.2425,391800,"NEAR BAY"
52,2255,410,823,377,5.7979,415300,"NEAR BAY"
52,3360,648,1232,621,4.2813,284900,"NEAR BAY"
52,1693,391,669,367,3.5417,287500,"NEAR BAY"
44,2252,592,989,550,3.0132,272900,"NEAR BAY"
52,2495,491,1058,464,4.1429,259600,"NEAR BAY"
52,1193,200,506,207,4.1912,254500,"NEAR BAY"
52,1172,215,489,218,3.9167,235600,"NEAR BAY"
52,2159,424,824,388,3.8897,218400,"NEAR BAY"
48,2365,490,1034,475,3.1065,229200,"NEAR BAY"
46,1895,442,920,425,2.9926,192100,"NEAR BAY"
52,1650,395,841,380,3.556,179300,"NEAR BAY"
45,453,146,749,137,1.475,187500,"NEAR BAY"
52,409,97,208,98,1.6971,138800,"NEAR BAY"
10,503,118,228,100,2.1705,150000,"NEAR BAY"
50,499,127,287,128,2.75,140600,"NEAR BAY"
52,477,119,218,106,2.5682,120000,"NEAR BAY"
46,1647,376,854,355,2.9,144800,"NEAR BAY"
52,3123,749,1695,684,2.2208,144800,"NEAR BAY"
52,957,188,403,172,3.2344,245500,"NEAR BAY"
52,589,132,288,131,3.5156,2e+05,"NEAR BAY"
49,2026,548,963,521,1.9805,173700,"NEAR BAY"
50,1829,536,1129,516,2.6684,185600,"NEAR BAY"
52,895,198,386,204,3.875,182600,"NEAR BAY"
52,1909,416,811,406,3.006,227900,"NEAR BAY"
46,3022,696,1293,675,2.543,220700,"NEAR BAY"
46,1777,446,805,431,2.8676,212000,"NEAR BAY"
52,2803,930,1372,876,2.1907,271400,"NEAR BAY"
30,1465,439,862,425,1.7778,268800,"NEAR BAY"
37,2619,682,1152,616,2.52,277800,"NEAR BAY"
52,1149,255,483,249,4.2788,332500,"NEAR BAY"
52,2363,604,1558,573,2.944,338900,"NEAR BAY"
52,2604,837,1798,769,1.725,287500,"NEAR BAY"
41,685,141,266,123,5.2289,384600,"NEAR BAY"
42,1756,465,2184,422,2.5562,371400,"NEAR BAY"
52,1204,460,2016,477,0.949,350000,"NEAR BAY"
52,609,236,1349,250,1.1696,500001,"NEAR BAY"
52,1087,371,3337,350,1.4012,175000,"NEAR BAY"
52,2773,998,1721,949,1.1859,241700,"NEAR BAY"
35,3218,1108,1675,1000,1.7464,216700,"NEAR BAY"
49,1350,368,707,350,2.8846,211300,"NEAR BAY"
52,3084,698,1424,694,2.7372,210200,"NEAR BAY"
52,938,195,393,189,3.8594,196400,"NEAR BAY"
52,1813,353,828,339,3.5625,191700,"NEAR BAY"
52,1233,300,571,292,2.2788,182300,"NEAR BAY"
44,2539,755,1382,713,2.537,175000,"NEAR BAY"
46,1267,324,792,321,2.525,165900,"NEAR BAY"
52,1665,404,815,372,1.9946,156900,"NEAR BAY"
52,1659,367,788,346,2.8214,164300,"NEAR BAY"
52,2225,460,1145,430,2.6165,150000,"NEAR BAY"
50,2485,607,1354,563,1.9483,150500,"NEAR BAY"
52,2031,450,958,445,1.9327,169900,"NEAR BAY"
49,2932,668,1361,608,1.9798,147400,"NEAR BAY"
52,2246,472,1005,449,2.4167,152700,"NEAR BAY"
49,2052,435,924,414,2.5417,182700,"NEAR BAY"
52,1999,417,780,358,3.3906,179300,"NEAR BAY"
52,3007,691,1582,636,2.5652,157700,"NEAR BAY"
41,2214,550,1213,568,2.2845,153100,"NEAR BAY"
52,1088,305,486,267,2.6071,250000,"NEAR BAY"
52,834,186,494,175,3.15,206300,"NEAR BAY"
52,1769,372,849,365,2.6914,218800,"NEAR BAY"
52,2307,583,1127,548,1.8447,198200,"NEAR BAY"
35,5161,1744,3276,1742,1.6307,253600,"NEAR BAY"
52,3497,832,1493,794,2.9044,257400,"NEAR BAY"
52,3774,744,1461,679,2.9405,289500,"NEAR BAY"
52,2888,604,1253,538,3.3893,241700,"NEAR BAY"
48,2153,517,1656,459,3.0417,489600,"NEAR BAY"
52,1389,191,514,202,7.0897,446200,"NEAR BAY"
52,1709,318,719,295,5.0463,456300,"NEAR BAY"
52,1587,444,878,449,1.7652,336800,"NEAR BAY"
52,1668,225,517,214,7.8521,500001,"NEAR BAY"
52,3726,474,1366,496,9.3959,500001,"NEAR BAY"
52,4048,663,1316,590,5.3794,376900,"NEAR BAY"
52,3618,768,1508,755,3.2619,309600,"NEAR BAY"
52,4076,920,1800,815,2.7054,182300,"NEAR BAY"
47,2077,400,719,326,2.2431,172700,"NEAR BAY"
50,1279,300,675,255,1.9028,150800,"NEAR BAY"
52,1974,426,875,363,1.5817,153600,"NEAR BAY"
52,335,83,152,77,2.2841,106300,"NEAR BAY"
47,1375,307,843,319,1.3785,142300,"NEAR BAY"
52,610,145,281,132,2.9018,119400,"NEAR BAY"
44,1025,198,506,204,1.73,147900,"NEAR BAY"
48,2063,484,1054,466,2.2625,132900,"NEAR BAY"
35,1872,419,1017,414,2.2106,132500,"NEAR BAY"
52,3108,813,1623,765,2.6997,126900,"NEAR BAY"
14,7355,2408,3100,2051,4.0018,143800,"NEAR BAY"
52,2990,379,947,361,7.8772,500001,"NEAR BAY"
39,2492,310,808,315,11.8603,500001,"NEAR BAY"
42,2991,335,1018,335,13.499,500001,"NEAR BAY"
52,3242,366,1001,352,12.2138,500001,"NEAR BAY"
52,3051,381,1005,369,8.1872,466100,"NEAR BAY"
52,3494,396,1192,383,12.3804,500001,"NEAR BAY"
52,1757,246,585,227,5.8948,457800,"NEAR BAY"
52,2449,312,916,316,8.1194,471600,"NEAR BAY"
52,1611,203,556,179,8.7477,500001,"NEAR BAY"
52,3665,517,1470,520,6.155,398600,"NEAR BAY"
52,2474,403,1104,398,5.883,340700,"NEAR BAY"
52,3037,516,1242,518,5.2128,289900,"NEAR BAY"
52,2269,323,805,321,4.7188,335300,"NEAR BAY"
52,1316,177,378,162,5.2915,333000,"NEAR BAY"
52,1153,235,481,223,2.6411,241000,"NEAR BAY"
52,772,179,409,160,3.3214,189600,"NEAR BAY"
52,1711,386,885,373,3.6417,206300,"NEAR BAY"
52,2650,566,1468,567,3.0161,215700,"NEAR BAY"
52,1038,220,482,215,3.1771,210200,"NEAR BAY"
52,1527,320,825,264,3.4531,208800,"NEAR BAY"
52,859,157,429,158,4.3098,197900,"NEAR BAY"
52,970,217,528,208,3.3438,201300,"NEAR BAY"
52,1045,239,496,216,2.9213,190800,"NEAR BAY"
52,1408,280,718,265,2.6806,207900,"NEAR BAY"
52,1222,264,630,265,3.7708,215300,"NEAR BAY"
45,1169,263,723,286,3.9444,212900,"NEAR BAY"
13,2020,535,959,486,5.2601,292700,"NEAR BAY"
30,4145,869,3668,855,2.5444,275000,"NEAR BAY"
42,2038,368,2037,355,2.6447,2e+05,"NEAR BAY"
42,1241,309,821,300,1.9427,102200,"NEAR BAY"
52,1468,363,870,347,2.9688,220800,"NEAR BAY"
27,3997,1073,1901,966,3.75,242800,"NEAR BAY"
18,2873,763,1243,663,5.1702,265400,"NEAR BAY"
50,1487,306,730,327,2.5139,219000,"NEAR BAY"
52,1670,350,793,299,2.9732,282100,"NEAR BAY"
52,2252,388,1033,434,5.5337,372000,"NEAR BAY"
52,1731,377,872,363,4.1667,225800,"NEAR BAY"
52,1710,481,849,457,2.7115,220800,"NEAR BAY"
52,2388,559,1121,518,3.3269,234500,"NEAR BAY"
52,2156,458,872,445,3.2685,254200,"NEAR BAY"
52,1565,315,637,297,4.7778,351800,"NEAR BAY"
52,1704,371,663,340,4.226,275000,"NEAR BAY"
52,1210,168,411,172,3.3571,405400,"NEAR BAY"
52,2097,444,915,413,2.9899,228100,"NEAR BAY"
52,1848,479,921,477,2.875,234000,"NEAR BAY"
43,955,284,585,266,2.3882,162500,"NEAR BAY"
43,4329,1110,2086,1053,2.975,243400,"NEAR BAY"
52,3011,542,1303,535,5.1039,273800,"NEAR BAY"
52,1049,185,374,176,4.1458,248500,"NEAR BAY"
52,2504,516,979,472,3.4762,244000,"NEAR BAY"
52,1846,471,827,446,2.6833,240900,"NEAR BAY"
52,1705,246,658,253,5.75,306300,"NEAR BAY"
50,1542,289,654,268,3.9632,240000,"NEAR BAY"
27,4051,753,1499,797,4.8711,286600,"NEAR BAY"
52,2646,581,1128,522,3.0718,266700,"NEAR BAY"
49,2428,525,1110,492,3.6719,229800,"NEAR BAY"
52,2567,436,1119,415,4.6094,229300,"NEAR BAY"
21,7031,1249,2930,1235,4.5213,228400,"NEAR BAY"
25,1914,365,897,390,4.4562,206200,"NEAR BAY"
5,18634,2885,7427,2718,7.611,350700,"NEAR BAY"
31,5785,1379,2973,1312,3.2689,231000,"NEAR BAY"
52,2876,648,1340,632,3.567,252900,"NEAR BAY"
28,6909,1554,2974,1484,3.6875,353900,"NEAR BAY"
23,5679,1270,2690,1151,4.7695,291700,"NEAR BAY"
20,1156,365,583,326,3.1972,1e+05,"NEAR BAY"
12,14316,2045,5781,2007,7.2634,341600,"NEAR BAY"
5,3596,467,1738,512,7.0568,412500,"NEAR BAY"
36,3541,570,1478,529,4.635,248600,"NEAR BAY"
40,1808,302,746,270,5.3015,254900,"NEAR BAY"
36,2879,480,1235,455,4.9801,241500,"NEAR BAY"
26,3204,477,1411,484,5.4834,295200,"NEAR BAY"
31,3866,531,1368,521,6.187,340400,"NEAR BAY"
32,2476,368,1048,367,5.6194,274700,"NEAR BAY"
35,2211,350,1004,365,5.4639,238600,"NEAR BAY"
35,2663,387,1086,367,5.1498,266400,"NEAR BAY"
30,2599,366,922,350,5.8382,330200,"NEAR BAY"
36,4569,824,1950,819,4.65,206800,"NEAR BAY"
25,2973,622,1413,595,4.3819,209200,"NEAR BAY"
30,3115,625,1444,568,3.7222,195800,"NEAR BAY"
31,1843,282,749,269,5.2855,253500,"NEAR BAY"
31,2053,336,867,329,4.3375,241800,"NEAR BAY"
27,6740,1073,2723,1035,5.2131,252500,"NEAR BAY"
30,1751,269,731,263,6.005,263900,"NEAR BAY"
38,1663,295,781,301,5.0519,227000,"NEAR BAY"
38,3716,657,1784,652,4.8237,220900,"NEAR BAY"
32,2718,447,1156,410,5.2497,259300,"NEAR BAY"
39,1420,272,645,277,4.125,232500,"NEAR BAY"
37,1893,310,821,315,4.6005,231600,"NEAR BAY"
33,3906,790,1912,770,3.5187,209400,"NEAR BAY"
32,3400,736,1487,694,3,223200,"NEAR BAY"
25,3402,758,1645,710,3.4934,209900,"NEAR BAY"
33,4413,1107,2239,1051,2.9861,208200,"NEAR BAY"
29,2304,618,1021,552,2.5362,203800,"NEAR BAY"
36,2350,499,1105,467,3.3021,195700,"NEAR BAY"
31,5914,1309,2999,1295,3.0964,190500,"NEAR BAY"
43,1575,324,740,284,2.8512,181000,"NEAR BAY"
42,1414,274,629,244,3.3478,184900,"NEAR BAY"
37,848,202,314,205,2.3958,190800,"NEAR BAY"
15,3051,685,1479,668,3.5295,242200,"NEAR BAY"
20,4296,817,1732,800,4.8036,188300,"NEAR BAY"
52,2898,557,1338,550,3.851,183500,"NEAR BAY"
52,1071,201,440,192,4.0662,204200,"NEAR BAY"
51,2619,403,922,393,4.6042,251900,"NEAR BAY"
49,1494,316,611,288,2.2,187500,"NEAR BAY"
52,2260,416,994,412,4.1164,198200,"NEAR BAY"
52,1394,223,545,230,3.95,219000,"NEAR BAY"
52,1028,129,317,143,4.9135,275000,"NEAR BAY"
45,3758,819,1573,736,2.8355,245400,"NEAR BAY"
46,2163,470,925,435,3.25,177500,"NEAR BAY"
49,1699,408,768,385,2.8301,171600,"NEAR BAY"
52,1555,289,620,292,3.7159,183300,"NEAR BAY"
52,1114,206,425,207,2.5625,175000,"NEAR BAY"
45,1498,313,1003,305,3.8047,156700,"NEAR BAY"
45,726,147,519,135,3.375,157500,"NEAR BAY"
38,890,200,481,198,3.244,179800,"NEAR BAY"
36,2639,533,1209,519,4.0268,205500,"NEAR BAY"
35,2562,554,1398,525,3.3906,178900,"NEAR BAY"
36,361,69,158,58,5.5461,262500,"NEAR BAY"
42,3008,659,1817,664,3.371,165000,"NEAR BAY"
46,1369,284,766,289,3.5313,159700,"NEAR BAY"
5,1692,398,814,328,3.663,158300,"NEAR BAY"
38,1007,245,618,239,2.875,144800,"NEAR BAY"
43,3783,814,2139,789,4.0202,166300,"NEAR BAY"
37,1507,242,632,253,4.5553,191000,"NEAR BAY"
36,666,132,366,134,3.4643,175000,"NEAR BAY"
10,2229,601,877,485,3.3431,137500,"NEAR BAY"
28,2215,587,830,573,2.1898,141700,"NEAR BAY"
31,1616,372,739,379,2.9097,210900,"NEAR BAY"
47,1190,251,540,266,3.375,198300,"NEAR BAY"
29,4169,1047,2024,962,2.8125,157400,"NEAR BAY"
52,2024,320,823,334,5,264700,"NEAR BAY"
38,1723,394,711,353,3.0673,218400,"NEAR BAY"
43,2264,390,931,368,3.8125,235100,"NEAR BAY"
33,1996,268,686,270,6.9096,341800,"NEAR BAY"
26,2862,394,1030,397,7.912,367300,"NEAR BAY"
35,2183,383,976,392,3.8393,243500,"NEAR BAY"
35,1037,207,552,210,4,167900,"NEAR BAY"
25,1134,153,340,171,6.5095,371200,"NEAR BAY"
39,786,132,288,132,3.5156,218900,"NEAR BAY"
45,1397,253,555,248,2.983,202700,"NEAR BAY"
45,2315,451,1006,444,3.524,186200,"NEAR BAY"
44,1613,339,776,346,3.1103,188900,"NEAR BAY"
44,1421,298,609,270,3.5781,180000,"NEAR BAY"
18,5778,1526,2441,1352,3.1682,202700,"NEAR BAY"
27,3094,866,1364,789,2.6101,181700,"NEAR BAY"
18,3905,1007,2197,1044,3.6932,166800,"NEAR BAY"
43,3046,557,1333,544,3.4583,183700,"NEAR BAY"
19,3516,710,1810,703,3.9032,218000,"NEAR BAY"
36,998,178,531,183,4.0208,191500,"NEAR BAY"
36,1464,244,672,261,3.5547,194700,"NEAR BAY"
17,1463,292,695,330,4.5859,187200,"NEAR BAY"
21,4124,1054,2162,998,2.6321,223100,"NEAR BAY"
17,2380,769,1216,643,3.395,271300,"NEAR BAY"
36,1266,228,606,239,3.9702,194100,"NEAR BAY"
36,2239,391,1203,379,5.0043,190400,"NEAR BAY"
38,1571,317,874,301,4.4659,189100,"NEAR BAY"
38,1246,221,637,222,3.6625,184600,"NEAR BAY"
36,1501,287,703,276,3.8864,197300,"NEAR BAY"
36,1468,252,733,229,3.4583,192600,"NEAR BAY"
36,1118,219,625,228,3.7813,192200,"NEAR BAY"
36,1097,208,568,225,2.9917,194600,"NEAR BAY"
36,1719,303,836,311,4.4375,193500,"NEAR BAY"
24,1755,365,952,362,4,202600,"NEAR BAY"
16,1687,348,568,352,2.3869,83300,"NEAR BAY"
24,2262,391,1125,366,4.7609,212600,"NEAR BAY"
5,2087,407,840,401,5.4858,187800,"NEAR BAY"
36,1480,278,796,283,4.3971,205700,"NEAR BAY"
36,1545,273,863,267,4.0109,192900,"NEAR BAY"
35,2632,447,1349,486,4.3864,205200,"NEAR BAY"
30,2261,443,929,383,4.2841,213400,"NEAR BAY"
39,1670,308,957,335,5.1312,183600,"NEAR BAY"
37,2141,535,1093,555,2.9958,178400,"NEAR BAY"
27,3337,613,1489,607,3.6364,219200,"NEAR BAY"
31,3184,716,1561,628,2.7955,183100,"NEAR BAY"
44,2341,500,1256,485,2.9507,157100,"NEAR BAY"
30,1197,269,695,279,3.4375,157800,"NEAR BAY"
34,1131,278,560,237,2.875,161700,"NEAR BAY"
38,1164,284,632,289,3.0345,152100,"NEAR BAY"
41,3495,787,1849,750,2.679,144900,"NEAR BAY"
17,2488,617,1287,538,2.9922,179900,"NEAR BAY"
35,2681,508,1580,536,4.1042,179100,"NEAR BAY"
19,2495,635,1571,579,2.5833,159900,"NEAR BAY"
23,1689,461,828,443,2.1552,161400,"NEAR BAY"
29,1298,306,835,338,2.3274,170400,"NEAR BAY"
19,2693,789,1765,724,2.4206,137500,"NEAR BAY"
37,2444,651,1562,618,2.6464,155200,"NEAR BAY"
42,1472,310,768,309,3.4643,160900,"NEAR BAY"
10,2227,560,1140,472,2.3973,167300,"NEAR BAY"
20,200,25,83,31,6.5,340000,"NEAR BAY"
32,1283,194,485,171,6.0574,431000,"<1H OCEAN"
6,2445,590,1189,573,3.8958,301100,"NEAR BAY"
21,1307,236,586,249,4.7813,241900,"NEAR BAY"
5,3785,936,2240,792,3.2829,162500,"NEAR BAY"
10,2031,357,867,352,5.3169,299200,"NEAR BAY"
10,8299,1326,3827,1288,6.2579,315500,"NEAR BAY"
23,7518,1279,3827,1294,5.1701,216800,"NEAR BAY"
36,1815,426,1280,431,3.25,218100,"NEAR BAY"
30,5367,1207,2667,1047,3.1796,170300,"NEAR BAY"
26,1167,370,253,137,2.4196,275000,"NEAR BAY"
26,2607,682,1401,607,2.6563,184100,"NEAR BAY"
29,493,168,233,152,0.9637,160000,"NEAR BAY"
48,1252,305,673,308,2.3357,175000,"NEAR BAY"
41,1382,353,704,314,3.5114,197500,"NEAR BAY"
43,500,110,273,120,3.3125,150000,"NEAR BAY"
29,2333,538,1120,540,2.4042,205600,"NEAR BAY"
41,1834,463,1105,467,2.8322,170300,"NEAR BAY"
43,1415,348,569,293,2.5156,190900,"NEAR BAY"
37,1352,342,691,324,3.4032,196900,"NEAR BAY"
37,2116,503,1109,448,2.535,174000,"NEAR BAY"
37,1976,481,1197,465,2.5772,170200,"NEAR BAY"
38,1779,413,1061,400,3.0962,180900,"NEAR BAY"
34,3659,897,2479,903,2.9564,150500,"NEAR BAY"
31,1892,428,1162,389,3.125,167100,"NEAR BAY"
35,1958,484,1146,448,2.95,148900,"NEAR BAY"
40,1553,253,724,267,4.38,196400,"NEAR BAY"
37,2412,394,975,375,4.0417,191100,"NEAR BAY"
36,2110,389,952,370,3.8,187500,"NEAR BAY"
45,2179,401,1159,399,3.4839,180600,"NEAR BAY"
45,2457,445,1129,422,4.0588,182800,"NEAR BAY"
44,2147,399,1175,401,4.1974,179300,"NEAR BAY"
43,1676,340,924,328,3.6,179400,"NEAR BAY"
35,2976,518,1424,538,4.267,210300,"NEAR BAY"
34,3036,533,1366,500,4.2386,192300,"NEAR BAY"
35,2472,398,1171,390,5.5797,198100,"NEAR BAY"
36,1487,249,641,243,4.0682,196200,"NEAR BAY"
38,2012,347,880,332,3.1734,181600,"NEAR BAY"
37,3156,534,1495,543,4.8125,188300,"NEAR BAY"
40,1748,318,914,317,3.8676,184000,"NEAR BAY"
33,3429,681,1798,694,3.9395,184700,"NEAR BAY"
42,3592,703,1625,665,3.2434,179900,"NEAR BAY"
38,1035,247,599,224,3.0917,167200,"NEAR BAY"
32,3028,811,2037,703,3.0645,165400,"NEAR BAY"
33,2431,655,1854,603,2.7019,154000,"NEAR BAY"
39,2069,500,1408,478,3.1115,153500,"NEAR BAY"
40,1340,313,766,271,3.4722,135400,"NEAR BAY"
39,1160,259,725,274,2.2222,158300,"NEAR BAY"
32,2015,318,1019,340,6.1104,240700,"NEAR BAY"
22,3882,816,1830,743,4.2733,180700,"NEAR BAY"
27,3239,671,1469,616,3.2465,230600,"NEAR BAY"
28,2932,739,1198,624,3.2417,210800,"NEAR BAY"
38,2104,409,1039,394,3.875,165300,"NEAR BAY"
29,1694,251,690,242,6.0501,254200,"NEAR BAY"
18,3000,419,1155,415,6.8233,332600,"NEAR BAY"
23,2419,348,1066,384,6.3501,350000,"NEAR BAY"
28,2280,610,1255,587,2.6719,161200,"NEAR BAY"
21,5031,1168,2461,1042,3.875,179300,"NEAR BAY"
33,1547,372,1063,356,2.5625,154300,"NEAR BAY"
31,3300,790,2181,740,3.016,161800,"NEAR BAY"
17,5018,1439,3069,1299,2.7694,161900,"NEAR BAY"
35,1813,393,1093,374,3.6818,165400,"NEAR BAY"
37,1997,436,1349,437,2.1382,166600,"NEAR BAY"
37,901,191,599,206,3.7303,149700,"NEAR BAY"
35,686,142,480,149,3.875,162100,"NEAR BAY"
33,1954,464,1293,448,3.0489,152600,"NEAR BAY"
27,2630,722,1414,634,2.8203,195200,"NEAR BAY"
35,1130,192,543,184,4.3897,190600,"NEAR BAY"
35,1184,200,572,194,4.7143,193800,"NEAR BAY"
34,656,115,342,112,4.6875,200600,"NEAR BAY"
29,2544,643,2332,603,3.2091,150000,"NEAR BAY"
36,1305,225,768,234,4.275,185300,"NEAR BAY"
36,1755,316,913,299,4.1302,172700,"NEAR BAY"
35,2843,652,1726,643,3.09,174100,"NEAR BAY"
25,2538,494,1185,501,4.5417,194400,"NEAR BAY"
28,1784,311,735,278,4.6635,206700,"NEAR BAY"
31,1797,327,796,319,4.4427,204500,"NEAR BAY"
36,410,76,252,82,4.5303,175000,"NEAR BAY"
26,162,27,86,25,2.375,137500,"NEAR BAY"
18,9963,2031,5613,1946,3.8171,187200,"NEAR BAY"
35,2361,458,1727,467,4.5281,173600,"NEAR BAY"
19,862,167,407,183,4.3456,163000,"NEAR BAY"
18,4335,808,2041,734,3.4861,331600,"NEAR BAY"
31,1487,280,854,301,5.2312,197600,"NEAR BAY"
8,3592,849,1907,746,3.6708,197900,"NEAR BAY"
40,432,102,264,77,3.8875,228100,"NEAR BAY"
34,1457,242,735,249,3.9167,189500,"NEAR BAY"
32,1578,284,836,292,3.9063,184200,"NEAR BAY"
29,2172,435,1377,408,3.7895,180900,"NEAR BAY"
36,1340,245,789,248,3.8,172000,"NEAR BAY"
36,1116,199,662,226,5.7309,177900,"NEAR BAY"
36,1885,307,853,271,4.1141,173100,"NEAR BAY"
36,1180,212,664,200,5.2838,172600,"NEAR BAY"
30,5267,1253,4065,1113,3.3479,182100,"NEAR BAY"
23,1897,440,1109,418,3.142,179500,"NEAR BAY"
31,767,171,548,185,3.7614,176000,"NEAR BAY"
33,691,127,431,149,4.25,192600,"NEAR BAY"
36,786,133,463,160,3.9338,182700,"NEAR BAY"
22,5861,1516,5436,1463,2.5158,134900,"NEAR BAY"
27,2784,723,2028,693,2.4808,157600,"NEAR BAY"
25,4524,860,2426,862,4.7083,190900,"NEAR BAY"
37,1468,304,1038,282,4.1652,158200,"NEAR BAY"
20,1655,450,857,430,3.5541,350000,"NEAR BAY"
33,1227,286,848,291,3.8036,158200,"NEAR BAY"
33,1160,252,729,220,3.8259,146100,"NEAR BAY"
33,952,172,369,159,3.2331,226700,"NEAR BAY"
35,2072,352,1001,350,4.7109,198700,"NEAR BAY"
32,2964,547,1472,527,4.2468,221200,"NEAR BAY"
35,1032,173,453,176,6.396,208500,"NEAR BAY"
35,657,118,328,134,3.8125,204200,"NEAR BAY"
32,1540,324,793,302,3.2857,193200,"NEAR BAY"
35,1298,236,632,204,3.8929,209500,"NEAR BAY"
36,1409,271,1002,281,3.7262,164900,"NEAR BAY"
37,1383,259,808,241,4.0125,161400,"NEAR BAY"
36,1151,216,727,215,4.1719,187000,"NEAR BAY"
35,899,179,455,185,4.2857,190400,"NEAR BAY"
37,1793,364,1534,346,3.6458,156600,"NEAR BAY"
17,2485,518,1139,550,2.6875,157300,"NEAR BAY"
35,1931,376,1175,337,3.7292,168100,"NEAR BAY"
24,2329,465,1401,453,4.5913,177600,"NEAR BAY"
12,6711,1374,3388,1289,3.8625,208900,"NEAR BAY"
23,1939,356,841,364,3.3611,169200,"NEAR BAY"
16,1642,346,705,351,2.8971,163900,"NEAR BAY"
34,1619,293,1148,310,4.0326,164700,"NEAR BAY"
35,517,108,391,107,4.0682,156900,"NEAR BAY"
36,1570,274,992,249,5.3644,168800,"NEAR BAY"
35,1213,221,790,243,4.7019,174100,"NEAR BAY"
27,1826,309,1016,313,5.64,206500,"NEAR BAY"
26,2261,443,1039,395,3.7931,203900,"NEAR BAY"
9,3666,711,2341,703,4.6458,217000,"<1H OCEAN"
36,1633,345,1382,338,3.694,159600,"NEAR BAY"
31,2155,522,1858,437,2.652,159800,"NEAR BAY"
32,1295,280,1156,300,3.5,154300,"NEAR BAY"
32,1295,295,1097,328,3.2386,149600,"NEAR BAY"
33,1518,302,831,268,5.097,188600,"NEAR BAY"
17,3314,638,1873,602,4.3875,238500,"NEAR BAY"
22,3009,497,1640,514,4.625,235300,"NEAR BAY"
6,2605,474,1568,433,5.0406,261400,"NEAR BAY"
17,5159,832,3174,817,5.8704,234400,"NEAR BAY"
18,1726,276,1186,310,5.3226,231700,"NEAR BAY"
16,1816,365,1367,355,4.235,156300,"NEAR BAY"
13,2578,551,1680,528,4.825,222000,"NEAR BAY"
15,2576,418,1657,410,5.5218,254400,"NEAR BAY"
16,1644,251,1033,267,6.5116,244300,"NEAR BAY"
16,1606,240,1117,268,6.0661,247000,"NEAR BAY"
16,3349,544,2003,488,6.0074,236500,"NEAR BAY"
15,3475,686,2568,653,4.6211,151400,"NEAR BAY"
16,1893,338,1461,344,5.225,213700,"NEAR BAY"
14,1727,302,1116,273,5.3428,243600,"NEAR BAY"
15,6243,1273,3163,1274,3.7462,212500,"NEAR BAY"
24,2077,383,1488,389,4.5721,214700,"NEAR BAY"
18,1165,333,855,319,3.6923,213200,"NEAR BAY"
16,4371,889,2530,817,4.6786,256000,"NEAR BAY"
2,838,295,240,149,2.875,237500,"NEAR BAY"
15,3052,760,2097,728,3.3617,178100,"NEAR BAY"
17,4313,717,2629,721,5.7579,231800,"NEAR BAY"
36,385,94,295,92,2.9706,147900,"NEAR BAY"
10,3046,678,2056,628,3.9022,191700,"NEAR BAY"
21,4342,783,2172,789,4.6146,247600,"<1H OCEAN"
15,3575,597,1777,559,5.7192,283500,"<1H OCEAN"
20,4126,1031,2079,975,3.6832,216900,"<1H OCEAN"
31,2878,478,1276,485,6.2073,282500,"<1H OCEAN"
6,4405,717,2071,688,5.8151,295600,"<1H OCEAN"
14,16199,2993,8117,2847,5.8322,281800,"NEAR BAY"
14,14917,2708,8012,2606,5.6277,269800,"NEAR BAY"
12,5719,1064,3436,1057,5.2879,231200,"NEAR BAY"
8,8647,1407,5019,1379,6.5615,318300,"NEAR BAY"
15,8112,1376,4576,1348,5.6758,253400,"NEAR BAY"
7,10648,1818,6075,1797,6.1047,278200,"NEAR BAY"
5,1150,311,648,245,3.5714,3e+05,"<1H OCEAN"
3,14014,2861,7205,2753,6.0824,273500,"NEAR BAY"
23,4332,857,2461,829,4.3594,223400,"NEAR BAY"
35,1716,312,914,316,5.5737,214500,"NEAR BAY"
31,4981,964,2841,924,4.8962,220200,"NEAR BAY"
24,8444,1492,4446,1491,4.6978,240300,"NEAR BAY"
6,3028,778,1531,736,4.4259,158000,"NEAR BAY"
26,2068,532,1434,495,3.3008,224200,"NEAR BAY"
33,1325,274,909,267,4.5687,177200,"NEAR BAY"
24,2563,485,1174,501,3.8179,216100,"NEAR BAY"
18,5505,1005,2641,971,5,269700,"<1H OCEAN"
20,6462,1294,3288,1235,4.3393,231200,"<1H OCEAN"
4,3746,993,1606,838,4.1387,162500,"<1H OCEAN"
13,8918,1823,4518,1772,4.8052,254000,"<1H OCEAN"
31,1949,344,986,322,4.6349,196200,"<1H OCEAN"
17,4924,1247,3080,1182,3.168,189400,"<1H OCEAN"
17,5133,1375,3386,1339,3.1326,220800,"<1H OCEAN"
16,6647,2098,4649,1903,2.9074,213800,"<1H OCEAN"
15,5674,748,2412,714,8.3996,442900,"<1H OCEAN"
21,10687,1540,4552,1520,6.6478,333400,"<1H OCEAN"
25,1354,192,596,220,6.629,352400,"<1H OCEAN"
27,3715,526,1631,538,6.2179,305300,"<1H OCEAN"
33,2095,342,941,304,5.761,259600,"<1H OCEAN"
29,3517,645,1724,585,4.6641,248900,"<1H OCEAN"
31,2537,382,1067,410,6.7599,356000,"<1H OCEAN"
14,5106,1207,2738,1108,3.9909,236000,"<1H OCEAN"
23,2215,475,1278,492,4.2955,218800,"<1H OCEAN"
28,2949,529,1538,545,4.9615,228000,"<1H OCEAN"
18,2375,652,1252,586,2.6198,235900,"<1H OCEAN"
28,2312,496,1344,467,4.7135,203200,"<1H OCEAN"
35,2277,420,1353,413,4.75,197000,"<1H OCEAN"
26,2506,387,1273,406,5.4299,236400,"<1H OCEAN"
28,2829,566,1610,540,4.6,223200,"<1H OCEAN"
26,3179,703,2142,639,4.1947,222700,"<1H OCEAN"
26,2332,371,1285,404,5.388,225000,"<1H OCEAN"
18,3584,715,1673,661,3.9444,240100,"<1H OCEAN"
28,3046,507,1772,516,5.3283,227900,"<1H OCEAN"
28,2414,415,1106,453,4.8403,268600,"<1H OCEAN"
29,4133,744,2023,749,5.1616,275100,"<1H OCEAN"
34,2791,495,1276,468,4.9167,256300,"NEAR BAY"
27,6103,1249,3026,1134,4.1591,332400,"<1H OCEAN"
32,2572,406,1128,395,5,287600,"NEAR BAY"
26,1910,371,852,357,5.8325,298900,"<1H OCEAN"
27,1890,303,889,314,5.7057,287600,"NEAR BAY"
25,5405,939,2831,923,5.0423,222200,"<1H OCEAN"
26,3761,623,1776,613,4.5317,232600,"<1H OCEAN"
25,3333,511,1671,504,5.4359,258300,"<1H OCEAN"
23,4925,948,2530,894,5.0824,230900,"<1H OCEAN"
33,3994,764,2721,763,5.2308,196900,"<1H OCEAN"
22,5811,1125,3215,1086,4.4107,223500,"<1H OCEAN"
26,4211,741,2352,734,5.2396,223900,"<1H OCEAN"
27,5532,973,2855,960,4.7478,243500,"<1H OCEAN"
7,28258,3864,12203,3701,8.4045,451100,"<1H OCEAN"
9,4909,577,1981,591,9.7194,500001,"<1H OCEAN"
10,7441,1588,3571,1466,5.1643,193100,"<1H OCEAN"
23,4314,676,1972,623,5.3813,264400,"<1H OCEAN"
26,2016,322,1105,357,6.0878,246900,"<1H OCEAN"
13,5377,744,2759,760,6.868,337300,"<1H OCEAN"
22,9167,1373,4319,1404,6.992,284800,"NEAR BAY"
26,3087,532,1597,483,4.9118,217300,"NEAR BAY"
23,3170,532,1446,515,4.4357,291700,"NEAR BAY"
26,2145,369,1285,377,4.9464,223800,"NEAR BAY"
25,4209,731,2568,703,5.2882,223100,"NEAR BAY"
23,4247,835,2357,823,5.1321,211300,"NEAR BAY"
25,4458,922,2998,890,3.9667,218500,"NEAR BAY"
17,407,97,307,100,3.1696,156300,"NEAR BAY"
20,6483,1068,3526,1060,5.0838,248200,"NEAR BAY"
35,1867,343,1213,338,4.8214,186000,"NEAR BAY"
6,2918,672,1911,639,4.1406,178200,"NEAR BAY"
34,2316,478,1524,467,3.7364,190400,"NEAR BAY"
31,1240,264,719,236,3.535,210300,"NEAR BAY"
16,4458,856,3038,870,5.0739,208000,"NEAR BAY"
18,1746,437,1268,404,3.256,183300,"NEAR BAY"
19,4572,712,2346,709,6.0667,245700,"NEAR BAY"
21,4280,673,2216,681,5.7072,242200,"NEAR BAY"
7,6352,1390,3223,1316,4.9867,181700,"<1H OCEAN"
4,7477,1576,2937,1506,5.1437,299400,"<1H OCEAN"
22,4638,716,2302,687,5.347,219500,"<1H OCEAN"
25,4377,668,2038,671,5.7233,231800,"<1H OCEAN"
26,3816,637,1935,642,4.4697,221300,"<1H OCEAN"
26,2806,459,1453,444,4.9107,213800,"<1H OCEAN"
26,4822,845,2288,805,4.2281,206000,"<1H OCEAN"
15,6473,1027,2484,970,5.0143,271100,"<1H OCEAN"
6,8072,1050,3386,1062,7.2494,336500,"<1H OCEAN"
46,1280,209,512,208,5.1406,315600,"INLAND"
24,3166,424,1081,400,8.3337,500001,"<1H OCEAN"
13,3742,555,1590,559,7.316,285400,"<1H OCEAN"
18,7397,1137,3126,1115,6.4994,323000,"INLAND"
23,1655,223,706,219,7.2211,291900,"<1H OCEAN"
3,2456,582,793,456,4.4087,225600,"<1H OCEAN"
23,2179,308,926,299,5.9345,259600,"<1H OCEAN"
20,1804,254,831,260,6.177,262900,"<1H OCEAN"
18,3631,547,1700,520,5.817,257300,"<1H OCEAN"
18,2876,423,1395,427,6.3132,259200,"<1H OCEAN"
12,7490,1207,3329,1136,6.3373,339700,"<1H OCEAN"
23,2234,270,854,286,7.333,337200,"INLAND"
22,1898,239,734,245,6.2918,334100,"<1H OCEAN"
16,4070,624,1543,577,6.5214,311500,"INLAND"
25,2244,301,937,324,6.4524,296900,"INLAND"
20,2948,471,1181,474,6.0604,247900,"INLAND"
19,2034,288,852,295,6.5285,300400,"INLAND"
15,2130,273,876,285,7.2639,332400,"<1H OCEAN"
7,9540,1294,3926,1229,7.4353,389800,"<1H OCEAN"
29,2702,680,1360,642,3.1127,233000,"INLAND"
39,522,116,161,102,2.4896,238500,"INLAND"
52,775,134,315,123,5.0677,233300,"INLAND"
3,1565,464,769,461,2.1187,231300,"INLAND"
20,1309,184,514,172,10.9506,475800,"INLAND"
13,5519,833,2444,825,7.0691,393200,"<1H OCEAN"
10,4337,800,1813,743,5.5,247200,"INLAND"
28,1812,294,853,278,4.9879,229400,"INLAND"
4,4719,741,1895,742,6.8132,282500,"INLAND"
14,4236,701,1833,663,5.6399,300600,"INLAND"
22,3634,664,1699,640,4.1597,293200,"INLAND"
27,1569,242,583,214,5.7519,278500,"INLAND"
13,13182,2074,4847,1950,5.6417,352900,"INLAND"
43,228,40,83,42,10.3203,4e+05,"INLAND"
47,127,23,51,21,4.3472,375000,"INLAND"
13,9621,1344,4389,1391,6.6827,313700,"INLAND"
4,6159,1510,2649,1241,3.62,139300,"<1H OCEAN"
16,4290,554,1952,576,7.3588,327500,"INLAND"
26,1786,306,771,279,5.7239,430600,"INLAND"
32,404,74,144,58,4.2083,125000,"INLAND"
17,1671,352,729,252,6.1023,450000,"INLAND"
12,5608,1049,2595,1067,3.9864,200200,"INLAND"
11,12070,2220,5826,2125,4.8624,192400,"INLAND"
25,494,81,254,85,9.1531,418800,"INLAND"
22,5533,943,2474,910,4.7361,216800,"INLAND"
17,3956,639,2222,662,5.4324,215500,"INLAND"
12,1906,351,802,319,4.9375,227700,"INLAND"
29,3433,711,1919,709,3.3841,184400,"INLAND"
36,1687,372,950,372,3.5532,158400,"INLAND"
34,2358,498,1157,461,3.3618,174600,"INLAND"
35,2853,588,1761,572,4.3533,168400,"INLAND"
25,6296,1082,3200,1047,4.5357,188400,"INLAND"
9,3980,736,1705,679,5.7068,256700,"INLAND"
26,2647,536,1422,522,3.7212,183800,"INLAND"
35,1755,299,702,263,5.2443,183400,"INLAND"
35,1864,357,1189,349,4.2361,177500,"INLAND"
32,1078,207,555,197,3.1856,186900,"INLAND"
17,20354,3493,8768,3293,5.4496,238900,"INLAND"
17,3112,872,1392,680,3.0222,172500,"INLAND"
44,495,112,277,109,2.6667,179200,"INLAND"
52,2157,418,929,419,3.7301,204400,"INLAND"
41,1501,299,629,288,4.6806,209400,"INLAND"
20,8068,1217,3489,1259,5.7907,264200,"INLAND"
6,3023,518,1225,468,6.3705,350000,"INLAND"
26,2211,344,1024,321,5.2649,199800,"INLAND"
26,2163,339,947,346,6.0797,211000,"INLAND"
28,1773,278,804,269,4.8571,201100,"INLAND"
25,1947,418,900,354,3.8523,193000,"INLAND"
22,14701,2210,6693,2232,5.98,245000,"INLAND"
17,1364,282,338,152,2.45,117600,"INLAND"
15,2061,465,573,196,2.2417,97900,"INLAND"
16,3045,543,202,102,3.15,140600,"INLAND"
14,3545,702,946,411,3.4609,120900,"INLAND"
13,2944,558,1091,466,3,119000,"INLAND"
16,1443,249,435,181,3.2031,129200,"INLAND"
17,2277,474,767,356,2.5208,99100,"INLAND"
18,1564,357,618,277,2.3549,108900,"INLAND"
15,4403,891,1103,433,3.0125,111700,"INLAND"
34,1133,254,495,187,2.05,68900,"INLAND"
23,1001,195,369,157,3.125,96400,"INLAND"
10,1783,337,638,262,2.65,116700,"INLAND"
17,1521,309,607,240,3.5,123800,"INLAND"
25,1374,297,657,288,2.5476,97900,"INLAND"
40,1391,246,546,214,3.9107,129800,"INLAND"
13,1473,265,597,228,4.2917,121300,"INLAND"
15,1248,234,529,216,3.3393,107200,"INLAND"
16,1748,322,4930,287,4.3029,121900,"INLAND"
28,3998,765,1614,698,2.8125,113400,"INLAND"
27,3471,653,1793,600,3.5508,99100,"INLAND"
18,2791,492,1187,438,3.2589,103000,"INLAND"
13,2084,449,834,305,3.2937,114200,"INLAND"
17,5654,1085,2237,953,3.0465,144100,"INLAND"
15,4221,816,1737,743,2.3125,128600,"INLAND"
9,1787,347,806,306,2.525,157200,"INLAND"
18,2144,420,985,381,3.175,118500,"INLAND"
23,1538,305,730,267,2.6078,116700,"INLAND"
15,3750,691,1444,603,2.7399,134800,"INLAND"
19,3267,614,1252,566,2.7236,109900,"INLAND"
16,1257,231,559,213,4.4531,144300,"INLAND"
37,1341,256,533,242,3.2135,123600,"INLAND"
12,9831,1921,4644,1775,3.1142,112600,"INLAND"
23,6010,1116,2710,1149,3.0068,107300,"INLAND"
12,7653,1578,3628,1494,3.0905,117800,"INLAND"
17,5273,1177,2446,1199,1.9362,89900,"INLAND"
14,2351,620,1215,548,2.3155,102300,"INLAND"
19,7254,1785,4030,1667,2.0094,87300,"INLAND"
15,10265,1860,4591,1906,3.07,142600,"INLAND"
12,14631,3298,7517,3262,1.6785,153100,"INLAND"
22,1707,296,822,297,3.6625,126600,"INLAND"
18,1651,309,856,293,3.5046,118300,"INLAND"
7,1737,290,747,265,3.9,147000,"INLAND"
39,568,127,267,129,1.8095,78100,"INLAND"
39,1139,265,623,264,2.2833,85800,"INLAND"
41,2901,689,1426,632,1.5633,84500,"INLAND"
52,444,80,1107,98,3.4191,137500,"INLAND"
17,3425,827,2469,758,0.9393,88900,"INLAND"
13,3494,843,1571,784,1.1019,120200,"INLAND"
29,4362,1053,2053,1000,1.7284,74500,"INLAND"
43,2976,599,1181,560,2.2621,85100,"INLAND"
34,3263,604,1290,594,2.575,130300,"INLAND"
28,2551,378,1011,374,4.3309,125200,"INLAND"
29,7744,1375,3316,1365,3.0253,111400,"INLAND"
37,2236,372,974,379,3.2016,97000,"INLAND"
11,7212,1355,3264,1264,3.1125,122600,"INLAND"
8,5690,1189,2887,1077,3.0625,116300,"INLAND"
8,140,28,84,29,2.125,179200,"INLAND"
44,2923,659,1371,626,2.2925,85800,"INLAND"
52,677,152,379,154,1.6797,94800,"INLAND"
52,502,100,311,100,1.5481,2e+05,"INLAND"
52,857,232,520,198,0.987,112500,"INLAND"
52,1457,389,802,342,0.9566,69000,"INLAND"
52,957,263,513,223,1.3672,55000,"INLAND"
52,1741,401,753,377,2.0064,77900,"INLAND"
18,7272,1559,5022,1524,1.6911,98800,"INLAND"
52,1890,420,974,383,1.6827,78700,"INLAND"
21,5051,1054,2948,980,1.5863,81300,"INLAND"
33,2242,517,1160,449,1.7426,60300,"INLAND"
42,2978,694,1879,679,1.5064,66300,"INLAND"
18,1222,250,708,281,2.0288,116700,"INLAND"
11,5103,825,2456,810,4.5032,159700,"INLAND"
26,2741,451,1217,437,3.7007,139200,"INLAND"
16,1453,299,904,286,3.5735,89600,"INLAND"
38,549,105,275,94,3.5375,153100,"INLAND"
25,2202,422,1109,403,2.8306,87500,"INLAND"
24,1535,279,726,272,2.3833,95100,"INLAND"
20,1465,278,745,250,3.0625,93800,"INLAND"
16,2867,559,1203,449,2.7143,95300,"INLAND"
15,3996,748,1786,728,3.5189,141300,"INLAND"
17,858,262,47,27,2.4028,67500,"INLAND"
22,1468,285,611,235,2.3036,73000,"INLAND"
14,1527,269,665,261,2.8657,119600,"INLAND"
16,4591,904,1904,812,2.2419,93200,"INLAND"
10,1742,307,721,312,2.4537,117900,"INLAND"
11,3835,727,1456,658,2.5374,97200,"INLAND"
12,1958,369,875,354,2.3507,97600,"INLAND"
12,3744,699,1532,660,2.3079,95300,"INLAND"
11,3974,727,1610,634,2.6147,107700,"INLAND"
18,2672,533,1151,532,2.567,102900,"INLAND"
20,743,171,395,168,1.625,88300,"INLAND"
16,2754,570,1063,543,1.4048,86500,"INLAND"
18,945,205,385,207,2.1838,58000,"INLAND"
26,1503,343,699,296,1.875,84000,"INLAND"
25,1612,313,837,303,2.963,89500,"INLAND"
28,1677,327,770,309,2.6823,93400,"INLAND"
23,790,137,365,152,2.1912,115200,"INLAND"
18,2221,459,952,440,2.0458,105700,"INLAND"
24,1535,276,664,273,2.3068,97300,"INLAND"
19,2636,523,1184,465,2.7863,108600,"INLAND"
20,1384,257,557,232,2.0882,104900,"INLAND"
19,2487,485,1110,453,3.1061,110200,"INLAND"
18,1676,332,733,318,1.7875,103800,"INLAND"
20,908,206,481,211,2.2,80800,"INLAND"
23,2263,497,1138,455,2.3403,87300,"INLAND"
22,2447,556,1157,556,1.8245,85500,"INLAND"
31,2431,512,1026,427,2.5428,85000,"INLAND"
23,1759,366,788,359,1.8125,93500,"INLAND"
31,1599,318,794,303,3,96700,"INLAND"
22,2598,482,1151,490,2.8182,109700,"INLAND"
14,2063,559,934,529,1.7788,85800,"INLAND"
20,1173,261,523,258,1.0625,92800,"INLAND"
37,1296,296,569,257,1.8616,70500,"INLAND"
20,1808,334,763,335,2.3711,121800,"INLAND"
17,2748,556,1174,514,3.066,102600,"INLAND"
17,3502,655,1763,613,2.9625,101200,"INLAND"
8,2836,522,1163,512,3.13,168300,"INLAND"
17,1619,292,705,285,2.4623,126100,"INLAND"
17,1646,330,750,344,2.3798,83800,"INLAND"
19,2888,591,984,499,1.9766,92600,"INLAND"
15,1677,345,844,330,2.3958,111200,"INLAND"
15,1896,408,893,334,1.6948,87500,"INLAND"
17,1583,331,730,306,2.3895,87500,"INLAND"
22,2828,610,986,391,2.8871,94700,"INLAND"
35,632,148,221,102,2.3684,62500,"INLAND"
17,1483,284,481,211,1.4896,83300,"INLAND"
15,2490,527,1229,497,2.3917,85700,"INLAND"
9,818,197,358,197,1.7708,79500,"INLAND"
26,1957,429,945,397,1.7308,53600,"INLAND"
12,1733,421,1861,415,1.5771,65200,"INLAND"
15,886,204,576,205,2.1467,84100,"INLAND"
14,5549,1000,1822,919,2.9562,142300,"INLAND"
25,848,153,436,155,3.9028,93800,"INLAND"
26,1652,325,790,292,3.0446,90800,"INLAND"
17,1554,242,553,230,3.2174,91800,"INLAND"
19,3720,636,1304,607,2.6921,97500,"INLAND"
35,1806,293,683,295,4.5156,91200,"INLAND"
30,1030,161,448,159,2.4821,73800,"INLAND"
24,1028,185,471,186,2.9688,86400,"INLAND"
33,3585,757,1887,765,2.502,62100,"INLAND"
30,3085,610,1688,575,2.334,72200,"INLAND"
39,1551,353,684,310,2.0357,57600,"INLAND"
48,827,198,396,161,0.8024,58300,"INLAND"
50,1050,288,485,260,1.1607,51700,"INLAND"
47,1064,245,603,190,1.3654,57900,"INLAND"
46,1885,385,871,347,1.6352,53100,"INLAND"
31,2023,469,1073,436,1.5714,56100,"INLAND"
25,2409,490,1384,479,1.9956,58000,"INLAND"
24,1865,372,1087,385,1.6389,56700,"INLAND"
29,1947,383,925,337,2.1658,57600,"INLAND"
18,2105,416,974,385,1.6346,63300,"INLAND"
24,1610,324,909,323,1.8661,59800,"INLAND"
23,1387,325,640,289,1.4833,65200,"INLAND"
15,202,54,145,40,0.8252,42500,"INLAND"
26,3215,827,2041,737,1.0585,45100,"INLAND"
38,1438,310,779,275,1.3289,39400,"INLAND"
19,1537,329,617,274,1.5313,50300,"INLAND"
29,2896,596,1809,617,1.8047,53800,"INLAND"
14,1724,315,939,302,2.4952,53900,"INLAND"
41,461,107,284,90,2.2045,41800,"INLAND"
20,2505,468,1174,429,2.9965,88900,"INLAND"
33,1462,241,569,231,3.2833,82600,"INLAND"
30,1217,238,677,233,2.6563,63600,"INLAND"
21,2628,494,1364,468,2.0455,59400,"INLAND"
18,2278,523,1185,475,1.3611,60600,"INLAND"
26,1340,255,662,239,2.6071,57100,"INLAND"
31,1434,283,811,289,1.7727,49000,"INLAND"
15,2119,389,1079,374,2.3566,80400,"INLAND"
17,3659,735,1970,667,2.425,96200,"INLAND"
52,189,34,121,37,3.0208,60000,"INLAND"
27,720,150,359,138,2.5313,61300,"INLAND"
22,2515,482,1284,462,2.1776,73800,"INLAND"
27,2599,502,1241,502,1.9943,86300,"INLAND"
24,1003,251,1098,227,1.7552,86400,"INLAND"
22,1217,224,537,187,2.6607,84600,"INLAND"
40,812,154,374,142,2.7891,73500,"INLAND"
29,2220,471,1170,428,2.3224,56200,"INLAND"
32,1852,373,911,365,1.7885,57000,"INLAND"
46,1210,243,523,242,1.91,63900,"INLAND"
37,2330,495,1505,470,2.0474,56000,"INLAND"
34,842,186,635,165,1.8355,63000,"INLAND"
27,2596,435,1100,409,2.3243,85500,"INLAND"
30,1019,192,501,185,2.5259,81300,"INLAND"
21,1432,284,862,275,2.2813,57600,"INLAND"
22,1814,342,941,323,2.1728,59400,"INLAND"
29,1687,327,864,334,2.4943,81900,"INLAND"
39,1105,180,408,166,3.3929,82100,"INLAND"
16,4221,781,1516,697,2.3816,116000,"INLAND"
10,1566,325,785,291,2.5,116100,"INLAND"
34,2745,559,1150,491,2.3654,94900,"INLAND"
27,1199,224,463,199,2.9063,92200,"INLAND"
37,736,148,339,140,2.2875,79900,"INLAND"
9,7450,1475,2233,930,2.6528,133000,"INLAND"
16,3758,715,1777,615,3,122600,"INLAND"
19,1003,235,538,190,2.9821,90400,"INLAND"
16,3120,641,1319,526,2.0472,93200,"INLAND"
8,2029,387,1000,364,4.0109,125900,"INLAND"
9,3585,680,1800,598,3.636,133100,"INLAND"
7,7188,1288,3175,1115,3.8488,130600,"INLAND"
21,3095,681,1341,546,2.1382,104000,"INLAND"
32,2685,543,1061,492,2.5473,101600,"INLAND"
17,2967,611,1387,564,2.0417,92600,"INLAND"
13,4110,847,1796,706,2.6417,122300,"INLAND"
13,763,161,311,125,2.4583,112500,"INLAND"
20,1326,307,563,237,2.6667,86600,"INLAND"
21,1435,294,668,267,2.5667,77400,"INLAND"
18,2912,663,999,411,2.7344,91900,"INLAND"
17,1463,338,529,226,3.024,100900,"INLAND"
18,1411,312,592,230,1.625,94700,"INLAND"
17,1504,358,661,250,2.2604,84800,"INLAND"
10,4300,845,1480,609,2.8208,139900,"INLAND"
10,3757,722,546,223,3.75,121400,"INLAND"
13,2962,546,252,103,4.4063,155800,"INLAND"
17,5497,1056,997,408,2.9821,111500,"INLAND"
13,4401,829,924,383,2.6942,123500,"INLAND"
13,4495,856,1149,459,2.5352,113700,"INLAND"
10,3486,695,298,124,3.3542,103800,"INLAND"
13,3297,662,267,97,3.075,108300,"INLAND"
11,1568,369,82,33,3.125,77500,"INLAND"
48,1096,218,657,199,2.7841,65800,"INLAND"
39,1548,323,815,286,2.9489,67500,"INLAND"
23,3832,774,2435,747,2.2754,59200,"INLAND"
17,6440,1204,3266,1142,2.7137,72000,"INLAND"
27,1446,295,670,281,3.2625,92800,"INLAND"
52,224,38,120,45,3.017,112500,"INLAND"
10,266,62,154,49,2.25,75000,"INLAND"
33,1064,174,434,147,3.125,108000,"INLAND"
28,4169,895,2587,810,2.331,65500,"INLAND"
44,1064,230,494,175,2.875,61500,"INLAND"
35,2791,552,1395,476,2.5625,62700,"INLAND"
19,1629,386,551,214,1.7463,68800,"INLAND"
50,1592,372,781,307,2.2679,69100,"INLAND"
52,1989,392,985,396,2.5556,75800,"INLAND"
39,1214,250,660,249,2.4559,75000,"INLAND"
39,701,130,271,89,2.1845,112500,"INLAND"
28,3144,694,1095,482,3.4402,192400,"INLAND"
17,2549,596,1169,500,3.6694,209400,"INLAND"
25,2019,411,888,326,3.2619,183800,"INLAND"
3,9217,1522,3578,1272,5.0016,189100,"INLAND"
7,7957,1314,4460,1293,4.9618,156500,"INLAND"
5,7105,1143,3523,1088,5.0468,168800,"INLAND"
19,3388,599,1707,575,3.6411,162800,"INLAND"
9,3079,519,1562,512,5.1041,172900,"INLAND"
27,3861,718,2085,707,3.3558,129700,"INLAND"
22,1046,195,527,164,4.375,213500,"INLAND"
44,1014,225,704,238,1.6554,119400,"INLAND"
36,1710,320,861,300,2.8828,131100,"INLAND"
15,1850,441,1348,403,3.8125,125400,"INLAND"
33,2396,452,1391,465,3.2813,151400,"INLAND"
19,2055,358,1064,350,4.7426,263100,"INLAND"
17,1962,291,825,267,4.8958,187100,"INLAND"
19,2005,405,972,403,2.2216,156700,"INLAND"
5,4980,774,2399,763,5.7104,186300,"INLAND"
10,3258,612,1779,558,4.6587,152500,"INLAND"
13,2479,394,1075,350,5.1017,241400,"INLAND"
5,14684,2252,4276,1722,6.9051,340900,"INLAND"
30,1428,287,989,287,3.691,154400,"INLAND"
22,1999,415,967,320,4.4583,253900,"INLAND"
46,2273,495,1088,447,2.2532,109400,"INLAND"
47,1942,430,1074,393,2.2361,105100,"INLAND"
52,1124,245,528,226,2.2639,128500,"INLAND"
46,176,43,101,40,2.2361,93800,"INLAND"
42,1017,253,798,266,2.1719,99100,"INLAND"
50,1120,281,625,239,1.5988,96400,"INLAND"
25,3018,606,1614,568,3.4722,127000,"INLAND"
46,66,22,37,21,0.536,87500,"INLAND"
19,2688,469,1216,422,4.4491,133900,"INLAND"
17,4032,814,1749,618,3.1728,146800,"INLAND"
34,3090,593,1588,566,3.6118,124700,"INLAND"
44,3184,581,1399,548,2.7234,110200,"INLAND"
37,3058,567,1351,523,3.5179,130800,"INLAND"
8,2371,375,1094,396,5.3245,174500,"INLAND"
13,2983,534,1417,510,3.9861,168100,"INLAND"
18,2807,445,1315,437,4.8194,170400,"INLAND"
22,2331,359,1086,340,5.1435,150800,"INLAND"
13,3995,605,1969,607,5.0164,165200,"INLAND"
47,1265,254,587,247,2.6364,93500,"INLAND"
29,2070,452,985,420,2.8466,113400,"INLAND"
37,2724,579,1400,540,2.905,97300,"INLAND"
30,3268,567,1714,565,4.4583,131000,"INLAND"
26,3364,570,1806,566,4.2647,133400,"INLAND"
24,2269,584,1239,542,2.0411,1e+05,"INLAND"
15,6365,1646,3838,1458,2.5495,103600,"INLAND"
25,1710,288,799,259,4.8359,145300,"INLAND"
23,1150,174,572,174,4.9167,152400,"INLAND"
23,1970,296,935,279,4.4853,145900,"INLAND"
18,2741,449,1507,460,4.7566,142500,"INLAND"
8,2572,738,1384,684,1.7161,75800,"INLAND"
13,4545,952,2188,901,3.3625,126100,"INLAND"
15,2380,385,1292,388,4.6029,142600,"INLAND"
16,2919,462,1456,453,5.6779,164700,"INLAND"
36,1141,234,562,213,2.5893,108500,"INLAND"
10,4156,609,1878,586,5.6506,178600,"INLAND"
18,3646,534,1651,535,5.7321,164700,"INLAND"
34,2738,475,1316,459,3.5368,122500,"INLAND"
16,3077,465,1575,446,5.5,179500,"INLAND"
4,5623,780,2429,716,5.4409,205100,"INLAND"
10,2769,619,1045,469,4.1111,158600,"INLAND"
36,1489,331,838,259,1.2024,90200,"INLAND"
52,242,59,188,54,1.3958,67500,"INLAND"
52,2264,439,1403,476,2.7083,99400,"INLAND"
52,1225,250,725,231,2,101400,"INLAND"
51,2982,689,1831,608,2.0034,87700,"INLAND"
46,2112,466,1249,382,2.5737,87000,"INLAND"
36,2707,550,1827,545,3.3371,94600,"INLAND"
5,1560,369,1037,372,3.6154,181800,"INLAND"
31,3644,746,2229,678,3.1389,117800,"INLAND"
16,2605,440,1352,408,4.1947,140300,"INLAND"
9,5329,1284,2827,1202,2.7374,150000,"INLAND"
30,4114,743,1994,722,4.2227,134400,"INLAND"
22,721,117,367,129,5.3098,151900,"INLAND"
4,4075,927,2239,849,3.5857,165200,"INLAND"
16,3216,464,1504,453,5.25,161700,"INLAND"
4,2171,597,928,461,4.1016,170500,"INLAND"
16,3787,515,1606,507,5.5676,174200,"INLAND"
17,2713,442,1475,415,4.8542,144100,"INLAND"
15,2203,312,1051,311,4.9783,163900,"INLAND"
28,3639,751,2362,641,3.0042,103900,"INLAND"
12,1497,360,943,341,2.1417,122200,"INLAND"
16,2604,454,1696,481,4.6628,136000,"INLAND"
8,2750,479,1526,484,5.102,156500,"INLAND"
32,1000,188,663,212,4.0972,99200,"INLAND"
34,3779,766,2356,722,3.5129,110600,"INLAND"
14,1930,363,990,322,4.1094,162200,"INLAND"
14,2677,368,1288,375,6.0497,177500,"INLAND"
7,1632,248,879,262,6.1237,166000,"INLAND"
9,2294,389,1142,365,5.3363,160800,"INLAND"
13,1524,286,940,308,5.1337,154800,"INLAND"
27,1654,478,1141,420,1.4871,87100,"INLAND"
35,2691,542,1409,505,3.016,95300,"INLAND"
9,3360,833,2041,810,2.1013,100700,"INLAND"
29,5765,1170,3266,1131,2.7907,113900,"INLAND"
16,2176,464,1410,434,3.5436,100200,"INLAND"
16,1840,355,1288,338,4.2067,125000,"INLAND"
15,2966,558,1687,527,3.4817,129800,"INLAND"
38,2505,554,1595,498,2.5833,83500,"INLAND"
17,3685,685,1939,649,3.7043,139800,"INLAND"
31,2810,518,1640,503,3.3661,98500,"INLAND"
44,1465,247,817,237,4.8693,156900,"NEAR BAY"
4,2341,408,1235,431,6.0424,165900,"INLAND"
44,1625,432,825,385,2.0523,133900,"NEAR BAY"
42,118,34,54,30,2.5795,225000,"NEAR BAY"
52,2378,508,940,451,2.9583,166000,"NEAR BAY"
48,2123,494,859,474,1.8523,144800,"NEAR BAY"
50,1760,341,741,316,4.5,178300,"NEAR BAY"
51,1262,309,608,298,2.1974,139300,"NEAR BAY"
33,2821,652,1206,640,2.5481,150800,"NEAR BAY"
40,1800,290,761,277,5.1265,196100,"NEAR BAY"
39,1313,306,575,231,3.1711,116100,"NEAR BAY"
41,1345,272,718,283,3.3831,129400,"NEAR BAY"
20,6992,1404,3221,1334,4.2042,166400,"NEAR BAY"
50,1300,263,691,239,3.9519,126500,"NEAR BAY"
50,1738,355,837,363,3.609,135700,"NEAR BAY"
42,2225,367,864,381,4.1189,172400,"NEAR BAY"
37,1742,339,1128,345,3.8824,113700,"NEAR BAY"
28,4308,824,2086,776,3.6523,159700,"NEAR BAY"
37,978,202,462,184,3.625,156300,"NEAR BAY"
6,10191,1882,4377,1789,5.2015,204200,"NEAR BAY"
9,3424,583,1460,543,5.76,212600,"NEAR BAY"
19,4657,739,1914,732,5.0509,199900,"NEAR BAY"
19,3073,506,1773,493,5.4496,205400,"NEAR BAY"
16,3913,710,1782,676,5.1297,206700,"NEAR BAY"
10,2864,514,1300,507,4.3875,287700,"NEAR BAY"
9,2643,439,1105,467,6.6579,245200,"NEAR BAY"
5,5303,779,2017,727,6.9961,294100,"NEAR BAY"
11,4371,679,1790,660,6.135,297300,"NEAR BAY"
14,5381,871,2296,872,5.6875,211000,"NEAR BAY"
33,1660,277,741,261,4.675,225400,"NEAR BAY"
18,4326,655,1753,646,5.6931,269600,"NEAR BAY"
20,3796,650,1679,611,4.3571,228200,"NEAR BAY"
25,1374,206,569,235,6.3699,235500,"NEAR BAY"
28,3310,574,1811,597,4.5401,166900,"NEAR BAY"
12,6915,1639,2940,1468,4.0154,186100,"NEAR BAY"
20,1705,353,856,341,3.7262,211800,"NEAR BAY"
34,1692,290,836,289,5.0172,197100,"NEAR BAY"
37,1784,313,788,304,4.2917,189600,"NEAR BAY"
21,9135,1534,3748,1502,6.0859,266000,"NEAR BAY"
36,2213,386,950,370,4.7386,186400,"NEAR BAY"
39,2199,388,1025,385,4.5893,190000,"NEAR BAY"
24,3173,548,1351,536,5.0672,243000,"NEAR BAY"
33,1043,157,425,148,4.8702,235600,"NEAR BAY"
37,1217,199,552,194,5.0445,196200,"NEAR BAY"
10,7136,1691,2959,1507,3.9816,182000,"NEAR BAY"
34,1408,277,738,269,4.175,169400,"NEAR BAY"
22,4162,1194,1804,1185,2.5459,179300,"NEAR BAY"
19,4005,972,1896,893,2.5268,235700,"NEAR BAY"
36,2639,488,1111,476,3.5057,205100,"NEAR BAY"
30,1260,276,707,221,2.892,220800,"NEAR BAY"
35,4043,689,1832,662,5.0761,233200,"NEAR BAY"
44,2185,357,943,366,4.725,232100,"NEAR BAY"
43,1454,234,683,258,4.475,265700,"NEAR BAY"
32,1339,209,601,209,6.0265,247900,"NEAR BAY"
29,6895,1022,2634,1022,6.1922,273200,"NEAR BAY"
16,3077,733,1447,709,3.2484,91100,"NEAR BAY"
32,1504,279,749,267,3.2,134500,"NEAR BAY"
36,2765,495,1478,441,4.125,136200,"NEAR BAY"
16,60,10,65,19,6.1359,250000,"NEAR BAY"
16,2445,469,721,474,2.8043,87500,"NEAR BAY"
17,1319,316,384,269,1.8229,137500,"NEAR BAY"
36,2476,472,1213,393,3.7333,136400,"NEAR BAY"
16,1085,217,356,232,2.3462,75000,"NEAR BAY"
16,1209,477,627,482,1.3894,156300,"NEAR BAY"
10,974,316,631,286,2.3152,140600,"NEAR BAY"
25,3577,581,1753,593,5.7295,178300,"NEAR BAY"
27,3228,562,1666,588,4.5707,175900,"NEAR BAY"
38,2675,541,1378,480,3.8897,139900,"NEAR BAY"
45,2842,567,1261,535,3.6042,138200,"NEAR BAY"
28,2965,533,1591,472,4.6375,178200,"NEAR BAY"
35,3103,537,1614,566,4.9022,169300,"NEAR BAY"
37,2247,416,1237,397,4.45,161900,"NEAR BAY"
37,1755,327,882,350,4.59,166600,"NEAR BAY"
44,1254,252,498,217,3.4531,148900,"NEAR BAY"
25,1476,336,777,297,3.5179,165500,"NEAR BAY"
29,2001,373,956,370,4.317,194000,"NEAR BAY"
32,1013,169,436,173,5.1118,226900,"INLAND"
27,2491,428,1171,431,5.1021,202800,"INLAND"
32,3012,527,1288,512,3.6449,211500,"NEAR BAY"
40,1797,401,756,369,2.8456,165500,"NEAR BAY"
37,1474,343,782,331,3.4187,161700,"NEAR BAY"
28,4035,641,1881,659,5.4607,192300,"INLAND"
31,2030,337,867,341,5.0915,193200,"INLAND"
23,2293,411,969,399,4.4536,184000,"INLAND"
28,2839,428,1372,443,6.2135,217200,"INLAND"
35,1192,201,535,172,4.9219,182000,"INLAND"
36,404,77,237,88,4.525,161300,"INLAND"
34,1256,267,638,252,4.0507,161000,"NEAR BAY"
28,1900,401,918,351,3.7841,144900,"NEAR BAY"
18,2739,393,1072,374,6.1436,259500,"INLAND"
27,1691,289,807,296,6.1168,210500,"INLAND"
24,1330,183,656,205,5.0092,244100,"INLAND"
28,1433,290,877,313,4.7891,184800,"INLAND"
28,1838,273,899,270,5.2145,229200,"INLAND"
7,3418,740,1583,676,3.6133,196100,"INLAND"
26,1977,264,817,273,5.7512,240200,"INLAND"
26,2714,390,1232,409,5.9617,231100,"INLAND"
26,2738,428,1316,430,5.2442,213200,"INLAND"
22,2823,509,1271,474,5.1333,207200,"INLAND"
30,3320,589,1470,543,4.6071,184100,"INLAND"
32,3364,666,1980,678,3.7,179000,"INLAND"
28,4071,713,2033,647,4.5833,190700,"INLAND"
13,3216,765,1627,715,3.0859,167800,"INLAND"
8,4253,709,1883,662,5.431,246700,"INLAND"
12,5048,1122,2209,1014,3.1573,126700,"INLAND"
16,3324,479,1470,461,7.6166,260400,"INLAND"
17,2756,423,1228,426,5.5872,200600,"INLAND"
14,6290,854,2724,820,6.7371,267400,"INLAND"
16,2984,406,1317,397,6.7821,265900,"INLAND"
34,3259,498,1250,478,5.3794,206200,"NEAR BAY"
36,2342,436,1191,416,4,171000,"NEAR BAY"
45,1613,338,865,336,3.25,151100,"NEAR BAY"
26,2470,626,1174,573,2.9861,160900,"NEAR BAY"
20,3968,931,2629,903,2.9915,166700,"NEAR BAY"
16,2913,723,1705,693,2.9097,106300,"NEAR BAY"
21,6445,1839,3621,1735,2.5841,112500,"NEAR BAY"
39,1323,245,705,261,3.1968,151000,"NEAR BAY"
20,1143,346,578,298,2.2411,151800,"NEAR BAY"
35,2190,384,1154,401,3.8456,159800,"NEAR BAY"
28,1207,252,724,252,3.6964,165700,"NEAR BAY"
27,2587,729,1500,623,1.837,175000,"NEAR BAY"
27,3513,791,1875,694,3.1838,182000,"NEAR BAY"
20,563,107,246,123,5.4482,190800,"NEAR BAY"
8,3866,539,1555,513,6.0901,298200,"NEAR BAY"
25,2615,368,935,366,6.6727,305100,"NEAR BAY"
20,2636,691,1142,627,2.1083,162500,"NEAR BAY"
14,3287,793,1601,716,3.1719,220500,"NEAR BAY"
25,1205,260,608,272,2.4519,208300,"NEAR BAY"
32,1955,313,804,317,4.9485,202300,"NEAR BAY"
22,3526,510,1660,508,5.6642,237000,"NEAR BAY"
23,3516,661,1465,623,4.2569,213100,"NEAR BAY"
19,3192,612,1317,594,4.125,267100,"NEAR BAY"
26,1619,224,706,220,6.0704,268000,"NEAR BAY"
18,2077,298,937,292,6.3809,273600,"NEAR BAY"
9,2214,256,848,239,6.8145,339200,"INLAND"
25,2652,335,1062,334,7.5898,330200,"NEAR BAY"
33,1653,334,814,328,3.1406,163100,"NEAR BAY"
24,5732,873,2444,888,5.6292,231400,"NEAR BAY"
22,2105,354,993,365,4.6602,227800,"NEAR BAY"
29,866,138,341,133,4.7188,197100,"NEAR BAY"
22,5175,1213,2804,1091,2.85,144600,"NEAR BAY"
21,5541,776,2214,737,5.5777,279300,"NEAR BAY"
21,4712,624,1773,615,6.0918,344800,"NEAR BAY"
5,4274,1153,1503,881,4.0473,266500,"NEAR BAY"
15,7803,1603,2957,1546,4.45,184900,"NEAR BAY"
14,12713,2558,4741,2412,4.7094,234700,"NEAR BAY"
26,5077,640,1872,636,7.4713,351200,"NEAR BAY"
23,3318,408,1124,393,6.5847,358800,"NEAR BAY"
21,10093,1269,3645,1219,7.6877,367700,"NEAR BAY"
29,5438,871,2310,890,5.0362,275300,"NEAR BAY"
15,5393,1422,2133,1288,4.1612,232800,"NEAR BAY"
25,5869,1685,2669,1554,2.6998,216100,"NEAR BAY"
21,4985,1590,2575,1458,3.1002,114300,"NEAR BAY"
45,1544,244,614,238,5.0255,226000,"NEAR BAY"
25,7201,1521,3264,1433,3.7433,252100,"NEAR BAY"
26,3872,739,1629,684,4.4312,225000,"NEAR BAY"
28,2377,469,1068,435,4.4561,250000,"NEAR BAY"
26,1733,265,796,274,6.195,264900,"NEAR BAY"
28,1731,295,810,295,5.0391,259800,"NEAR BAY"
33,1550,277,638,254,3.6833,292500,"NEAR BAY"
32,1075,170,486,173,5.0499,306800,"NEAR BAY"
18,9576,1455,3486,1380,7.0895,306900,"NEAR BAY"
28,3410,746,1428,670,4.3864,266800,"NEAR BAY"
39,3018,501,1223,489,6.2924,283900,"NEAR BAY"
29,4133,770,1691,744,5.1097,288000,"NEAR BAY"
38,2139,343,809,340,5.5636,268800,"NEAR BAY"
38,757,124,319,123,5.6558,263300,"NEAR BAY"
34,4781,703,1879,714,6.5378,340900,"NEAR BAY"
30,2296,329,847,322,6.7192,397500,"NEAR BAY"
24,4125,1020,1699,873,2.9526,271000,"NEAR BAY"
32,2676,484,986,473,4.6528,335700,"NEAR BAY"
37,1677,269,689,283,4.2625,310600,"NEAR BAY"
33,2423,322,998,346,7.5349,349100,"NEAR BAY"
32,4498,862,1818,851,4.8088,321200,"NEAR BAY"
20,5467,1044,2310,963,5.6986,275800,"NEAR BAY"
29,6349,858,2450,778,7.5,356200,"NEAR BAY"
32,3250,550,1230,557,4.6424,312700,"NEAR BAY"
29,3025,477,1035,452,6.112,390600,"NEAR BAY"
27,6039,780,2181,761,9.5862,469400,"NEAR BAY"
22,1980,291,861,290,6.2726,258200,"<1H OCEAN"
22,6719,1068,2843,994,6.1265,260300,"<1H OCEAN"
23,2564,347,1043,351,6.2048,275000,"<1H OCEAN"
8,831,231,404,224,3.375,350000,"<1H OCEAN"
19,1127,170,518,167,6.3325,250000,"<1H OCEAN"
19,5721,837,2653,813,6.2631,266000,"<1H OCEAN"
17,2559,370,1238,377,6.2781,269800,"<1H OCEAN"
24,1407,327,501,295,2.4821,157200,"<1H OCEAN"
16,3326,419,1272,402,6.8806,343500,"<1H OCEAN"
16,5121,735,2464,761,6.6204,296100,"<1H OCEAN"
17,5688,824,2111,773,6.6131,312500,"<1H OCEAN"
17,3354,422,1457,425,7.6473,345800,"<1H OCEAN"
16,2498,330,1027,343,8.155,343700,"<1H OCEAN"
18,2903,387,1127,372,5.5921,359100,"<1H OCEAN"
12,6488,778,2404,765,8.3188,403400,"<1H OCEAN"
17,3279,418,1222,381,7.9168,356000,"<1H OCEAN"
8,11336,1657,4089,1555,7.8287,369200,"<1H OCEAN"
16,3873,484,1451,501,6.7857,341300,"<1H OCEAN"
4,14652,2826,5613,2579,6.3942,356700,"<1H OCEAN"
8,3865,463,1548,432,9.7037,425100,"<1H OCEAN"
4,6875,1439,2889,1307,4.6932,356100,"<1H OCEAN"
5,2255,269,876,258,10.3345,461400,"<1H OCEAN"
8,452,51,140,43,12.5915,432400,"<1H OCEAN"
2,227,35,114,49,3.1591,434700,"<1H OCEAN"
2,200,20,25,9,15.0001,350000,"<1H OCEAN"
8,3743,581,1633,567,6.7027,381900,"<1H OCEAN"
13,7241,1007,3221,947,7.2216,324600,"<1H OCEAN"
8,2865,389,1376,417,7.9393,399300,"<1H OCEAN"
34,1879,265,729,263,7.7072,443800,"NEAR BAY"
30,3917,549,1330,544,6.5617,386600,"NEAR BAY"
20,2206,458,926,432,4.6042,256400,"<1H OCEAN"
22,1248,271,579,269,3.375,2e+05,"<1H OCEAN"
24,5948,738,1997,710,9.8708,500001,"NEAR BAY"
14,8213,1364,3283,1286,5.1755,294800,"<1H OCEAN"
17,465,83,146,75,4.9018,188500,"<1H OCEAN"
11,6200,907,2286,896,7.6518,359300,"NEAR BAY"
21,3521,447,1396,467,8.2673,358700,"NEAR BAY"
16,3031,438,1087,421,7.3732,287300,"NEAR BAY"
14,3056,369,1209,377,8.4352,441400,"NEAR BAY"
25,3004,393,1145,376,7.2655,494000,"NEAR BAY"
18,8953,1074,3011,993,10.7372,500001,"<1H OCEAN"
4,1029,126,416,122,13.4883,500001,"INLAND"
29,7479,977,2744,943,7.5139,398200,"INLAND"
16,7681,946,2777,908,9.5271,500001,"<1H OCEAN"
10,3209,379,1199,392,12.2478,500001,"INLAND"
16,2939,380,1177,396,8.0839,372000,"<1H OCEAN"
18,9117,1248,3280,1167,8.003,351300,"<1H OCEAN"
5,7178,898,2823,907,9.0776,450400,"<1H OCEAN"
20,10212,1424,4083,1374,8.039,382200,"NEAR BAY"
22,4949,626,1850,590,10.4549,500001,"NEAR BAY"
38,827,144,368,136,6.5095,294400,"NEAR BAY"
32,5738,746,2099,732,10.3224,500001,"NEAR BAY"
34,5683,755,1962,723,8.3678,455300,"NEAR BAY"
35,880,139,352,132,6.8686,406500,"NEAR BAY"
21,3282,653,1398,601,5.2079,310300,"NEAR BAY"
32,2372,516,1067,492,4.3235,279500,"NEAR BAY"
37,4005,614,1602,606,6.4666,348200,"NEAR BAY"
35,2785,362,1001,363,8.0448,433300,"NEAR BAY"
30,3227,733,1260,684,4.125,257100,"NEAR BAY"
27,744,214,295,169,2.7411,350000,"NEAR BAY"
18,1820,220,728,229,10.3713,426100,"NEAR BAY"
34,6986,1096,2865,1124,6.2275,394400,"NEAR BAY"
11,1077,318,590,264,3.5536,387200,"NEAR BAY"
24,2059,462,410,294,2.3971,99400,"NEAR BAY"
24,6130,1359,1750,1286,2.9167,102700,"NEAR BAY"
17,7475,1556,2092,1449,3.6437,186500,"NEAR BAY"
23,1025,205,263,191,3.12,155000,"NEAR BAY"
16,5187,1014,1512,986,4.4551,252400,"NEAR BAY"
17,1102,224,317,208,3.5893,206300,"NEAR BAY"
26,2405,564,680,531,2.4896,73400,"NEAR BAY"
35,3701,528,1511,517,7.2315,367100,"NEAR BAY"
27,5484,760,2212,770,7.6202,402600,"NEAR BAY"
33,3398,500,1351,457,6.5814,314200,"NEAR BAY"
18,5252,686,1870,657,8.0074,454100,"NEAR BAY"
17,1320,159,1722,141,11.7064,500001,"NEAR BAY"
26,4048,513,1486,498,7.6717,416500,"NEAR BAY"
26,2269,317,918,313,6.6657,364500,"NEAR BAY"
19,5130,741,1887,712,7.203,369900,"NEAR BAY"
4,2045,237,830,252,11.3421,500001,"NEAR BAY"
20,6201,1182,2415,1141,4.5744,314000,"NEAR BAY"
27,9147,1276,3371,1269,7.3267,389900,"NEAR BAY"
24,2131,343,874,373,5.6349,355600,"NEAR BAY"
16,4596,705,1480,650,7.52,370200,"NEAR BAY"
36,3359,493,1298,483,8.1586,404300,"NEAR BAY"
36,542,119,231,121,4.9,354200,"NEAR BAY"
33,4449,636,1684,617,8.9571,399700,"NEAR BAY"
32,1779,241,721,258,8.7589,434500,"NEAR BAY"
32,3633,508,1393,506,7.6917,401800,"NEAR BAY"
33,3626,502,1348,480,7.6107,423200,"NEAR BAY"
38,1261,177,472,183,6.917,438000,"NEAR BAY"
20,95,13,31,15,2.4444,475000,"NEAR BAY"
37,3881,560,1315,517,7.3195,367500,"NEAR BAY"
36,1065,160,398,155,7.7736,378100,"NEAR BAY"
31,7200,876,2428,843,10.9405,500001,"NEAR BAY"
36,2107,287,740,280,10.3416,500001,"NEAR BAY"
36,4760,610,1511,572,9.0064,500001,"NEAR BAY"
18,4845,735,1634,734,8.1489,499000,"NEAR BAY"
8,7505,1089,3325,1016,5.2699,204200,"INLAND"
8,1584,236,615,202,6.4753,166800,"INLAND"
4,17032,2546,7653,2359,5.5601,213700,"INLAND"
17,1133,244,716,235,2.875,162500,"INLAND"
11,2836,373,959,335,10.5815,500001,"INLAND"
4,11444,1355,3898,1257,13.2949,500001,"INLAND"
7,3477,416,1216,395,13.1499,500001,"INLAND"
12,4711,659,2089,621,8.3209,485400,"INLAND"
2,3129,707,1606,698,2.9591,210100,"INLAND"
26,3084,505,1557,501,5.1582,194700,"INLAND"
25,4026,791,1850,709,4.1483,181200,"INLAND"
21,3153,411,1318,431,6.8642,285400,"INLAND"
4,3241,464,1552,494,6.6134,307000,"INLAND"
18,2808,337,1038,337,8.3956,353600,"NEAR BAY"
16,2638,345,1055,334,8.1163,365800,"NEAR BAY"
14,1780,224,764,226,9.0243,427700,"INLAND"
13,2085,292,852,264,7.3445,366700,"INLAND"
14,5332,884,2093,839,5.2798,237400,"INLAND"
18,2541,355,986,346,7.1978,288000,"INLAND"
13,1610,198,703,217,8.7059,329400,"INLAND"
26,1299,174,533,180,6.2296,291700,"INLAND"
16,3421,427,1341,428,7.5695,320400,"INLAND"
16,2876,391,1089,377,6.299,286900,"INLAND"
16,2169,262,877,245,6.6049,312600,"INLAND"
27,1469,216,578,219,5.9346,253600,"INLAND"
16,1803,267,946,266,5.7001,205100,"NEAR BAY"
15,3338,532,1834,520,5.6293,197600,"NEAR BAY"
15,2150,327,1094,324,6.0224,198500,"NEAR BAY"
9,6306,962,2581,911,6.7741,310700,"NEAR BAY"
52,1350,266,490,257,3.125,171100,"NEAR BAY"
52,1736,358,638,297,2.5517,147100,"NEAR BAY"
52,2735,559,1076,487,3.6154,155700,"NEAR BAY"
31,3029,500,1236,487,5.6022,197000,"NEAR BAY"
25,2239,361,928,353,4.4474,203700,"NEAR BAY"
47,1685,405,835,372,2.3103,134500,"NEAR BAY"
41,1631,282,752,288,3.9345,150200,"NEAR BAY"
41,2512,539,1179,480,2.694,123000,"NEAR BAY"
30,1255,297,779,307,1.6767,147700,"NEAR BAY"
4,7999,1611,3596,1396,5.0969,174200,"NEAR BAY"
26,2335,413,980,417,3.4471,178900,"NEAR BAY"
16,4986,1081,2805,1016,4.025,173200,"NEAR BAY"
32,2159,393,981,369,4.3173,175400,"NEAR BAY"
34,1712,317,956,341,4.4394,162000,"NEAR BAY"
26,3735,641,1708,633,4.621,191100,"NEAR BAY"
18,4123,874,1895,772,3.2759,195000,"NEAR BAY"
28,3801,622,1654,571,4.375,193300,"NEAR BAY"
28,2038,329,947,349,5.1178,198000,"NEAR BAY"
16,4921,737,2312,725,5.8899,243200,"NEAR BAY"
23,3455,479,1375,474,6.0289,218600,"NEAR BAY"
5,3846,786,2053,716,5.0473,184800,"NEAR BAY"
11,3751,565,1949,555,5.7862,269400,"NEAR BAY"
16,2084,315,1154,307,6.0102,235600,"NEAR BAY"
16,2978,411,1531,400,6.5006,237700,"NEAR BAY"
14,2338,391,1003,398,4.2269,170500,"NEAR BAY"
6,678,104,318,91,5.2375,246400,"NEAR BAY"
15,1216,166,572,178,5.8418,240300,"NEAR BAY"
12,1592,242,969,233,6.1576,248700,"NEAR BAY"
5,6265,908,3326,872,6.2073,272900,"NEAR BAY"
27,2133,347,850,350,5.1046,209800,"NEAR BAY"
35,1579,243,734,264,5.5,201000,"NEAR BAY"
10,15259,2275,7266,2338,6.0666,272400,"NEAR BAY"
30,4030,772,1777,718,3.6393,184000,"NEAR BAY"
34,2854,528,1211,452,3.5353,164700,"NEAR BAY"
20,3426,632,1512,580,4.4911,227400,"NEAR BAY"
35,1811,377,911,340,3.375,149700,"NEAR BAY"
20,7578,1426,3637,1362,4.4387,190000,"NEAR BAY"
37,1887,353,895,359,4.45,196600,"NEAR BAY"
38,1794,349,810,335,3.8343,191400,"NEAR BAY"
38,2172,403,945,384,4.3958,194200,"NEAR BAY"
36,1425,245,573,239,4.35,185000,"NEAR BAY"
25,6508,1137,3259,1081,4.2348,157800,"NEAR BAY"
25,3807,806,1821,792,3.6518,164300,"NEAR BAY"
29,2347,464,1135,490,3.9722,161000,"NEAR BAY"
26,3054,492,1495,496,4.6944,171100,"NEAR BAY"
35,3779,711,2493,679,2.9781,109000,"NEAR BAY"
29,3108,534,1687,516,4.3333,170800,"NEAR BAY"
24,4865,968,2315,893,4.2852,173500,"NEAR BAY"
32,2275,397,1233,418,4.0437,162800,"NEAR BAY"
42,1531,326,1271,377,2.6167,85100,"NEAR BAY"
3,2850,544,1024,515,6.0115,175000,"NEAR BAY"
4,3999,1079,1591,887,3.911,112500,"NEAR BAY"
33,44,6,23,11,4.125,212500,"NEAR BAY"
39,246,57,316,52,0.716,104200,"NEAR BAY"
31,1157,276,956,232,1.5347,80400,"NEAR BAY"
40,408,102,302,81,1.8333,69800,"NEAR BAY"
35,215,45,100,34,1.6023,81300,"NEAR BAY"
32,1298,363,716,268,0.9797,76400,"NEAR BAY"
37,1572,402,1046,350,0.7403,68600,"NEAR BAY"
36,60,15,42,25,1.4583,67500,"NEAR BAY"
33,2014,410,1354,427,3.9773,131300,"NEAR BAY"
34,3756,726,2237,686,3.7562,132900,"NEAR BAY"
19,392,109,287,81,6.0426,110000,"NEAR BAY"
32,1991,504,1139,423,2.0353,113600,"NEAR BAY"
43,2178,482,1545,471,2.5863,112200,"NEAR BAY"
31,2892,685,2104,641,3.2188,113800,"NEAR BAY"
33,1595,292,991,300,4.6937,134100,"NEAR BAY"
33,1156,190,643,209,4.5,156600,"NEAR BAY"
19,5151,1335,2548,1165,3.3125,158800,"NEAR BAY"
32,1967,348,1144,364,4.4135,150100,"NEAR BAY"
45,1982,376,1179,398,3.5463,130800,"NEAR BAY"
19,2237,580,1438,551,2.3382,120700,"NEAR BAY"
46,1222,236,819,251,3.9118,129400,"NEAR BAY"
36,2191,531,1563,524,2.5164,114200,"NEAR BAY"
29,1899,524,1357,443,1.875,97200,"NEAR BAY"
35,1326,346,1023,295,2.0724,97700,"NEAR BAY"
31,2449,595,1801,548,2.6328,110300,"NEAR BAY"
34,1428,335,1272,319,2.5461,93900,"NEAR BAY"
30,950,317,1073,280,1.8664,107800,"NEAR BAY"
25,1728,403,934,412,3.375,133700,"NEAR BAY"
34,2070,357,784,294,4.0417,182800,"NEAR BAY"
35,1612,354,887,331,2.5769,146100,"NEAR BAY"
22,2099,569,1135,509,2.1915,120800,"NEAR BAY"
15,6487,1717,3408,1560,2.1991,133300,"NEAR BAY"
33,1817,441,1220,389,2.5382,103600,"NEAR BAY"
38,2751,522,1390,489,3.7277,165100,"NEAR BAY"
46,1901,295,833,352,5.5196,210800,"NEAR BAY"
40,1141,213,434,196,3.9464,186900,"NEAR BAY"
42,1627,336,848,316,3.7708,144600,"NEAR BAY"
45,1226,279,590,260,2.8833,140400,"NEAR BAY"
47,1882,361,797,342,3.5848,140800,"NEAR BAY"
43,1876,389,807,377,3.1571,141600,"NEAR BAY"
42,1695,345,719,334,3.9417,139100,"NEAR BAY"
44,1769,332,828,309,4.0526,150800,"NEAR BAY"
45,1128,240,702,270,3.6719,134100,"NEAR BAY"
45,1585,329,981,373,3.0313,135800,"NEAR BAY"
46,1543,339,777,322,4.0927,142600,"NEAR BAY"
44,1675,317,806,311,3.0694,135300,"NEAR BAY"
44,1788,368,933,329,2.875,133400,"NEAR BAY"
39,1986,427,1041,385,3.2333,135100,"NEAR BAY"
38,1340,298,766,241,3.2833,111700,"NEAR BAY"
45,2142,431,1318,431,3.0737,111600,"NEAR BAY"
42,1485,290,971,303,3.6094,114600,"NEAR BAY"
38,1042,289,773,248,2.7714,104700,"NEAR BAY"
47,2313,433,947,430,3.942,143300,"NEAR BAY"
44,1917,444,936,435,2.7391,140300,"NEAR BAY"
31,1611,455,786,411,1.681,145500,"NEAR BAY"
42,2206,451,989,444,3.125,143900,"NEAR BAY"
45,2112,493,1406,452,2.3456,105200,"NEAR BAY"
34,1880,459,1358,422,1.6571,105200,"NEAR BAY"
47,1275,275,844,273,2.8967,95600,"NEAR BAY"
38,1066,248,729,286,1.5139,81700,"NEAR BAY"
45,907,188,479,161,3.0862,79000,"NEAR BAY"
27,844,249,583,265,0.9687,105800,"NEAR BAY"
26,1540,343,1007,338,1.3365,72900,"NEAR BAY"
41,2591,585,1638,462,1.822,79700,"NEAR BAY"
49,969,229,599,195,1.3167,71600,"NEAR BAY"
19,1334,366,1048,316,1.7865,88000,"NEAR BAY"
28,1995,488,1182,439,2.3352,84300,"NEAR BAY"
43,369,107,371,111,1.6,79400,"NEAR BAY"
17,1258,254,885,229,3.05,121600,"NEAR BAY"
40,1064,266,912,239,1.0521,69100,"NEAR BAY"
45,3150,756,1798,749,1.75,37900,"NEAR BAY"
18,3507,711,1224,676,5.0524,269800,"NEAR BAY"
47,3453,779,1353,728,4.016,274500,"NEAR BAY"
52,154,33,89,38,3.2875,275000,"NEAR BAY"
30,2515,481,1327,428,2.1287,95000,"NEAR BAY"
39,2002,416,1166,395,1.7257,91500,"NEAR BAY"
44,1891,449,1047,432,1.7727,86100,"NEAR BAY"
42,1796,389,1107,372,1.9375,87000,"NEAR BAY"
37,709,190,644,174,0.8641,84200,"NEAR BAY"
36,1954,513,1437,440,1.125,93800,"NEAR BAY"
36,921,200,585,236,1.9224,94000,"NEAR BAY"
52,215,41,126,43,1.3929,104200,"NEAR BAY"
4,2851,798,1285,712,4.2895,186800,"NEAR BAY"
34,2326,471,1356,441,2.3475,90300,"NEAR BAY"
27,2158,424,1220,442,3.0156,111500,"NEAR BAY"
32,2389,652,1672,584,1.4423,88300,"NEAR BAY"
45,2225,486,1304,459,2.64,112100,"NEAR BAY"
41,268,75,198,82,3.2222,156300,"NEAR BAY"
29,2304,399,1377,454,5.0187,140600,"NEAR BAY"
26,3887,779,2512,740,2.2301,122400,"NEAR BAY"
28,4649,977,2606,953,3.2674,129100,"NEAR BAY"
34,2669,647,1341,555,2.6399,119600,"NEAR BAY"
39,2955,696,1417,682,2.7628,167800,"NEAR BAY"
43,2549,511,1060,528,3.6417,178400,"NEAR BAY"
45,3924,834,1992,773,4.1146,177800,"NEAR BAY"
39,2505,371,872,345,5.3433,286500,"NEAR BAY"
36,2403,408,917,404,5.0399,253400,"NEAR BAY"
40,3056,489,1103,481,5.1067,247300,"NEAR BAY"
47,1911,283,697,275,6.2712,267700,"NEAR BAY"
32,3943,605,1524,614,6.0677,321600,"NEAR BAY"
35,583,88,235,84,5.943,288200,"NEAR BAY"
32,1736,234,602,231,6.516,401000,"NEAR BAY"
34,2254,357,715,306,4.5,304000,"NEAR BAY"
36,1526,256,696,263,3.5089,261900,"NEAR BAY"
33,296,73,216,63,2.675,22500,"NEAR BAY"
30,1014,236,537,204,2.8456,183300,"NEAR BAY"
38,1250,236,631,279,3.724,220100,"NEAR BAY"
12,1895,600,983,519,2.5,195800,"NEAR BAY"
22,1119,220,565,199,3.3594,186900,"NEAR BAY"
43,2116,407,900,361,4.1587,212200,"NEAR BAY"
33,1615,271,710,285,4.0804,239000,"NEAR BAY"
31,1432,348,681,348,2.7243,218100,"NEAR BAY"
39,2686,569,1159,559,2.9441,200400,"NEAR BAY"
40,2866,617,1305,589,3.6321,209100,"NEAR BAY"
37,2125,489,912,462,2.9219,217200,"NEAR BAY"
41,2053,435,873,415,3.4091,223000,"NEAR BAY"
35,1102,308,688,303,2.3946,141700,"NEAR BAY"
30,1772,471,880,437,2.2672,162500,"NEAR BAY"
36,1450,235,568,234,6,311400,"NEAR BAY"
38,2591,424,905,378,5.1691,263200,"NEAR BAY"
46,2085,346,748,354,4.0536,262000,"NEAR BAY"
40,2085,329,796,339,5.5357,273700,"NEAR BAY"
52,2657,500,1131,489,4.4286,234900,"NEAR BAY"
38,2501,348,805,329,6.5576,358500,"NEAR BAY"
49,3191,516,1148,507,6.3538,333700,"NEAR BAY"
52,1369,249,490,248,4.1212,287500,"NEAR BAY"
41,3009,482,1053,490,5.828,324400,"NEAR BAY"
47,1930,315,692,296,6.3669,315500,"NEAR BAY"
48,2083,298,685,286,7.3089,331200,"NEAR BAY"
16,2739,480,1259,436,3.7557,109400,"NEAR OCEAN"
19,2672,552,1298,478,1.9797,85800,"NEAR OCEAN"
11,3159,616,1343,479,2.4805,73200,"NEAR OCEAN"
17,3461,722,1947,647,2.5795,68400,"NEAR OCEAN"
15,3140,714,1645,640,1.6654,74600,"NEAR OCEAN"
28,3003,699,1530,653,1.7038,78300,"NEAR OCEAN"
20,3810,787,1993,721,2.0074,66900,"NEAR OCEAN"
20,2673,538,1282,514,2.4605,105900,"NEAR OCEAN"
15,2715,569,1532,530,2.1829,69500,"NEAR OCEAN"
21,2696,578,1208,494,2.275,122400,"NEAR OCEAN"
19,1668,324,841,283,2.1336,75000,"NEAR OCEAN"
17,2677,531,1244,456,3.0313,103600,"NEAR OCEAN"
17,3276,628,3546,585,2.2868,103100,"NEAR OCEAN"
22,1880,360,743,314,2.9688,152700,"<1H OCEAN"
18,1504,357,660,258,3.13,116700,"<1H OCEAN"
22,2920,636,1382,499,2.0202,71100,"NEAR OCEAN"
20,1451,386,467,255,1.5536,212500,"INLAND"
8,430,107,36,18,2.625,187500,"INLAND"
22,1058,352,851,269,2.02,87500,"INLAND"
21,2046,580,952,353,1.7245,92200,"INLAND"
25,1789,536,1134,396,2.32,91300,"INLAND"
24,2180,517,755,223,2.5875,173400,"INLAND"
27,1709,408,97,44,2.4917,2e+05,"INLAND"
26,1485,334,406,180,1.9667,84600,"INLAND"
24,856,185,388,108,3.1806,107200,"INLAND"
25,2443,444,868,342,3.5417,114800,"INLAND"
19,1429,292,585,188,2.2589,131600,"INLAND"
27,1492,393,717,254,1.8906,104200,"INLAND"
22,2731,632,1215,483,2.83,110500,"INLAND"
24,1258,216,235,96,4.6,136800,"INLAND"
25,1339,328,503,219,1.9018,109700,"INLAND"
23,1564,298,339,147,4.0417,99300,"INLAND"
24,1216,289,421,185,3.1625,103600,"INLAND"
22,3119,640,786,351,3.0806,118500,"INLAND"
23,1882,414,673,277,2.9091,141900,"INLAND"
28,1194,272,494,203,2.3281,85800,"INLAND"
25,1262,293,534,226,2.6607,90400,"INLAND"
27,2682,606,1010,399,3.15,86900,"INLAND"
28,1408,312,522,221,2.0708,89600,"INLAND"
17,8005,1382,999,383,3.9722,313400,"INLAND"
22,3080,610,1045,425,2.996,126100,"INLAND"
17,1106,207,466,180,3.3295,126600,"INLAND"
26,529,116,191,83,3.5,103600,"INLAND"
23,964,246,485,198,1.7188,96100,"INLAND"
25,1758,357,689,278,2.675,104200,"INLAND"
22,2138,493,829,330,2.2056,107200,"INLAND"
24,1194,246,414,151,3.2396,101900,"INLAND"
27,968,191,283,143,2.0938,94400,"INLAND"
17,2732,609,1005,499,1.9851,86700,"INLAND"
24,1669,422,589,281,3.0089,100800,"INLAND"
21,1653,419,737,308,1.9727,114100,"INLAND"
17,2807,529,675,251,2.7457,107800,"INLAND"
16,3109,572,885,334,3.5,134700,"INLAND"
15,3831,625,984,328,5.0718,162500,"INLAND"
12,1437,268,395,144,4.225,127600,"INLAND"
17,2722,512,828,289,3.5714,109700,"INLAND"
15,3142,618,725,285,4.3333,121400,"INLAND"
16,2708,481,712,261,3.7891,117700,"INLAND"
15,3042,588,918,336,3.8333,118800,"INLAND"
19,2429,459,883,300,3.017,97600,"INLAND"
22,2465,539,381,146,2.875,87500,"INLAND"
18,2040,402,350,129,4.0313,126000,"INLAND"
16,1463,264,54,26,4.975,206300,"INLAND"
19,2967,528,112,48,4.0714,437500,"INLAND"
33,1561,282,30,11,1.875,500001,"INLAND"
7,4341,716,1978,682,4.8311,172200,"INLAND"
11,3522,623,1456,544,3.93,163400,"INLAND"
10,1604,352,540,190,3.7625,113200,"INLAND"
15,3876,778,1960,691,2.902,127300,"INLAND"
11,1720,345,850,326,3.2027,128600,"INLAND"
12,2180,423,1070,377,2.8562,128200,"INLAND"
11,1280,286,609,248,3.1635,132600,"INLAND"
17,1438,324,675,268,2.9444,119300,"INLAND"
15,1374,291,709,239,1.7222,118500,"INLAND"
8,1877,479,884,323,3.4688,120100,"INLAND"
10,81,41,55,16,4.9583,87500,"INLAND"
11,1961,435,113,53,0.9227,95500,"INLAND"
15,5218,711,1949,659,4.7083,213300,"INLAND"
10,2499,331,1040,333,6.844,239600,"INLAND"
22,1831,274,813,269,4.6394,173400,"INLAND"
9,13255,1739,5001,1627,6.314,228900,"INLAND"
12,3425,549,1357,451,5.3344,217500,"INLAND"
7,6322,1046,2957,1024,4.7276,197500,"INLAND"
5,5743,1074,2651,962,4.1163,172500,"INLAND"
4,7392,1155,3096,1065,4.5246,198900,"INLAND"
8,4913,744,2005,723,5.4413,187900,"INLAND"
13,3432,516,1286,470,5.584,186600,"INLAND"
9,2073,404,916,373,3.225,163300,"INLAND"
5,4810,909,2242,900,3.2964,176900,"INLAND"
10,3421,563,1689,545,5.2032,217100,"INLAND"
11,2339,436,1062,380,3.9036,180800,"INLAND"
9,3707,602,1601,555,4.0714,300600,"INLAND"
12,2213,384,1097,351,4.5568,170100,"INLAND"
12,4545,748,2033,718,4.1843,207600,"INLAND"
12,3247,579,1459,517,4.3981,202800,"INLAND"
9,2229,355,788,341,5.5111,196300,"INLAND"
11,5460,859,2645,838,4.835,230600,"INLAND"
13,2692,470,1302,420,4,167400,"INLAND"
11,1013,188,410,158,4.825,184600,"INLAND"
15,1533,300,674,287,2.5625,146100,"INLAND"
17,3685,775,1714,734,2.2269,128300,"INLAND"
17,2616,492,1158,457,2.8807,142600,"INLAND"
38,2005,385,882,353,2.5104,120500,"INLAND"
28,4236,877,2008,881,2.1603,111300,"INLAND"
29,2259,482,1099,463,2.3314,121600,"INLAND"
21,3509,606,1576,564,2.6392,148500,"INLAND"
17,512,129,314,140,1.5625,108300,"INLAND"
31,3117,616,1606,588,2.9844,127900,"INLAND"
42,1276,260,799,259,2.7273,128600,"INLAND"
19,4414,767,1865,699,3.6406,150900,"INLAND"
35,2104,403,1060,400,2.1682,138100,"INLAND"
19,2325,430,967,376,2.9,158700,"INLAND"
17,2146,396,862,351,2.9219,141300,"INLAND"
15,2155,394,857,356,4.03,141200,"INLAND"
21,1661,406,789,319,2.3583,108700,"INLAND"
22,1236,273,615,248,3.0217,106900,"INLAND"
21,1728,417,731,334,1.7266,94700,"INLAND"
17,3145,621,1432,559,2.7201,117500,"INLAND"
13,4492,821,2093,734,4.0709,151700,"INLAND"
11,4577,836,1944,700,4.0675,140200,"INLAND"
10,6305,1150,2597,921,4.0197,132200,"INLAND"
14,1821,316,769,266,3.0789,131700,"INLAND"
9,3006,540,1102,418,3.9812,136600,"INLAND"
14,2925,625,1226,437,2.5865,133800,"INLAND"
19,2715,596,1301,473,2.5042,126400,"INLAND"
8,892,185,427,164,2.6833,118800,"INLAND"
15,432,87,208,73,3.6125,1e+05,"INLAND"
9,2598,548,796,297,3.5192,98000,"INLAND"
13,1115,255,86,32,3.5667,115600,"INLAND"
34,1988,511,36,15,4.625,162500,"INLAND"
8,3417,604,1703,623,4.0827,170700,"INLAND"
12,1313,231,731,232,5.7373,208300,"INLAND"
14,8396,1578,3952,1474,3.0565,118800,"INLAND"
17,2319,430,1126,372,3.5511,155900,"INLAND"
18,5928,1097,2697,1096,3.4872,141400,"INLAND"
13,5036,1034,2243,923,2.3319,138500,"INLAND"
51,956,196,662,180,2.101,56700,"INLAND"
47,1314,416,1155,326,1.372,49600,"INLAND"
36,607,155,483,146,1.5625,47500,"INLAND"
52,112,28,193,40,1.975,47500,"INLAND"
45,925,231,797,228,1.7011,44800,"INLAND"
43,1286,360,972,345,0.9513,50400,"INLAND"
46,1414,268,902,243,1.5833,56700,"INLAND"
50,772,194,606,167,2.2206,59200,"INLAND"
44,1960,393,1286,381,2.1518,53000,"INLAND"
43,1763,389,1623,390,1.4427,47700,"INLAND"
52,1377,319,1280,259,1.2344,43300,"INLAND"
45,1081,241,821,230,1.7829,52600,"INLAND"
39,1287,332,1386,306,1.5227,46900,"INLAND"
20,1855,519,1091,443,1.5547,93900,"INLAND"
15,1461,415,924,356,2.5045,90300,"INLAND"
35,2114,506,2050,474,1.2375,50000,"INLAND"
31,1404,379,1515,387,1.2813,56400,"INLAND"
35,853,296,1228,289,1.0513,39600,"INLAND"
52,173,87,401,84,2.1094,75000,"INLAND"
25,1717,542,1343,471,0.799,51800,"INLAND"
41,1659,466,1391,447,1.3527,61200,"INLAND"
33,3161,934,3530,846,1.123,46700,"INLAND"
52,610,128,406,122,1.8967,43800,"INLAND"
25,2581,528,1642,509,1.6435,52600,"INLAND"
17,1276,242,927,238,2.6176,54100,"INLAND"
21,1702,358,1347,316,2.4137,62100,"INLAND"
28,60,10,46,13,4.35,67500,"INLAND"
43,355,81,233,75,2.4167,73900,"INLAND"
19,1719,391,1369,368,1.25,53000,"INLAND"
29,1541,291,1007,313,2.0043,53500,"INLAND"
25,1026,221,789,183,1.5625,52800,"INLAND"
19,1334,336,1171,319,1.0481,48500,"INLAND"
15,1908,417,1383,375,1.0472,57800,"INLAND"
23,1731,363,1210,341,1.3922,49500,"INLAND"
28,1592,304,962,282,1.3304,51300,"INLAND"
52,314,57,178,66,1.2404,52500,"INLAND"
22,354,121,530,115,2.1458,34400,"INLAND"
41,1562,322,927,277,1.3047,44100,"INLAND"
35,1987,394,1233,383,1.3587,45300,"INLAND"
17,5872,1250,5034,1224,2.1905,61800,"INLAND"
29,1745,441,1530,391,1.5611,44400,"INLAND"
24,1240,265,1035,232,2.875,60600,"INLAND"
34,1254,272,1056,279,2.3269,50800,"INLAND"
25,3972,842,2863,729,2.1304,58500,"INLAND"
22,3247,859,4179,881,1.3343,60800,"INLAND"
46,1347,282,854,267,1.8723,52600,"INLAND"
39,1553,363,1449,341,1.4419,45500,"INLAND"
39,2290,539,1685,536,1.6325,52100,"INLAND"
42,1236,272,946,261,2.0536,50000,"INLAND"
6,1926,303,965,316,4.7463,93100,"INLAND"
19,2788,614,1365,525,2.7813,120300,"INLAND"
17,2438,598,1563,538,1.5449,62500,"INLAND"
13,2343,409,1347,405,4.0027,93100,"INLAND"
27,2845,417,1219,460,4.9196,117900,"INLAND"
30,2437,349,1005,380,7.2211,171700,"INLAND"
23,2097,385,911,405,3.5128,121600,"INLAND"
25,556,79,249,71,4.4583,108300,"INLAND"
31,843,140,453,149,2.6875,153800,"INLAND"
7,2461,647,1587,551,1.4007,225000,"INLAND"
9,1914,491,1116,424,1.4646,65900,"INLAND"
15,1713,246,766,232,6.8162,127200,"INLAND"
26,2645,1005,1660,991,0.6991,89500,"INLAND"
9,1621,428,678,394,2.2437,54200,"INLAND"
19,3972,585,1586,560,5.2608,151400,"INLAND"
7,2456,463,1350,424,3.0179,91600,"INLAND"
15,2246,456,1190,403,2.0294,70400,"INLAND"
32,755,205,681,207,1.7986,49300,"INLAND"
36,1432,269,836,237,2.1563,88300,"INLAND"
29,1243,312,836,277,1.8355,74200,"INLAND"
20,2512,449,1464,450,3.9211,92300,"INLAND"
33,1036,181,620,174,3.4107,110400,"INLAND"
6,1931,422,1344,414,1.6607,58000,"INLAND"
39,1237,256,638,239,3.0139,65300,"INLAND"
19,2546,463,1257,418,2.9013,89500,"INLAND"
31,834,229,616,211,1.6602,61200,"INLAND"
35,2080,365,1026,333,3.5781,92800,"INLAND"
31,1551,296,1058,287,3.3438,92600,"INLAND"
31,2214,432,1326,416,2.1691,66700,"INLAND"
27,1226,240,706,211,2.77,68400,"INLAND"
30,1694,312,1008,321,2.2466,96000,"INLAND"
34,2263,423,1184,407,1.7692,74200,"INLAND"
43,524,93,302,93,2.6146,81300,"INLAND"
30,1584,316,984,300,2.0658,67900,"INLAND"
32,1485,269,867,271,2.5809,78300,"INLAND"
35,1191,190,537,182,3.5375,96700,"INLAND"
6,1853,473,1397,417,1.4817,72000,"INLAND"
15,3291,772,1738,634,1.976,67300,"INLAND"
41,1022,209,741,213,2.0781,48800,"INLAND"
34,1186,300,774,271,1.575,57100,"INLAND"
33,662,183,607,181,1.3929,55600,"INLAND"
48,2059,388,834,405,2.9306,67900,"INLAND"
51,2419,486,1284,426,2.2029,54200,"INLAND"
52,1827,356,855,353,1.7636,55100,"INLAND"
41,1973,399,1107,375,1.8971,66900,"INLAND"
46,2194,563,924,542,1.4028,68500,"INLAND"
52,1853,437,764,390,1.6429,69200,"INLAND"
52,1788,449,1156,418,1.7298,58400,"INLAND"
52,1792,352,1049,357,2.4375,57100,"INLAND"
52,2224,418,832,406,2.3952,78400,"INLAND"
52,1185,260,635,239,1.175,56100,"INLAND"
52,377,97,530,96,1,45000,"INLAND"
46,2625,593,1368,551,1.5273,59000,"INLAND"
52,2408,498,1361,465,2.1055,61300,"INLAND"
47,1425,323,949,325,1.7344,51300,"INLAND"
49,1175,307,982,278,1.2937,52000,"INLAND"
43,2070,512,1925,444,1.4635,46600,"INLAND"
50,1343,322,1063,342,1.75,49800,"INLAND"
23,3800,1003,3786,917,1.4766,50600,"INLAND"
35,1607,383,1407,382,2.19,53400,"INLAND"
41,1576,417,1567,366,1.2545,45500,"INLAND"
40,2009,519,2219,505,1.2101,49100,"INLAND"
43,1623,294,781,272,1.869,56000,"INLAND"
43,1945,413,1492,422,1.5174,54600,"INLAND"
35,2347,526,1676,481,1.6548,49400,"INLAND"
52,2137,448,1194,444,1.3029,69100,"INLAND"
50,1325,280,811,281,1.8667,62800,"INLAND"
51,1454,235,729,252,3.3125,70100,"INLAND"
44,1818,412,1680,418,1.7083,48300,"INLAND"
39,2233,563,2031,491,1.8641,50800,"INLAND"
47,2236,418,1042,397,2.9545,59600,"INLAND"
39,4893,1210,4749,1067,1.2065,55600,"INLAND"
39,1740,351,1098,347,1.8958,51300,"INLAND"
50,1515,294,852,297,1.9955,54200,"INLAND"
49,2331,460,1290,477,2.5111,55400,"INLAND"
42,2093,470,1621,438,1.7994,58700,"INLAND"
36,912,216,842,219,1.4766,52800,"INLAND"
29,2077,524,1887,489,1.4107,59800,"INLAND"
32,2072,497,2002,470,1.3278,44500,"INLAND"
11,4832,993,2190,888,2.6611,74700,"INLAND"
30,1548,282,886,311,3.1,71300,"INLAND"
27,1691,282,869,337,3.9514,86900,"INLAND"
14,6202,1551,5561,1435,1.6073,64700,"INLAND"
39,1745,321,901,303,3.1719,67900,"INLAND"
11,3626,779,1819,731,2.4956,87500,"INLAND"
18,8099,1670,4476,1514,2.4728,88300,"INLAND"
28,2675,527,1392,521,2.3108,72000,"INLAND"
34,1768,303,888,314,3.8088,87700,"INLAND"
34,1891,323,966,355,3.6681,82000,"INLAND"
11,5112,1384,2487,1243,2.1461,75900,"INLAND"
15,2376,538,1197,510,3.1417,74600,"INLAND"
16,2396,526,1338,518,2.1653,78800,"INLAND"
15,3045,689,1340,588,3.1953,85700,"INLAND"
17,2056,366,1259,367,3.9338,84700,"INLAND"
17,1415,267,861,293,3.25,81400,"INLAND"
9,1122,290,662,284,2.0536,55000,"INLAND"
31,1746,321,1186,360,2.6932,66400,"INLAND"
25,875,156,646,166,3,72800,"INLAND"
23,2128,442,1047,450,2.625,71500,"INLAND"
24,1316,249,781,260,3.7578,69200,"INLAND"
15,2175,564,1194,482,2.6767,87500,"INLAND"
24,4410,939,2362,862,2.9406,73000,"INLAND"
30,2427,482,1375,518,2.5737,76900,"INLAND"
32,1962,399,1005,392,2.6726,70400,"INLAND"
35,1129,220,474,242,2.4405,74300,"INLAND"
33,1145,197,508,198,2.3333,81300,"INLAND"
27,4049,947,2254,882,2.2467,70700,"INLAND"
36,2507,466,1227,474,2.785,72300,"INLAND"
38,3804,814,2142,816,2.1439,60200,"INLAND"
38,3065,658,1441,625,2.0564,64700,"INLAND"
36,3616,779,1994,786,2.5434,67300,"INLAND"
40,1411,284,609,296,1.9375,67700,"INLAND"
29,2554,705,2669,655,1.2176,61900,"INLAND"
45,1315,256,666,240,2.3562,58100,"INLAND"
37,2185,455,1143,438,1.9784,70700,"INLAND"
30,1610,410,1000,397,2.0357,60200,"INLAND"
52,2964,512,1114,486,3.8105,87600,"INLAND"
50,1818,374,737,338,2.2614,73000,"INLAND"
41,2227,462,1129,415,2.319,59100,"INLAND"
43,2323,502,1144,471,2.3967,58700,"INLAND"
52,2281,371,839,367,3.5972,89900,"INLAND"
49,1749,314,705,300,3.15,72200,"INLAND"
48,1805,329,741,331,2.5804,78900,"INLAND"
43,2341,395,890,375,3.4265,85000,"INLAND"
37,1965,364,796,335,3.625,83400,"INLAND"
36,1370,289,812,282,2.6127,69600,"INLAND"
41,1441,274,646,296,3.0568,71300,"INLAND"
36,2252,468,1117,442,2.9081,65600,"INLAND"
32,2867,615,1705,570,2.4286,68100,"INLAND"
23,2168,503,1190,425,2.625,71600,"INLAND"
30,3162,640,1660,639,2.8359,80300,"INLAND"
8,2875,548,1718,551,3.6522,80200,"INLAND"
7,1932,419,1014,389,3.0938,76700,"INLAND"
5,3821,705,2179,694,3.7821,80400,"INLAND"
4,6102,1114,3406,1115,3.4213,84500,"INLAND"
8,3096,684,1454,545,2.7857,79700,"INLAND"
7,2232,490,1274,499,2.9853,74700,"INLAND"
9,1142,314,620,283,2.0446,81300,"INLAND"
27,1510,344,847,295,2.9315,83200,"INLAND"
10,2067,450,845,354,1.8214,80100,"INLAND"
24,1143,245,608,240,2.8194,81100,"INLAND"
34,1649,323,919,316,2.875,74500,"INLAND"
22,1970,332,1066,319,3.3125,106100,"INLAND"
17,1987,335,1152,313,4.1719,126400,"INLAND"
18,1422,243,702,230,3.6204,119800,"INLAND"
38,1446,285,928,255,2.9808,89600,"INLAND"
20,1745,348,1093,302,2.3194,90600,"INLAND"
19,2020,416,1341,360,1.7,69000,"INLAND"
26,1453,251,896,260,3.4861,112500,"INLAND"
33,1902,370,1168,358,2.6852,70800,"INLAND"
14,3182,730,2298,721,1.6168,71800,"INLAND"
24,1961,422,1559,374,1.8299,57800,"INLAND"
22,1339,251,820,276,3.6,83200,"INLAND"
32,981,237,736,249,1.8,60400,"INLAND"
19,2627,502,1295,441,3.087,88200,"INLAND"
30,1233,214,620,199,3.4297,112500,"INLAND"
45,1270,242,598,214,3.2813,105400,"INLAND"
25,1270,255,1050,245,2.1618,55300,"INLAND"
48,1341,239,671,208,2.7917,82800,"INLAND"
29,2205,366,1072,345,3.8056,165400,"INLAND"
30,2288,474,1435,425,1.3221,61200,"INLAND"
8,2580,372,1111,393,7.5,256200,"INLAND"
4,4833,784,2088,789,5.1781,122500,"INLAND"
15,2563,335,1080,356,6.7181,160300,"INLAND"
11,2497,427,1101,405,4.8036,141600,"INLAND"
12,1488,253,675,223,4.7622,89300,"INLAND"
9,3995,778,1691,712,3.3239,91300,"INLAND"
15,1387,236,638,195,5.5842,88900,"INLAND"
16,1852,274,887,286,5.5405,119300,"INLAND"
2,4055,735,1730,654,4.2132,96500,"INLAND"
4,4530,1070,1804,837,3.3942,72100,"INLAND"
6,1891,341,969,330,4.6726,107800,"INLAND"
15,1743,310,1011,325,3.755,68000,"INLAND"
14,1876,324,1031,311,3.6563,88800,"INLAND"
14,4177,914,2300,867,2.9565,73000,"INLAND"
18,2536,516,1196,466,2.5595,67900,"INLAND"
8,3791,487,1424,475,10.5144,345900,"INLAND"
12,2272,304,840,305,8.9669,213900,"INLAND"
12,2396,290,863,258,8.7716,229200,"INLAND"
17,2273,298,700,263,6.8645,195900,"INLAND"
14,2351,341,1128,363,6.9903,141200,"INLAND"
14,2982,412,1408,423,5.3241,123000,"INLAND"
17,3012,408,987,362,7.4201,229700,"INLAND"
16,2868,376,1016,379,6.1175,144700,"INLAND"
17,2807,376,996,353,5.5357,167700,"INLAND"
14,1087,165,365,176,7.2909,155600,"INLAND"
28,2268,336,752,330,5.2809,151500,"INLAND"
25,3305,551,1149,500,5.0698,150900,"INLAND"
18,2789,378,937,364,7.7062,188300,"INLAND"
10,2902,363,1200,363,8.3608,187300,"INLAND"
7,4139,544,1843,562,8.2737,193500,"INLAND"
8,1519,234,711,248,5.9897,123600,"INLAND"
15,1924,262,848,277,5.3886,125300,"INLAND"
15,2058,412,891,378,3.2569,124400,"INLAND"
7,4907,1075,2014,909,3.2147,111900,"INLAND"
12,782,166,292,164,2.8274,79500,"INLAND"
8,3468,675,1604,626,4.2071,128300,"INLAND"
11,2596,619,1765,539,1.9511,54000,"INLAND"
22,1529,375,1543,395,1.7926,51700,"INLAND"
7,6434,1201,2733,1045,3.7656,145000,"INLAND"
17,2340,370,1174,396,4.2304,94400,"INLAND"
7,2289,342,1077,354,5.4868,158800,"INLAND"
9,2340,544,860,520,3.3229,119300,"INLAND"
19,6789,1200,2325,1109,4.049,126000,"INLAND"
10,5780,922,2712,883,5.6445,135500,"INLAND"
11,2754,663,1328,604,2.3667,69300,"INLAND"
25,2330,462,1215,467,3.2143,93000,"INLAND"
17,1560,261,709,258,4.3315,95800,"INLAND"
15,3356,694,1232,627,2.2215,72200,"INLAND"
23,4358,819,1852,802,3.4167,105200,"INLAND"
22,4241,1147,1929,971,1.7708,53500,"INLAND"
24,5377,1005,2010,982,3.4542,121200,"INLAND"
33,3972,594,1324,561,5.4513,143300,"INLAND"
43,1951,288,725,308,6.3359,169300,"INLAND"
38,2252,325,777,314,6.1575,160100,"INLAND"
24,3756,681,1586,739,3.8571,90100,"INLAND"
33,1670,256,528,250,2.9471,99500,"INLAND"
29,2806,552,1242,540,3.5958,88800,"INLAND"
16,6101,1200,3407,1134,3.125,80800,"INLAND"
16,2849,506,1508,478,3.4074,72700,"INLAND"
19,3244,776,1463,710,2.0469,66900,"INLAND"
35,1872,363,1054,369,3.3272,65600,"INLAND"
35,1789,357,933,357,2.5223,66200,"INLAND"
24,3242,795,2764,773,1.3385,58800,"INLAND"
21,3235,648,1820,614,3.3447,71400,"INLAND"
24,3505,819,2098,774,1.9575,67000,"INLAND"
35,1012,245,633,240,2.0324,55500,"INLAND"
36,1650,313,660,298,3,79700,"INLAND"
36,1582,313,761,318,2.6055,69200,"INLAND"
35,1474,291,709,294,2.6522,65900,"INLAND"
18,5822,1439,3415,1224,1.6854,64700,"INLAND"
35,2314,443,954,457,2.9506,73800,"INLAND"
33,3433,785,1806,783,1.9386,67500,"INLAND"
38,1912,456,1131,408,2.03,58800,"INLAND"
43,2382,431,874,380,3.5542,96500,"INLAND"
39,2471,460,1118,431,2.4167,71900,"INLAND"
45,1337,187,471,187,5.187,153800,"INLAND"
35,1877,328,1155,353,3.069,69600,"INLAND"
34,2200,493,1243,431,1.8514,66500,"INLAND"
27,2462,484,852,449,3.32,124700,"INLAND"
33,1461,261,494,254,4.25,132200,"INLAND"
34,2679,460,1141,470,3.2642,89600,"INLAND"
31,2164,456,959,463,2.3293,73400,"INLAND"
26,1700,423,909,386,2.256,64500,"INLAND"
19,1524,448,960,386,1.5122,47500,"INLAND"
33,2260,440,966,413,2.9301,68300,"INLAND"
26,3654,837,1976,830,2.1544,72800,"INLAND"
30,6117,1330,2768,1224,2.1383,78800,"INLAND"
27,2258,427,1076,423,2.9937,81100,"INLAND"
32,2463,468,1261,486,3.3281,75100,"INLAND"
28,2857,619,1614,592,2.1573,71400,"INLAND"
28,3257,752,1981,712,2.293,71700,"INLAND"
29,3494,662,1781,616,2.5893,70900,"INLAND"
32,3461,665,1507,649,2.9244,84600,"INLAND"
34,3426,623,1938,647,2.8994,66000,"INLAND"
20,6257,1346,2795,1267,2.2094,83700,"INLAND"
24,3748,770,1827,719,2.7222,83100,"INLAND"
18,10862,2401,5466,2209,2.4678,74300,"INLAND"
25,2718,504,1257,465,2.3333,90600,"INLAND"
30,3308,662,1894,648,2.197,74500,"INLAND"
19,4643,1429,4638,1335,1.2716,69400,"INLAND"
25,1565,271,661,275,3.4279,84700,"INLAND"
17,6932,1486,3056,1453,2.3375,99300,"INLAND"
28,1713,302,663,282,3.567,85500,"INLAND"
18,4164,741,1817,681,4.2153,95200,"INLAND"
22,2803,438,1234,457,4.5179,99600,"INLAND"
20,3214,446,1360,463,5.2595,110900,"INLAND"
19,3237,507,1378,510,4.7804,101100,"INLAND"
16,2360,355,1034,359,5.0635,108500,"INLAND"
17,3690,628,1888,601,4.0196,84200,"INLAND"
15,2793,436,1411,441,4.9292,109400,"INLAND"
14,4675,829,2235,787,4.1098,108200,"INLAND"
3,7520,1143,2878,1077,5.3272,174200,"INLAND"
3,13802,2244,5226,1972,5.0941,143700,"INLAND"
3,10425,2121,4432,1778,3.9032,140800,"INLAND"
15,1449,277,649,265,2.4861,86300,"INLAND"
17,2236,315,992,312,6.9405,165200,"INLAND"
20,1676,263,786,240,4,164600,"INLAND"
20,2655,432,1081,379,4.5398,143100,"INLAND"
15,2373,364,1280,386,5.308,167500,"INLAND"
23,3532,756,1885,758,2.5904,71400,"INLAND"
25,2379,540,1482,484,2.3173,68200,"INLAND"
32,2623,528,1570,492,2.7159,68000,"INLAND"
5,1087,338,623,362,1.8061,113400,"INLAND"
15,2727,500,1228,436,3.5078,109000,"INLAND"
14,3348,491,1584,493,5.0828,111400,"INLAND"
12,2144,568,1320,566,2.3381,112500,"INLAND"
19,2282,550,1034,500,1.6618,69700,"INLAND"
19,1648,368,557,354,1.7969,72800,"INLAND"
28,1651,305,780,309,2.9453,72200,"INLAND"
19,1699,356,994,368,2.7778,79700,"INLAND"
16,2627,613,1054,623,1.9483,112500,"INLAND"
15,946,239,550,246,2.2639,52500,"INLAND"
7,2075,353,1040,362,3.9943,100200,"INLAND"
8,943,189,475,155,4.9327,89500,"INLAND"
28,1868,350,898,329,3.1814,78900,"INLAND"
3,2029,336,1003,340,4.4356,111300,"INLAND"
4,2145,334,1024,308,5.0864,113700,"INLAND"
11,2455,344,1110,339,6.1133,120000,"INLAND"
2,2579,376,1133,342,4.5577,123300,"INLAND"
4,1262,216,622,199,4.9432,114400,"INLAND"
13,2589,413,1356,435,5.0253,106200,"INLAND"
17,1897,433,1207,384,1.8021,55900,"INLAND"
15,3303,512,1687,505,4.81,93600,"INLAND"
16,2668,454,1536,457,3.9792,88900,"INLAND"
13,1524,366,994,370,2.5446,93800,"INLAND"
15,2892,496,1634,501,4.4934,88000,"INLAND"
7,2855,518,1748,498,4.2066,88400,"INLAND"
31,2576,458,1306,418,3.2813,68700,"INLAND"
9,3712,508,1632,474,6.011,163100,"INLAND"
13,1736,313,993,314,3.7697,83600,"INLAND"
15,2524,451,1207,424,2.7404,76300,"INLAND"
22,2456,496,1720,417,2.6875,60600,"INLAND"
5,2613,476,1490,481,4.0993,83000,"INLAND"
21,1260,182,583,205,6.0132,150800,"INLAND"
15,2397,353,1258,347,4.9904,157300,"INLAND"
14,4872,656,2085,617,5.6739,173800,"INLAND"
19,1317,189,517,187,4.526,148700,"INLAND"
22,4126,614,1795,613,4.925,154700,"INLAND"
42,1338,215,617,222,3.0833,133300,"INLAND"
20,2822,479,1372,455,4.5625,136900,"INLAND"
13,6135,863,2473,774,5.4895,156700,"INLAND"
19,3225,548,1760,542,4.0227,126500,"INLAND"
18,1284,193,621,190,4.5375,130600,"INLAND"
20,1089,208,531,212,4.5938,106900,"INLAND"
11,2510,460,1248,445,3.6161,99500,"INLAND"
29,1963,392,1208,398,2.5741,73000,"INLAND"
37,1609,374,1173,344,2.181,59900,"INLAND"
10,1657,359,958,380,2.6458,84800,"INLAND"
34,1759,354,899,337,2.6823,72900,"INLAND"
40,1195,326,1135,315,2.1182,58900,"INLAND"
31,1671,372,1371,347,2.3687,63900,"INLAND"
30,2370,412,1248,410,3.1442,72300,"INLAND"
7,1761,309,974,308,3.7261,83900,"INLAND"
42,1032,215,812,225,1.9766,58100,"INLAND"
21,1551,423,1519,406,1.7132,55900,"INLAND"
20,1815,375,1665,357,2.2448,58900,"INLAND"
32,1963,508,2052,518,1.9076,55800,"INLAND"
6,1186,234,1135,218,2.1515,63900,"INLAND"
21,1834,321,1120,314,2.59,69300,"INLAND"
19,3351,589,1578,542,3.2917,160100,"INLAND"
18,1802,332,945,292,3.4044,115300,"INLAND"
25,1784,312,904,303,3.625,107600,"INLAND"
38,949,190,578,187,2.3618,80000,"INLAND"
37,1486,296,977,290,3.5074,93800,"INLAND"
24,2532,555,1564,507,2.3359,92400,"INLAND"
14,863,151,315,135,4.2679,151800,"INLAND"
16,4199,794,2140,722,3.332,111800,"INLAND"
16,2904,551,1467,509,3.1736,111800,"INLAND"
12,2980,495,1184,429,3.9141,123900,"INLAND"
15,1879,411,755,294,2,83300,"INLAND"
44,3042,697,335,115,4.1838,85600,"INLAND"
12,2255,472,1006,334,4.1563,94000,"INLAND"
22,2211,477,773,288,3.3269,102700,"INLAND"
23,1881,380,64,37,3.875,125000,"INLAND"
34,1901,394,171,73,3.0729,144600,"INLAND"
15,3111,651,276,107,5.1314,179200,"INLAND"
19,1616,324,187,80,3.7857,78600,"INLAND"
17,2052,405,975,340,2.6902,94400,"INLAND"
13,2813,579,1385,512,2.2202,1e+05,"INLAND"
13,3963,812,1905,671,2.2278,90500,"INLAND"
26,1922,339,1148,332,2.6058,92200,"INLAND"
26,1874,416,1834,432,1.6486,55200,"INLAND"
33,1485,374,1544,329,1.7292,52000,"INLAND"
15,1070,256,1070,243,1.5642,51500,"INLAND"
25,831,230,947,244,1.4481,51700,"INLAND"
19,1484,296,1296,298,2.4219,65800,"INLAND"
5,2353,608,2505,573,2.2863,69200,"INLAND"
34,864,184,579,171,2.0417,72500,"INLAND"
42,510,88,247,99,2.5,73000,"INLAND"
13,1348,258,719,246,3.625,108300,"INLAND"
17,1531,280,775,246,3.9073,91600,"INLAND"
15,1371,306,1266,309,1.767,63300,"INLAND"
32,1153,236,761,241,2.825,67600,"INLAND"
36,2294,489,1430,454,1.8975,60900,"INLAND"
28,1343,330,1331,305,1.516,56700,"INLAND"
18,1404,226,754,229,3.9844,118100,"INLAND"
41,1749,342,1171,314,1.6875,66100,"INLAND"
18,1425,280,753,266,3.7813,87300,"INLAND"
28,1274,215,572,202,3.825,84200,"INLAND"
18,2379,448,1638,436,2.309,57100,"INLAND"
20,1490,318,1474,326,1.4937,54700,"INLAND"
14,3004,793,3535,735,1.586,56900,"INLAND"
34,1440,267,1018,265,2.2206,63400,"INLAND"
21,2106,410,867,380,1.9913,95300,"INLAND"
33,1225,275,1065,248,1.8958,55100,"INLAND"
33,587,170,730,162,1.5625,55800,"INLAND"
27,1388,296,1056,284,1.6094,55200,"INLAND"
27,823,171,798,200,3.0521,113800,"INLAND"
43,1676,320,1056,276,2.5562,93200,"INLAND"
33,1589,294,1102,307,1.9676,62400,"INLAND"
13,1788,405,1652,411,2.6858,62400,"INLAND"
19,1733,303,911,281,3.5987,131700,"INLAND"
28,1452,300,919,308,2.8287,73100,"INLAND"
29,1312,280,788,271,2.6974,73000,"INLAND"
17,2287,390,1330,393,4.0197,88000,"INLAND"
10,2842,620,1443,576,2.2727,92700,"INLAND"
42,2311,439,1347,436,2.5556,69700,"INLAND"
33,1923,403,1205,389,1.8333,68300,"INLAND"
42,2242,521,1359,483,1.5833,65100,"INLAND"
22,1794,435,1127,359,1.2647,55300,"INLAND"
36,738,168,737,186,1.4415,54400,"INLAND"
34,576,117,363,97,2.0658,92500,"INLAND"
34,1911,497,1886,481,1.625,53000,"INLAND"
30,1722,372,1467,403,1.8878,51600,"INLAND"
34,2065,343,1041,313,3.2917,111500,"INLAND"
16,2703,415,1106,372,4.2045,120900,"INLAND"
46,1889,390,971,403,2.2132,76600,"INLAND"
37,1018,213,663,204,1.6635,67000,"INLAND"
9,3860,809,2157,770,2.5033,70100,"INLAND"
31,1986,417,1042,422,3.0294,70200,"INLAND"
19,2746,495,1670,518,3.2019,95700,"INLAND"
32,1513,272,1038,272,3.0469,82700,"INLAND"
32,1604,292,868,276,2.1908,110000,"INLAND"
30,1671,319,966,282,3.1333,1e+05,"INLAND"
35,990,192,674,178,3.3214,101600,"INLAND"
20,1741,331,1466,289,2.5921,94200,"INLAND"
26,1727,289,802,259,3.2083,75000,"INLAND"
29,1702,301,914,280,2.8125,79200,"INLAND"
29,1799,356,1278,387,1.7813,57900,"INLAND"
34,1370,287,818,269,2.4044,72500,"INLAND"
32,1393,276,999,245,2.0216,76800,"INLAND"
31,1241,254,767,226,2.7321,83600,"INLAND"
19,1310,241,702,217,2.4375,78200,"INLAND"
31,1732,332,979,294,2.5208,60000,"INLAND"
34,1422,237,716,222,2.975,90000,"INLAND"
17,1497,308,1425,247,2.0313,69400,"INLAND"
20,1935,363,1319,359,2.4814,74600,"INLAND"
24,2246,462,1291,394,2.4006,76400,"INLAND"
19,2439,462,1416,469,2.4474,75600,"INLAND"
34,1175,251,683,261,1.7176,58400,"INLAND"
23,1824,354,1146,362,2.8913,60900,"INLAND"
18,1128,237,772,220,2.1771,39200,"INLAND"
18,1524,414,2030,356,2.1153,112500,"INLAND"
17,598,160,715,146,2.3295,55000,"INLAND"
12,1462,356,1708,367,1.5086,64700,"INLAND"
12,1923,559,2809,535,1.4191,55100,"INLAND"
11,1337,412,1376,318,2.4398,87500,"INLAND"
29,579,116,218,99,2.1458,104200,"INLAND"
36,613,124,310,124,3.0658,65000,"INLAND"
18,1206,274,622,217,1.8264,62000,"INLAND"
17,2279,448,1200,420,2.7461,70000,"INLAND"
10,2522,533,1335,493,3.2639,86400,"INLAND"
34,2084,339,868,347,4.381,86300,"INLAND"
18,1519,296,846,272,2.7792,85300,"INLAND"
9,2671,647,1484,541,1.7075,60400,"INLAND"
29,1938,434,1306,415,3.0134,55500,"INLAND"
24,943,209,514,156,2.25,76600,"INLAND"
31,1177,221,744,223,2.4937,66000,"INLAND"
25,948,198,613,171,2.3026,90600,"INLAND"
29,1479,338,1408,322,2.293,57200,"INLAND"
25,875,214,931,214,1.5536,58300,"INLAND"
14,1508,347,1679,345,2.4786,56000,"INLAND"
24,1335,312,1180,267,1.947,68900,"INLAND"
18,819,198,996,198,2.5,112500,"INLAND"
20,1193,263,1274,241,1.9417,38800,"INLAND"
11,1947,488,2104,486,1.7184,55200,"INLAND"
25,1689,495,1745,457,1.9056,60000,"INLAND"
25,991,272,941,262,1.8125,58000,"INLAND"
12,932,244,1043,243,1.4038,54300,"INLAND"
20,1287,310,954,269,1.3386,63000,"INLAND"
34,673,173,539,182,2.3523,66000,"INLAND"
29,1563,293,883,288,2.8182,90500,"INLAND"
20,1519,376,1681,370,2.1759,58100,"INLAND"
21,1779,399,1446,371,2.4414,71900,"INLAND"
42,1766,344,1084,323,2.3295,74400,"INLAND"
18,902,195,771,174,2.2083,55000,"INLAND"
46,55,11,26,5,4.125,67500,"INLAND"
36,49,7,28,2,4.625,162500,"INLAND"
18,2603,576,1616,588,2.0192,63700,"INLAND"
30,4157,834,1885,774,1.6948,67500,"INLAND"
20,707,126,337,125,3.0469,85000,"INLAND"
39,4179,814,2111,809,2.3507,65600,"INLAND"
16,2127,412,1104,369,3.0469,72200,"INLAND"
32,1288,221,562,203,2.325,69600,"INLAND"
20,1401,280,668,250,2.2569,94300,"INLAND"
23,1658,307,836,297,3.35,85400,"INLAND"
16,2026,396,1031,382,1.9375,73100,"INLAND"
16,255,73,85,38,1.6607,14999,"INLAND"
21,1155,210,510,175,2.3851,67500,"INLAND"
33,419,77,190,67,3.6429,87500,"INLAND"
28,1471,259,673,246,3.25,81600,"INLAND"
25,1231,240,658,211,2.4861,71900,"INLAND"
34,2679,533,1287,505,2.165,58700,"INLAND"
22,3265,658,1647,594,2.3566,71000,"INLAND"
8,1268,336,1237,326,1.3708,125000,"INLAND"
17,1201,268,555,277,2.1,66900,"INLAND"
39,2551,482,1181,437,2.0625,63400,"INLAND"
37,2358,413,1060,424,2.8333,69700,"INLAND"
23,462,97,261,90,2.1705,53000,"INLAND"
23,2502,481,1443,455,2.5625,70000,"INLAND"
34,2051,342,958,322,2.8466,95300,"INLAND"
43,1320,215,512,197,2.4917,77100,"INLAND"
39,844,161,535,165,1.832,70500,"INLAND"
20,2332,518,1856,495,2.1746,58700,"INLAND"
52,661,316,392,244,0.957,60000,"NEAR OCEAN"
52,2416,618,1150,571,1.7308,80500,"NEAR OCEAN"
52,1264,277,591,284,1.7778,76900,"NEAR OCEAN"
52,1606,419,891,367,1.585,75500,"NEAR OCEAN"
52,1557,344,758,319,1.8529,62500,"NEAR OCEAN"
52,2148,421,975,430,2.2566,92700,"NEAR OCEAN"
50,2285,403,837,353,2.5417,85400,"NEAR OCEAN"
39,1606,330,731,327,1.6369,68300,"NEAR OCEAN"
37,1371,319,640,260,1.8242,70000,"NEAR OCEAN"
39,1836,352,883,337,1.745,70500,"NEAR OCEAN"
40,1398,311,788,279,1.4668,64600,"NEAR OCEAN"
43,2285,479,1169,482,1.9688,70500,"NEAR OCEAN"
43,2241,446,932,395,2.9038,82000,"NEAR OCEAN"
35,2141,438,1053,434,2.8529,85600,"NEAR OCEAN"
30,1895,366,990,359,2.2227,81300,"NEAR OCEAN"
37,1453,293,867,310,2.5536,70200,"NEAR OCEAN"
33,1076,222,656,236,2.5096,72200,"NEAR OCEAN"
34,1592,364,950,317,2.1607,67000,"NEAR OCEAN"
13,2171,339,951,353,4.8516,116100,"NEAR OCEAN"
26,1776,361,992,380,2.8056,82800,"NEAR OCEAN"
30,2975,634,1367,583,2.442,69000,"NEAR OCEAN"
50,340,74,235,83,1.75,67500,"NEAR OCEAN"
32,1373,312,872,306,2.5,72600,"NEAR OCEAN"
47,1486,335,765,329,1.755,74100,"NEAR OCEAN"
52,2167,480,908,451,1.6111,74700,"NEAR OCEAN"
52,1703,500,952,435,1.1386,74100,"NEAR OCEAN"
38,1552,290,873,291,2.4896,81000,"NEAR OCEAN"
41,2127,358,911,349,3.1711,104200,"NEAR OCEAN"
46,1975,346,791,349,3.8,81800,"NEAR OCEAN"
46,3042,597,1206,541,2.1135,90600,"NEAR OCEAN"
37,2692,488,1263,486,3.0216,86400,"NEAR OCEAN"
35,2426,423,982,432,3.4219,92800,"NEAR OCEAN"
27,3046,605,1407,571,2.9143,99600,"NEAR OCEAN"
24,2858,511,1388,512,3.375,100600,"NEAR OCEAN"
36,2112,374,829,368,3.3984,90000,"NEAR OCEAN"
23,959,212,425,175,2.5536,96100,"NEAR OCEAN"
34,2142,420,1056,382,2.1101,86900,"NEAR OCEAN"
31,2152,462,1259,420,2.2478,81100,"NEAR OCEAN"
29,2474,453,1130,427,2.8833,83000,"NEAR OCEAN"
32,2017,359,855,346,3.5833,92800,"NEAR OCEAN"
31,2414,428,1005,401,3.5156,143000,"NEAR OCEAN"
22,2588,435,1198,442,3.9792,133900,"<1H OCEAN"
18,1287,484,805,502,1.1157,150000,"NEAR OCEAN"
25,1322,387,794,379,1.1742,75000,"NEAR OCEAN"
44,692,206,398,211,1.1576,87500,"NEAR OCEAN"
47,1765,326,796,333,2.2138,99200,"NEAR OCEAN"
29,1710,469,990,425,1.1479,101100,"NEAR OCEAN"
50,921,187,420,187,2.2188,105800,"NEAR OCEAN"
31,334,134,780,130,0.7684,153100,"NEAR OCEAN"
33,2235,506,1165,441,1.725,57500,"NEAR OCEAN"
35,2987,578,1581,585,2.0657,81100,"NEAR OCEAN"
31,1982,495,1052,467,1.5326,74100,"NEAR OCEAN"
26,2683,555,1353,526,2.4321,82100,"NEAR OCEAN"
18,4032,798,1948,775,2.7321,92600,"NEAR OCEAN"
52,1112,209,544,172,3.3462,50800,"NEAR OCEAN"
12,2087,424,1603,438,2.5667,139500,"NEAR OCEAN"
25,2395,431,983,375,3.0469,136000,"<1H OCEAN"
13,2522,719,1381,628,1.6667,78800,"NEAR OCEAN"
24,2386,565,1058,414,2.0644,79800,"<1H OCEAN"
31,938,238,425,157,1.0486,36700,"<1H OCEAN"
19,1970,431,1166,363,1.8208,50000,"<1H OCEAN"
19,1797,384,1033,327,1.4911,59200,"<1H OCEAN"
22,1580,372,686,264,1.8065,62700,"<1H OCEAN"
17,1564,345,517,222,2.1542,83800,"INLAND"
29,1029,239,509,196,2.0156,62800,"NEAR OCEAN"
22,3263,799,1384,578,2.4708,119400,"NEAR OCEAN"
32,1020,215,421,198,3.0208,143400,"NEAR OCEAN"
26,1633,380,890,370,1.9741,97900,"NEAR OCEAN"
21,1513,319,943,301,3.538,102700,"<1H OCEAN"
28,1470,336,811,314,2.4559,75600,"<1H OCEAN"
41,1719,372,844,336,2.6923,84200,"<1H OCEAN"
28,1272,259,519,220,3.2891,106300,"<1H OCEAN"
23,1672,385,1060,390,2.1726,75500,"NEAR OCEAN"
18,3297,662,1554,578,2.6847,111300,"NEAR OCEAN"
20,1075,214,529,196,3.1406,96000,"NEAR OCEAN"
19,1734,365,866,342,2.96,81700,"NEAR OCEAN"
18,2250,484,1248,472,2.5893,99600,"NEAR OCEAN"
25,2392,474,1298,461,3.5076,73600,"NEAR OCEAN"
17,1661,329,948,357,2.7639,90200,"NEAR OCEAN"
18,1550,345,941,335,2.3147,70100,"NEAR OCEAN"
12,2497,491,1153,462,2.8182,126900,"NEAR OCEAN"
14,1452,217,516,181,5.0329,165600,"NEAR OCEAN"
17,1485,345,823,316,1.8993,78400,"NEAR OCEAN"
23,2103,411,1019,387,2.9911,119700,"NEAR OCEAN"
28,3513,634,1658,598,3.8095,119900,"<1H OCEAN"
33,644,129,334,121,3.9659,111800,"NEAR OCEAN"
17,2026,338,873,313,4.0357,128900,"NEAR OCEAN"
18,2581,499,1375,503,2.8446,100500,"NEAR OCEAN"
23,580,117,320,109,4.2054,130600,"NEAR OCEAN"
21,5694,1056,2907,972,3.5363,90100,"NEAR OCEAN"
32,1218,331,620,268,1.6528,58100,"NEAR OCEAN"
36,2349,528,1194,465,2.5179,79000,"NEAR OCEAN"
35,952,178,480,179,3.0536,107000,"NEAR OCEAN"
32,1595,309,706,277,2.8958,86400,"NEAR OCEAN"
43,2131,399,910,389,2.5804,92100,"NEAR OCEAN"
39,1322,283,642,292,2.4519,85100,"NEAR OCEAN"
39,1186,238,539,212,2.0938,79600,"NEAR OCEAN"
27,1148,206,521,219,4.025,128100,"NEAR OCEAN"
22,1665,405,826,382,1.5625,66800,"NEAR OCEAN"
17,2985,610,1544,584,2.178,76800,"NEAR OCEAN"
32,1878,340,937,353,3.4408,95200,"<1H OCEAN"
24,2978,553,1370,480,2.7644,97300,"<1H OCEAN"
31,1854,365,883,310,2.3167,92600,"<1H OCEAN"
25,2015,524,746,251,1.7153,77100,"INLAND"
25,1899,357,891,355,2.6987,92500,"<1H OCEAN"
29,2864,600,1314,562,2.1354,75100,"<1H OCEAN"
33,1348,234,573,236,2.4896,74100,"<1H OCEAN"
30,1927,393,996,374,2.2357,72300,"<1H OCEAN"
42,2380,553,1300,504,1.7574,57500,"<1H OCEAN"
38,2220,426,1041,401,2.3947,70500,"<1H OCEAN"
52,1196,236,965,265,3.5345,55000,"<1H OCEAN"
34,1006,213,443,158,2.6094,71300,"<1H OCEAN"
52,2217,394,907,369,2.3571,111400,"NEAR OCEAN"
52,2694,453,1152,435,3.0806,106700,"NEAR OCEAN"
52,1820,300,806,270,3.0147,94600,"NEAR OCEAN"
32,1430,419,434,187,1.9417,76100,"NEAR OCEAN"
17,1319,267,393,163,2.625,135600,"NEAR OCEAN"
16,2088,535,816,326,1.319,70700,"<1H OCEAN"
28,2809,605,1093,438,2.0962,74000,"<1H OCEAN"
31,1852,452,917,359,1.725,54300,"<1H OCEAN"
19,2283,634,1184,453,1.2227,76800,"<1H OCEAN"
33,2985,591,1221,486,2.087,82400,"<1H OCEAN"
35,2052,477,900,402,1.9625,101500,"<1H OCEAN"
17,2019,496,899,347,2.1864,101900,"<1H OCEAN"
38,1327,262,784,231,1.8793,60800,"INLAND"
18,1109,283,1006,253,2.163,53400,"INLAND"
21,1024,218,890,232,2.101,46700,"INLAND"
33,1234,373,777,298,1,40000,"INLAND"
32,1995,523,1069,410,1.6552,43300,"INLAND"
37,709,187,390,142,2.4511,72500,"INLAND"
27,452,103,258,61,2.9,87500,"INLAND"
17,1009,231,745,217,2.0463,61200,"INLAND"
20,1121,244,766,230,2.2969,62000,"INLAND"
31,314,61,152,56,3.3472,91700,"INLAND"
29,1141,220,684,194,3.4038,107800,"INLAND"
17,841,146,473,154,3.1979,113500,"INLAND"
32,1615,382,1307,345,1.4583,58600,"INLAND"
21,1302,327,1244,316,2.2054,66400,"INLAND"
25,2578,634,2082,565,1.7159,62200,"INLAND"
20,1402,287,1104,317,1.9088,63700,"INLAND"
23,1459,373,1148,388,1.5372,69400,"INLAND"
27,1513,395,1121,381,1.9464,60600,"INLAND"
17,1697,268,911,254,4.3523,96000,"INLAND"
24,2565,530,1447,473,3.2593,80800,"INLAND"
41,2429,454,1188,430,3.0091,70800,"INLAND"
35,1583,340,933,318,2.4063,70700,"INLAND"
33,2266,365,952,360,5.4349,143000,"INLAND"
21,2164,480,1164,421,3.8177,107200,"INLAND"
34,2231,545,1568,510,1.5217,60300,"INLAND"
24,1617,366,1416,401,1.975,66400,"INLAND"
10,1879,387,1376,337,1.9911,67500,"INLAND"
34,591,139,327,89,3.6528,1e+05,"INLAND"
16,1136,196,481,185,6.2558,146300,"INLAND"
19,1087,171,649,173,3.3182,113800,"INLAND"
23,1458,294,866,275,2.3594,74300,"INLAND"
14,1276,270,867,261,1.9375,80900,"INLAND"
30,1602,322,1130,335,3.5735,71100,"INLAND"
38,1892,394,1175,374,1.9939,65800,"INLAND"
35,1263,262,950,241,1.8958,67500,"INLAND"
32,741,191,623,169,1.7604,68600,"INLAND"
33,1365,269,825,250,3.2396,62300,"INLAND"
17,1039,256,728,246,1.7411,63500,"INLAND"
29,1207,301,804,288,1.9531,61100,"INLAND"
31,1494,289,959,284,3.5282,67500,"INLAND"
20,1608,274,862,248,4.875,90800,"INLAND"
3,1629,317,1005,312,4.1293,83200,"INLAND"
19,541,104,457,106,3.3583,102800,"INLAND"
23,1228,235,569,235,3.1667,125000,"INLAND"
18,1564,340,1161,343,2.1792,55200,"INLAND"
44,472,81,206,57,2.2083,93800,"INLAND"
16,348,99,123,54,2.0938,87500,"INLAND"
19,377,69,198,55,1.625,112500,"INLAND"
5,805,143,458,143,4.475,96300,"INLAND"
34,1540,316,1013,274,2.5664,67500,"INLAND"
10,1088,203,533,201,3.6597,87500,"INLAND"
17,1492,426,1595,428,1.7188,69900,"INLAND"
16,1307,359,961,327,1.1853,72600,"INLAND"
16,2276,594,1184,513,1.875,93800,"INLAND"
21,1260,246,805,239,2.6172,88500,"INLAND"
18,1715,337,1166,333,2.2417,79200,"INLAND"
14,1527,325,1453,332,1.735,61200,"INLAND"
17,1190,275,1113,258,2.3571,63100,"INLAND"
13,330,72,822,64,3.4107,142500,"INLAND"
23,666,142,580,160,2.1136,61000,"INLAND"
22,565,162,692,141,1.2083,53600,"INLAND"
30,752,194,733,186,1.6607,56100,"INLAND"
23,1712,403,1370,377,1.275,60400,"INLAND"
23,1004,221,697,201,1.6351,59600,"INLAND"
33,1192,213,1066,211,4.5714,68600,"INLAND"
25,1311,375,1193,351,2.1979,63900,"INLAND"
28,1672,416,1335,397,1.5987,59400,"INLAND"
15,1171,328,1024,298,1.3882,69400,"INLAND"
18,1178,438,1377,429,1.3373,58300,"INLAND"
34,2856,555,1627,522,3.2083,76200,"INLAND"
20,2372,835,2283,767,1.1707,62500,"INLAND"
50,1291,277,864,274,1.6667,68100,"INLAND"
46,2511,490,1583,469,3.0603,70800,"INLAND"
35,1185,202,615,191,4.6154,86200,"INLAND"
25,2007,301,1135,332,5.128,99600,"INLAND"
29,1568,283,848,245,3.1597,76200,"INLAND"
5,2652,606,1767,536,2.8025,84300,"INLAND"
5,2494,414,1416,421,5.7843,110100,"INLAND"
8,2183,307,1000,287,6.3814,159900,"INLAND"
14,1687,507,762,451,1.6635,64400,"INLAND"
34,1152,208,621,208,3.6042,73600,"INLAND"
29,2321,367,1173,360,4.0375,86400,"INLAND"
20,1534,235,871,222,6.2715,97200,"INLAND"
15,1413,279,803,277,4.3021,87500,"INLAND"
15,1278,217,653,185,4.4821,140300,"INLAND"
30,935,177,649,148,2.5769,94400,"INLAND"
17,1960,389,1691,356,1.899,64000,"INLAND"
19,583,113,531,134,1.6838,95800,"INLAND"
25,2322,573,2185,602,1.375,70100,"INLAND"
24,1266,275,1083,298,1.4828,73100,"INLAND"
15,3414,666,2097,622,2.3319,91200,"INLAND"
18,3631,913,3565,924,1.5931,88400,"INLAND"
35,2159,492,1694,475,2.1776,75500,"INLAND"
29,1523,440,1302,393,1.1311,84700,"INLAND"
11,2872,610,2644,581,2.625,72700,"INLAND"
6,2804,581,2807,594,2.0625,67700,"INLAND"
17,290,94,135,57,1.7292,81300,"INLAND"
16,245,57,81,33,1.2639,51300,"INLAND"
15,208,49,51,20,4.0208,32500,"INLAND"
26,1134,280,329,158,1.4338,43900,"INLAND"
18,414,86,98,54,1.5417,57500,"INLAND"
20,1996,515,659,295,2.8684,62800,"INLAND"
15,1945,536,515,273,2.0109,54300,"INLAND"
5,186,43,41,21,2.7,58800,"INLAND"
8,240,46,63,24,1.4688,53800,"INLAND"
15,459,95,160,73,0.922,67500,"INLAND"
19,1210,248,329,155,1.7857,62800,"INLAND"
27,322,81,112,57,1.125,54400,"INLAND"
12,99,25,37,17,1.8958,53800,"INLAND"
2,96,18,30,16,5.3374,47500,"INLAND"
24,796,243,227,139,0.8964,59200,"INLAND"
18,1183,363,374,127,3.1607,57500,"INLAND"
19,749,238,476,169,1.7727,50000,"INLAND"
23,1586,448,338,182,1.2132,30000,"INLAND"
21,44,33,64,27,0.8571,25000,"INLAND"
19,2570,820,1431,608,1.275,56100,"INLAND"
15,1448,378,949,300,0.8585,45000,"INLAND"
17,1388,386,775,320,1.2049,44000,"INLAND"
16,3806,794,1501,714,2.1212,108300,"INLAND"
19,2460,405,1225,425,4.1576,141500,"INLAND"
19,2682,518,1134,399,3.2132,166000,"INLAND"
20,1468,283,721,270,3.0817,118800,"INLAND"
26,3135,524,1385,523,4.337,139700,"INLAND"
21,3302,557,1413,520,4.375,180400,"INLAND"
18,2281,520,1425,465,1.7388,54400,"INLAND"
34,2465,619,1172,575,1.9722,116100,"INLAND"
25,3295,824,1477,770,1.8325,105800,"INLAND"
38,1813,410,902,396,2.3261,98400,"INLAND"
22,3480,673,1541,636,2.75,94500,"INLAND"
19,99,26,51,22,1.7292,137500,"INLAND"
35,2563,530,861,371,2.325,80600,"INLAND"
34,2090,478,896,426,2.0357,74200,"INLAND"
23,2311,487,1019,384,2.2574,104700,"INLAND"
25,1709,439,632,292,1.7868,45500,"INLAND"
19,619,239,490,164,2.1,14999,"INLAND"
14,1372,386,436,213,1.1471,32900,"INLAND"
42,2271,458,1124,447,2.7583,64900,"INLAND"
45,1628,352,754,334,2.5703,62400,"INLAND"
38,2952,598,1491,568,2.6094,67900,"INLAND"
14,3520,604,1748,582,4.3162,87100,"INLAND"
5,2133,487,1182,438,3.0268,77000,"INLAND"
29,3415,631,1527,597,4.0125,84400,"INLAND"
39,2033,370,956,379,3.1736,70700,"INLAND"
40,1089,226,520,218,2.2727,67200,"INLAND"
36,2044,447,1021,374,1.8472,57400,"INLAND"
40,1912,439,1015,413,1.4598,52600,"INLAND"
42,1705,418,905,393,1.6286,54600,"INLAND"
41,1808,435,1005,373,1.7857,54300,"INLAND"
47,1691,402,913,358,1.8403,54700,"INLAND"
41,1992,421,1006,419,2.8393,57000,"INLAND"
35,2353,483,1368,455,2.325,63200,"INLAND"
21,2534,554,1297,517,2.0575,67000,"INLAND"
41,2221,516,1106,473,1.97,51900,"INLAND"
37,1761,443,911,365,2.0331,53200,"INLAND"
25,1577,310,844,309,3.0625,69400,"INLAND"
31,2348,701,1413,611,1.3222,51400,"INLAND"
35,2608,620,1566,583,2.1818,63500,"INLAND"
20,3268,833,1622,758,1.3587,67500,"INLAND"
10,4159,608,2089,591,5.5261,132000,"INLAND"
19,3889,832,1872,731,2.6812,107600,"INLAND"
12,3449,522,1754,551,5.6235,130600,"INLAND"
28,254,35,118,37,4.8571,237500,"INLAND"
18,1894,319,846,317,3.8611,126400,"INLAND"
10,6435,1040,3242,1030,5.575,132200,"INLAND"
11,8739,2190,4781,1919,1.7109,44600,"INLAND"
29,1820,459,1134,419,1.8289,59400,"INLAND"
36,790,224,426,208,1.4427,50600,"INLAND"
30,227,75,169,101,1.3527,60000,"INLAND"
43,2225,392,890,374,4.0208,90400,"INLAND"
48,1908,331,789,321,3.5714,84600,"INLAND"
44,2250,378,928,379,4.3906,93900,"INLAND"
42,2839,516,1203,487,3.7708,79400,"INLAND"
51,1373,284,648,300,2.8295,72100,"INLAND"
36,1896,315,937,303,3.996,85500,"INLAND"
34,1859,323,854,309,3.1906,76200,"INLAND"
34,813,171,440,170,2.8393,69800,"INLAND"
36,1443,273,680,259,2.9821,73100,"INLAND"
36,1864,331,1052,325,3.4205,76600,"INLAND"
36,1482,266,640,274,3.875,94500,"INLAND"
28,4667,875,2404,841,3.2325,89000,"INLAND"
29,3548,729,1542,659,2.947,87100,"INLAND"
23,4483,894,2136,883,3.6875,101700,"INLAND"
27,2473,400,1271,427,3.5524,89100,"INLAND"
23,5624,1148,2842,1042,3.1297,79000,"INLAND"
34,2047,347,888,352,3.6734,92900,"INLAND"
35,2220,388,906,373,3.5938,95200,"INLAND"
41,2417,435,973,406,3.0568,85600,"INLAND"
26,4800,831,2365,743,3.7533,87000,"INLAND"
30,2594,478,1419,480,3.725,83100,"INLAND"
33,3122,579,1733,545,3.8307,70600,"INLAND"
21,3999,727,1889,688,3.875,99500,"INLAND"
14,5548,941,2815,935,4.2214,104600,"INLAND"
27,3074,452,1223,452,5.4592,139100,"INLAND"
13,3137,417,1318,397,7.7751,194100,"INLAND"
6,4656,971,2320,935,3.0938,100800,"INLAND"
10,3216,526,1539,483,6.3639,143000,"INLAND"
10,3587,774,1398,763,2.569,113000,"INLAND"
14,2458,433,1352,411,3.5441,87000,"INLAND"
32,4121,755,2590,721,3.3462,67600,"INLAND"
20,1351,255,762,253,2.1111,105300,"INLAND"
17,3589,701,1746,640,2.4919,75700,"INLAND"
34,2412,446,1558,421,2.6903,62800,"INLAND"
33,3372,741,2352,704,2.0643,57600,"INLAND"
23,1106,252,790,230,1.8523,59700,"INLAND"
34,1672,359,1059,349,2.1588,61300,"INLAND"
37,1667,362,971,335,2.875,57400,"INLAND"
37,1475,327,946,295,1.6728,55400,"INLAND"
41,1463,339,1066,318,1.7467,52400,"INLAND"
40,1603,374,1026,337,1.365,54300,"INLAND"
38,2121,433,1547,441,2.774,59500,"INLAND"
32,1361,363,1483,297,1.625,46800,"INLAND"
39,1497,383,1182,355,1.0648,50000,"INLAND"
42,1185,358,1038,299,0.9951,48000,"INLAND"
41,2396,602,1781,543,1.8819,58000,"INLAND"
35,1673,426,1041,413,1.375,57500,"INLAND"
26,1317,374,1025,304,1.4024,51000,"INLAND"
30,1390,361,1116,298,1.3451,57500,"INLAND"
22,1812,457,1592,420,1.4146,49100,"INLAND"
24,1807,465,1460,410,1.4786,54800,"INLAND"
34,1020,247,795,228,1.625,50800,"INLAND"
28,1171,299,1193,273,0.8639,49400,"INLAND"
39,2228,542,1516,435,1.6009,48800,"INLAND"
36,1438,348,1054,341,1.8319,55400,"INLAND"
52,2805,573,1325,522,2.5083,70100,"INLAND"
29,607,177,476,143,1.1875,50700,"INLAND"
32,2620,682,2375,684,1.2618,46900,"INLAND"
41,303,78,216,80,2.2212,55500,"INLAND"
36,832,198,814,174,1.4773,57400,"INLAND"
38,918,220,743,222,1.7292,58100,"INLAND"
35,825,179,670,181,1.1638,57900,"INLAND"
52,425,119,380,97,1.4125,42500,"INLAND"
44,434,110,274,86,1.1944,57500,"INLAND"
52,114,26,158,26,1.075,67500,"INLAND"
35,120,35,477,41,1.9125,47500,"INLAND"
44,593,136,364,121,1.4779,66000,"INLAND"
52,90,35,36,31,0.8054,60000,"INLAND"
48,346,92,129,63,1.1875,63800,"INLAND"
52,191,52,106,49,2.0455,72500,"INLAND"
45,629,143,568,139,1.7321,84400,"INLAND"
38,2122,394,843,410,3,91800,"INLAND"
52,1695,290,540,260,2.7312,147100,"INLAND"
52,1503,367,554,277,1.6786,126600,"INLAND"
44,1618,310,667,300,2.875,82700,"INLAND"
28,4513,764,1593,763,2.9821,118700,"INLAND"
36,1942,414,1051,411,1.8362,66900,"INLAND"
30,4635,800,2307,754,3.6548,84700,"INLAND"
16,4507,1049,2261,959,3.3261,118400,"INLAND"
19,5254,894,2155,831,4.6705,110700,"INLAND"
12,6442,1116,2966,1092,4.5791,123400,"INLAND"
9,1228,234,409,212,4.3482,95200,"INLAND"
42,2508,483,1035,442,2.6513,72300,"INLAND"
41,1944,363,977,388,3.9097,81300,"INLAND"
40,1533,312,771,306,3.0435,69500,"INLAND"
46,1637,338,714,297,2.1818,75300,"INLAND"
44,2687,620,1521,549,1.7213,61600,"INLAND"
48,1833,396,947,363,2.2827,70000,"INLAND"
47,1631,340,847,315,2.5062,73700,"INLAND"
41,2551,594,1342,595,1.9671,76800,"INLAND"
38,1702,380,1191,366,1.8801,57800,"INLAND"
38,1838,388,1203,373,1.6797,60700,"INLAND"
36,2658,626,1490,529,1.2157,57000,"INLAND"
24,1941,484,1277,435,1.056,51600,"INLAND"
33,821,181,579,172,1.2469,46700,"INLAND"
40,850,227,764,186,0.9407,43600,"INLAND"
39,896,217,805,197,1.25,42500,"INLAND"
35,1164,277,992,284,1.4015,48700,"INLAND"
35,1021,280,1258,239,1.7375,48600,"INLAND"
36,1562,398,1223,329,0.9675,47100,"INLAND"
29,1244,266,933,227,1.6981,49400,"INLAND"
15,1482,338,1059,279,1.2617,42700,"INLAND"
18,1524,354,1210,344,1.1136,47800,"INLAND"
31,1498,359,1168,340,1.2232,49300,"INLAND"
19,2714,512,1823,500,3.1281,76200,"INLAND"
30,2294,508,1753,482,2.1078,54700,"INLAND"
32,1025,259,874,236,1.9612,53400,"INLAND"
35,2285,497,1738,480,2.4848,54000,"INLAND"
34,1379,333,1156,315,1.7197,48900,"INLAND"
31,1418,306,1219,312,1.5743,46700,"INLAND"
29,3480,608,2007,541,3.2738,78700,"INLAND"
21,496,131,511,124,1.7614,33200,"INLAND"
27,1615,355,1380,332,1.6632,49800,"INLAND"
36,1590,367,1311,390,1.6786,52900,"INLAND"
26,875,199,567,204,0.9288,36600,"INLAND"
31,2931,716,1969,588,2.2155,62100,"INLAND"
32,1293,317,1109,286,1.1786,45600,"INLAND"
34,1354,325,922,304,2.1875,58000,"INLAND"
44,1730,343,782,278,3.0208,63700,"INLAND"
42,1239,251,776,272,1.983,63300,"INLAND"
39,598,149,366,132,1.9125,57900,"INLAND"
38,1472,305,670,282,2.2407,76000,"INLAND"
38,1463,294,692,295,2.3125,65800,"INLAND"
36,3474,645,1679,616,2.7256,71900,"INLAND"
34,1441,294,695,275,2.6875,73700,"INLAND"
31,1607,336,817,307,2.5644,73000,"INLAND"
27,4590,897,2212,894,3.1753,85000,"INLAND"
20,9351,2139,4584,1953,2.575,69900,"INLAND"
14,3580,984,1933,912,2.6637,175000,"INLAND"
18,12707,2685,7009,2552,2.9438,87200,"INLAND"
17,2387,437,1204,423,4.0529,106200,"INLAND"
24,4119,865,1294,879,2.4123,86200,"INLAND"
16,4201,786,1667,724,4.8839,134100,"INLAND"
4,8574,1489,4250,1444,5.1036,103400,"INLAND"
5,4597,1071,1916,870,4.0327,131000,"INLAND"
18,4070,512,1580,540,10.5941,245800,"INLAND"
20,892,129,331,135,7.1837,176300,"INLAND"
14,2113,256,842,265,8.5325,224100,"INLAND"
16,1535,238,768,236,5.4449,118500,"INLAND"
15,1474,235,768,238,4.1528,130100,"INLAND"
4,6640,898,3121,902,6.759,170300,"INLAND"
8,11609,2141,5696,2100,5.0012,106300,"INLAND"
9,7085,1148,3084,1052,4.997,142900,"INLAND"
15,3944,746,2355,757,3.569,70700,"INLAND"
13,9027,1901,4870,1797,3.406,100700,"INLAND"
14,5264,1064,3278,1049,3.8117,82800,"INLAND"
34,2861,510,1375,486,3.4286,71400,"INLAND"
26,3691,826,2072,827,2.1553,84700,"INLAND"
21,3057,698,1627,680,2.7083,84700,"INLAND"
34,2221,436,1131,408,3.0486,68500,"INLAND"
36,973,219,613,187,1.5625,46700,"INLAND"
42,1120,255,677,213,1.5429,39400,"INLAND"
35,991,221,620,207,1.9417,53800,"INLAND"
32,3068,628,1897,607,2.4234,63700,"INLAND"
35,2053,412,1193,387,2.75,65800,"INLAND"
35,1650,390,1145,343,1.5357,56500,"INLAND"
35,1576,405,870,282,1.6575,59500,"INLAND"
33,2248,434,1461,405,2.9402,56200,"INLAND"
37,1337,275,767,273,1.6522,53300,"INLAND"
3,2821,519,1353,495,3.6852,109800,"INLAND"
20,37,11,34,8,1.2,50000,"INLAND"
11,7035,1455,3525,1387,3.4827,93600,"INLAND"
11,2161,371,1267,388,4.1957,92700,"INLAND"
12,2721,549,1294,523,2.5575,100200,"INLAND"
14,2927,588,1821,561,3.3529,82600,"INLAND"
9,10822,1994,6241,1906,4.0631,88200,"INLAND"
10,829,146,447,173,4.1484,102900,"INLAND"
10,7397,1369,4611,1310,3.6369,81600,"INLAND"
23,4870,965,2717,928,2.596,70000,"INLAND"
19,7092,1517,4101,1436,2.1006,74800,"INLAND"
7,8596,1597,4893,1520,3.9054,80900,"INLAND"
25,3081,635,1830,591,2.5804,97900,"INLAND"
5,6268,1003,3269,980,5.1457,118200,"INLAND"
6,80,16,66,21,3.125,65000,"INLAND"
10,7011,1453,4163,1307,2.7659,77500,"INLAND"
40,282,59,213,71,2.35,91700,"INLAND"
32,444,102,242,87,1.1528,150000,"INLAND"
24,806,168,323,136,3.5,113900,"INLAND"
18,3278,762,1338,550,2.9891,116500,"INLAND"
30,2817,604,1089,412,3.1364,123500,"INLAND"
6,8733,1600,2006,736,4.5724,168400,"INLAND"
14,4054,787,1581,579,3.0882,148200,"INLAND"
8,508,111,229,84,4.0332,128300,"INLAND"
21,2213,458,1250,440,2.9187,52100,"INLAND"
45,973,183,500,177,2.6389,30000,"INLAND"
26,890,172,483,170,4.15,68200,"INLAND"
23,3827,696,1993,617,3.0742,57900,"INLAND"
36,116,20,39,18,3.125,37500,"INLAND"
34,3437,696,1783,608,2.3912,52900,"INLAND"
40,4164,812,1998,773,2.8323,50800,"INLAND"
19,4190,690,1973,702,3.9929,88300,"INLAND"
33,5050,964,2293,919,3.1592,75400,"INLAND"
34,1440,309,808,294,2.3013,26600,"INLAND"
46,2745,543,1423,482,2.1955,26900,"INLAND"
44,4599,877,2140,831,2.9952,63800,"INLAND"
32,2167,421,1301,394,1.9718,69800,"INLAND"
24,2585,480,1442,424,2.8452,104700,"INLAND"
12,5589,941,3018,917,4.4561,96900,"INLAND"
22,984,176,451,170,3.25,88900,"INLAND"
13,1264,202,552,187,4.5903,94300,"INLAND"
12,2835,471,1399,413,4.4125,149000,"INLAND"
6,7383,1095,3415,1059,5.3119,157300,"INLAND"
18,1521,269,706,279,4.4196,121000,"INLAND"
37,2044,394,894,359,2.9453,82800,"INLAND"
13,4527,713,2170,671,4.8266,146200,"INLAND"
36,1253,259,932,249,2.1635,110400,"INLAND"
36,786,194,573,134,2.2321,37500,"INLAND"
39,2649,572,1815,547,2.3533,65400,"INLAND"
38,2536,409,1133,430,4.2375,78600,"INLAND"
34,1367,329,796,319,2.8269,61100,"INLAND"
28,1089,179,544,190,3.2279,95800,"INLAND"
34,1923,379,1101,351,2.4044,65800,"INLAND"
28,3107,782,3260,738,1.6944,58600,"INLAND"
21,2171,483,1315,450,1.7105,52100,"INLAND"
34,2304,437,1506,403,2.2071,64600,"INLAND"
16,1584,309,1011,268,2.4961,58800,"INLAND"
29,510,84,236,73,2.7,125000,"INLAND"
13,1657,362,1186,376,1.1903,63200,"INLAND"
33,3240,654,1809,616,2.3934,71900,"INLAND"
33,2143,488,1732,509,1.9362,59000,"INLAND"
32,2703,683,2682,675,1.4619,60500,"INLAND"
14,2719,502,1497,457,3.176,71800,"INLAND"
20,3085,691,2645,676,1.7868,54100,"INLAND"
18,820,239,1345,207,2.1186,47500,"INLAND"
21,2403,483,1647,415,2.6066,80000,"INLAND"
30,735,137,421,113,2.5625,156300,"INLAND"
15,3938,789,3500,768,2.1295,59800,"INLAND"
29,1476,220,902,205,2.6726,83300,"INLAND"
21,1885,398,1539,388,2.5208,58500,"INLAND"
16,2874,677,3078,651,1.8843,55200,"INLAND"
32,3216,750,2639,709,2.0025,54700,"INLAND"
27,1513,342,1346,323,2.7411,59800,"INLAND"
35,1618,378,1449,398,1.6786,56500,"INLAND"
36,2332,656,2175,610,1.6045,57300,"INLAND"
36,1598,443,1658,417,1.517,52100,"INLAND"
8,3271,797,2700,688,1.7418,62200,"INLAND"
35,1927,386,1371,414,2.2981,69900,"INLAND"
8,1612,343,1230,330,2.1806,67200,"INLAND"
31,2862,606,2467,600,2.3125,62100,"INLAND"
28,1737,521,1764,514,1.7813,67800,"INLAND"
36,3225,635,2034,593,2.4044,72500,"INLAND"
16,2275,659,1914,614,2.033,68400,"INLAND"
26,2636,468,1416,485,4.1917,84000,"INLAND"
6,1755,280,664,254,6.2885,216400,"INLAND"
20,3458,651,1465,621,2.5806,82500,"INLAND"
13,1439,237,557,227,6.1563,204200,"INLAND"
18,2327,642,799,335,1.8419,92300,"INLAND"
15,1962,403,730,321,2.25,67500,"INLAND"
23,3166,700,1097,493,2.6288,96000,"INLAND"
18,4754,1075,1366,690,2.0694,81200,"INLAND"
18,3303,814,986,522,1.5957,101400,"INLAND"
28,1491,408,98,48,1.4205,90000,"INLAND"
33,1504,325,584,223,3.4792,94600,"INLAND"
17,2354,514,775,380,1.8369,59400,"INLAND"
15,2966,669,1007,465,1.5667,72500,"INLAND"
15,5907,1257,2310,1001,2.3125,96900,"INLAND"
18,2304,527,782,390,1.4141,75800,"INLAND"
17,2248,535,927,427,1.3023,68500,"INLAND"
17,4002,930,1614,731,1.6236,67300,"INLAND"
16,5396,1182,1802,807,1.8819,69700,"INLAND"
13,2267,601,756,276,2.5474,78400,"INLAND"
35,2916,594,1870,432,3.625,55000,"INLAND"
33,2579,564,1155,431,2.0441,42100,"INLAND"
18,2737,589,1128,533,2.8,72000,"INLAND"
15,2701,576,1245,513,3.3269,81900,"INLAND"
5,1131,276,520,232,4.0167,87500,"INLAND"
8,2683,416,1154,399,5.8625,109400,"INLAND"
15,3253,573,1408,586,5.2043,95700,"INLAND"
6,2115,342,927,337,6.1935,115700,"INLAND"
32,3661,787,1613,706,3.0687,63500,"INLAND"
18,4334,641,1777,661,6.0653,105300,"INLAND"
5,3151,482,1335,428,5.5773,109000,"INLAND"
18,2657,496,1426,483,3.5931,71900,"INLAND"
9,4241,832,1929,742,3.5988,84500,"INLAND"
12,1678,241,765,281,6.0532,102800,"INLAND"
16,2678,483,1473,487,3.858,70200,"INLAND"
30,2994,741,1481,581,2.1458,52400,"INLAND"
10,2656,506,1349,501,4.25,83200,"INLAND"
11,5897,1138,2728,1072,4.15,85700,"INLAND"
5,5735,932,2623,862,4.8494,87200,"INLAND"
14,1740,391,850,317,2.5812,91700,"INLAND"
12,2014,372,1027,356,3.9261,101300,"INLAND"
9,3811,605,1518,568,5.5551,142500,"INLAND"
19,1124,290,598,261,1.8984,54300,"INLAND"
13,2566,449,1181,414,4.1518,91800,"INLAND"
11,1751,316,765,296,5.0762,98000,"INLAND"
15,2357,484,1110,442,3.1755,81700,"INLAND"
28,1913,486,858,371,1.9962,50800,"INLAND"
21,1739,425,945,362,3.4015,86500,"INLAND"
30,2555,510,1347,467,3.3693,71800,"INLAND"
4,18,3,8,6,1.625,275000,"INLAND"
4,2,2,6,2,2.375,137500,"INLAND"
15,1926,361,917,316,3.3889,68500,"INLAND"
5,4849,920,2504,847,3.5391,81900,"INLAND"
4,2630,502,1150,422,4.25,104400,"INLAND"
1,83,15,32,15,4.875,141700,"INLAND"
4,923,166,352,135,4.5724,84500,"INLAND"
15,2180,416,960,370,2.875,87800,"INLAND"
20,873,175,422,159,2.9583,91700,"INLAND"
11,7353,1482,3571,1308,2.8097,130000,"INLAND"
28,2969,648,1644,570,3.4338,54900,"INLAND"
33,1589,307,853,272,4.2292,64400,"INLAND"
36,1184,316,672,241,1.9107,39800,"INLAND"
10,4597,1009,2227,821,2.6149,83500,"INLAND"
9,1507,293,761,278,3.0184,87900,"INLAND"
2,2103,389,923,338,5.0553,111100,"INLAND"
21,2370,540,1488,554,2.7361,83300,"INLAND"
15,1069,296,569,263,2.0441,73300,"INLAND"
44,1297,307,776,278,2.5875,68900,"INLAND"
14,2992,573,1631,526,3.7452,83200,"INLAND"
29,1671,368,821,337,2.16,56800,"INLAND"
7,4371,727,1932,654,4.625,136800,"INLAND"
7,9664,1692,3617,1370,4.0581,162900,"INLAND"
10,2939,605,1167,446,2.3917,79000,"INLAND"
4,8417,1657,4631,1468,3.6949,115800,"INLAND"
6,3660,646,1243,482,3.4911,137200,"INLAND"
11,4031,766,1539,564,3.8917,120800,"INLAND"
19,3109,640,1457,620,2.6417,94900,"INLAND"
16,4084,812,2033,668,3.2405,85500,"INLAND"
8,1968,376,930,360,3.2632,99800,"INLAND"
34,1170,290,602,266,1.7917,80000,"INLAND"
21,1899,447,1133,391,1.8636,67900,"INLAND"
28,1793,358,1233,351,2.7845,82200,"INLAND"
24,1341,214,667,184,4,94500,"INLAND"
33,1190,217,717,196,2.6302,81300,"INLAND"
29,1297,262,909,253,1.9236,106300,"INLAND"
26,1639,352,1222,395,1.7656,68000,"INLAND"
31,2358,580,2302,574,1.9688,53900,"INLAND"
17,1959,484,1763,453,2.1357,53500,"INLAND"
34,2185,469,1910,455,2.1136,57300,"INLAND"
17,2783,678,2566,641,1.9907,51200,"INLAND"
29,1401,317,1344,306,2.0921,61400,"INLAND"
31,6145,1492,5666,1457,1.9066,54600,"INLAND"
20,3815,924,3450,920,2.0174,63700,"INLAND"
29,2888,753,2949,699,1.7716,45500,"INLAND"
38,1016,202,540,187,2.2885,75000,"INLAND"
30,1860,337,1123,347,3.4926,94200,"INLAND"
26,1912,339,1002,311,3.0375,126300,"INLAND"
25,1688,302,879,277,3.3214,103100,"INLAND"
41,831,149,443,146,3.1406,1e+05,"INLAND"
25,1549,269,819,272,2.7159,101400,"INLAND"
26,1414,265,779,249,2.9167,83900,"INLAND"
25,8363,1636,7679,1580,2.0285,106300,"INLAND"
19,3252,614,1971,607,3.0667,75800,"INLAND"
14,3400,618,1867,612,3.9926,92500,"INLAND"
14,1287,291,737,269,3.1667,126400,"INLAND"
14,3677,863,2191,785,2.6218,69100,"INLAND"
25,4984,1029,2414,961,2.2937,72300,"INLAND"
24,2202,471,1052,439,2.1038,62000,"INLAND"
30,1846,391,1255,352,2.1681,66600,"INLAND"
16,1717,277,903,289,4.3438,93100,"INLAND"
6,1265,227,764,246,4.2917,104200,"INLAND"
18,942,193,424,174,2.0673,87500,"INLAND"
16,1006,212,515,200,3.2386,112500,"INLAND"
29,1871,315,1066,309,4.5714,100800,"INLAND"
7,479,84,327,103,5.1728,107500,"INLAND"
24,544,112,442,106,3.1071,56100,"INLAND"
33,1287,214,580,210,3.2019,112500,"INLAND"
40,1185,221,676,256,2.2721,52600,"INLAND"
40,1178,244,586,187,2.6477,43500,"INLAND"
20,2440,433,1579,400,2.8281,60200,"INLAND"
10,956,201,693,220,2.2895,62000,"INLAND"
10,1090,164,470,158,4.9432,118800,"INLAND"
4,3725,783,1478,600,3.5486,148000,"INLAND"
21,1745,266,837,292,4.3911,107900,"INLAND"
38,3148,568,1378,537,2.8788,85500,"INLAND"
15,1724,374,947,391,3.1094,91900,"INLAND"
13,2360,340,1055,312,5.2134,97400,"INLAND"
23,3182,563,1525,585,3.8108,90400,"INLAND"
4,1684,343,920,324,4.2396,90600,"INLAND"
10,3674,734,1864,718,2.6145,80300,"INLAND"
30,1765,310,746,298,2.8125,70200,"INLAND"
26,1463,261,699,219,3.5536,71400,"INLAND"
14,2928,600,1633,559,1.8385,67500,"INLAND"
32,1492,284,926,264,3.0139,61500,"INLAND"
36,1518,287,749,255,2.2333,61000,"INLAND"
32,1338,276,859,286,2.6397,59700,"INLAND"
46,1730,337,752,323,1.8529,67200,"INLAND"
47,1869,357,832,315,3.0846,76100,"INLAND"
32,2958,670,1504,627,1.8606,56700,"INLAND"
41,3095,766,1852,721,1.4524,51700,"INLAND"
52,1257,257,624,243,2.3523,59100,"INLAND"
47,1059,268,693,241,1.3882,53800,"INLAND"
26,592,121,268,116,1.7596,120800,"INLAND"
19,1241,244,850,237,2.9375,81700,"INLAND"
16,2048,373,1052,388,4.0909,92800,"INLAND"
10,1623,409,988,395,1.4194,58100,"INLAND"
24,2652,568,1532,445,2.3256,56800,"INLAND"
28,1325,276,873,240,2.5833,54400,"INLAND"
12,2739,535,1859,498,2.9936,60600,"INLAND"
18,1147,202,717,212,3.3681,70500,"INLAND"
11,1294,314,713,290,1.5433,50400,"INLAND"
32,2205,523,1772,479,1.3569,43100,"INLAND"
28,941,175,588,180,2.3466,53400,"INLAND"
27,1513,314,1071,284,1.5909,50100,"INLAND"
25,1847,371,1460,353,1.8839,46300,"INLAND"
20,2673,452,1394,449,2.625,97400,"INLAND"
35,2011,349,970,300,2.395,94100,"INLAND"
23,207,45,171,50,2.4286,1e+05,"INLAND"
32,752,159,524,155,2.25,50000,"INLAND"
6,2015,413,992,319,2.3889,53200,"INLAND"
21,1382,327,1469,355,1.3967,46500,"INLAND"
29,424,78,284,73,1.5313,43800,"INLAND"
25,1093,262,893,252,2.13,50800,"INLAND"
35,1648,285,792,265,3.2847,64700,"INLAND"
14,1267,290,1077,279,1.85,52300,"INLAND"
37,766,189,639,190,1.6607,42100,"INLAND"
21,2004,385,1397,398,2.2169,61600,"INLAND"
16,1461,400,1201,384,1.5727,54800,"INLAND"
36,1729,317,737,278,3.5313,68800,"INLAND"
37,1676,316,707,274,2.0595,60700,"INLAND"
21,1548,308,1137,306,2.4688,61300,"INLAND"
43,187,38,106,40,1.875,137500,"INLAND"
33,1293,272,694,229,2.0221,52200,"INLAND"
23,333,92,198,55,0.4999,1e+05,"INLAND"
25,1047,270,1505,286,2.0976,47700,"INLAND"
20,156,39,171,37,3.05,225000,"INLAND"
27,2533,518,1371,461,2.9708,60900,"INLAND"
18,1165,334,1119,308,2.2167,48500,"INLAND"
33,1726,420,1371,388,2.0335,43900,"INLAND"
7,2049,482,1387,422,2.25,56200,"INLAND"
26,48,8,13,8,2.375,71300,"INLAND"
16,259,53,131,38,3.125,62500,"INLAND"
16,411,114,26,19,0.4999,73500,"INLAND"
39,1295,240,534,179,3.9519,98900,"INLAND"
43,89,18,86,27,2.0208,72500,"INLAND"
44,202,42,142,39,4.35,68300,"INLAND"
45,1314,277,649,232,2.575,73600,"INLAND"
20,1125,231,521,196,2.2188,106300,"INLAND"
24,1098,193,353,145,3.8333,92600,"<1H OCEAN"
17,380,69,225,72,3.25,137500,"INLAND"
10,1588,333,585,254,2.2551,71100,"INLAND"
15,2483,544,835,380,1.9141,143200,"INLAND"
24,341,64,146,57,4,166300,"INLAND"
18,681,120,272,105,2.8906,140600,"INLAND"
14,1582,301,851,273,3.45,164100,"<1H OCEAN"
21,2202,484,1000,381,2.4423,102300,"INLAND"
21,1236,238,601,261,1.939,100300,"INLAND"
16,1548,295,605,250,3.5652,119000,"INLAND"
20,1128,229,621,210,3.2216,93500,"INLAND"
38,3131,624,1591,568,2.5457,80700,"INLAND"
27,789,208,295,108,3.7667,95000,"INLAND"
14,2374,557,723,427,1.3532,95800,"INLAND"
13,532,111,214,62,3.3929,108300,"INLAND"
15,1927,427,810,321,1.6369,86500,"INLAND"
24,3127,674,1015,448,2.0417,78800,"INLAND"
26,2191,495,679,371,1.4679,94700,"INLAND"
20,1798,395,685,331,1.625,66800,"INLAND"
17,1880,467,798,342,1.4676,65000,"INLAND"
23,952,200,321,128,1.5208,89000,"INLAND"
15,1601,323,661,269,2.6181,108900,"INLAND"
11,1264,271,370,177,1.3,69700,"INLAND"
9,254,50,66,29,2.7639,112500,"INLAND"
23,1618,395,425,244,1.9833,111500,"INLAND"
27,2199,527,744,316,2.1094,72400,"INLAND"
27,1446,329,594,255,1.165,53300,"INLAND"
16,3715,810,943,510,1.7446,109400,"INLAND"
18,793,148,186,59,2.3125,162500,"INLAND"
18,1177,224,181,105,2.3558,134700,"INLAND"
16,4279,951,1596,666,1.8571,75900,"INLAND"
16,975,219,337,155,1.6607,77800,"INLAND"
27,2300,508,526,254,2.1838,109700,"INLAND"
32,1856,472,703,292,1.1912,60000,"INLAND"
17,1708,459,633,312,1.75,64000,"INLAND"
19,2230,538,832,359,1.6865,58800,"INLAND"
14,1731,400,638,282,2.3179,57500,"INLAND"
14,231,36,108,31,4.3897,71300,"INLAND"
16,1657,390,572,301,1.4767,62000,"INLAND"
16,1914,446,828,332,2.0577,69000,"INLAND"
20,2507,577,1072,457,2.3083,60200,"INLAND"
27,2143,580,898,367,1.6769,63200,"INLAND"
29,883,187,326,136,1.7273,58200,"INLAND"
28,1503,370,522,268,1.2029,68900,"INLAND"
11,686,127,246,86,1.7083,77300,"INLAND"
25,661,144,192,93,1.7566,49000,"INLAND"
18,3844,969,1832,845,1.125,81800,"INLAND"
13,524,129,215,90,1.5455,55000,"INLAND"
17,2554,540,723,319,3.2375,114200,"INLAND"
17,4162,967,889,414,3.4187,200500,"INLAND"
23,642,203,265,84,1.8833,96900,"INLAND"
11,5175,971,2144,792,3.0466,97300,"INLAND"
9,1245,234,517,187,3.125,93400,"INLAND"
20,41,18,94,10,1.375,55000,"INLAND"
20,1592,327,647,253,2.5326,136800,"INLAND"
20,1580,318,753,252,1.8704,88500,"INLAND"
15,289,49,191,54,1.6833,113900,"INLAND"
17,1383,347,719,296,1.6164,77800,"INLAND"
21,939,176,556,178,1.7196,75000,"INLAND"
20,2067,384,904,333,2.9934,134200,"<1H OCEAN"
20,1214,247,504,223,2.7188,105700,"<1H OCEAN"
15,1318,296,567,276,1.8692,93800,"INLAND"
26,712,140,293,100,4.0119,119400,"INLAND"
11,640,134,268,90,3.4514,1e+05,"<1H OCEAN"
12,4515,909,1554,528,3.3531,90800,"<1H OCEAN"
10,304,63,161,61,2.1964,112500,"INLAND"
15,1410,329,599,273,2.1953,75000,"INLAND"
23,292,56,92,41,2.9583,91700,"INLAND"
13,520,115,249,109,1.8417,84700,"INLAND"
30,70,38,20,13,4.125,112500,"INLAND"
16,1177,240,519,199,1.5739,73500,"INLAND"
12,2394,443,877,341,2.5625,109200,"INLAND"
9,2589,482,1050,374,4.0435,132600,"INLAND"
7,3639,637,1027,421,3.8831,132100,"INLAND"
15,764,145,366,143,3.375,103100,"INLAND"
22,852,176,461,142,3.4375,83300,"INLAND"
29,994,226,302,117,2.3125,67900,"INLAND"
21,1425,323,727,287,2.1474,85300,"INLAND"
20,531,126,231,96,2.625,89600,"INLAND"
26,102,17,43,13,0.536,87500,"INLAND"
26,1707,308,761,250,2.7188,48100,"INLAND"
29,779,136,364,123,2.5,59200,"INLAND"
17,976,202,511,175,3.6641,80800,"INLAND"
27,777,185,318,115,1.6833,40000,"INLAND"
33,240,49,63,22,3.625,2e+05,"INLAND"
11,2635,667,280,132,1.7214,118300,"INLAND"
17,890,167,406,154,3.3036,78300,"INLAND"
19,683,139,302,111,2.5,64100,"INLAND"
52,5486,1044,1977,754,2.1833,49500,"INLAND"
15,2045,461,1121,402,2.6902,71500,"INLAND"
35,1450,325,717,297,2.5074,66400,"INLAND"
39,3240,652,1467,621,2.1875,64300,"INLAND"
52,2081,478,1051,419,2.2992,70200,"INLAND"
50,1741,424,987,383,1.5066,59300,"INLAND"
19,4462,828,2229,777,3.5536,105700,"INLAND"
16,3412,667,1873,590,2.2661,61800,"INLAND"
26,1652,313,762,280,2.4757,85600,"INLAND"
19,689,143,355,127,1.7333,70000,"INLAND"
36,36,8,4198,7,5.5179,67500,"INLAND"
17,3391,623,1529,571,3.4028,91000,"INLAND"
16,1821,360,969,359,3.4643,85100,"INLAND"
21,789,141,406,146,2.1198,73500,"INLAND"
26,2399,518,1037,443,2.6765,47600,"INLAND"
19,2335,518,1028,383,1.7267,60700,"INLAND"
27,5205,859,2363,888,6.1946,276100,"<1H OCEAN"
32,1079,207,486,167,4.9833,213000,"<1H OCEAN"
33,3177,713,1845,612,4.008,191100,"<1H OCEAN"
37,2824,633,1619,573,3.5568,184500,"<1H OCEAN"
42,2186,423,1145,439,4.81,191900,"<1H OCEAN"
35,2045,450,1166,407,3.5214,197600,"<1H OCEAN"
19,1988,594,1399,527,2.4727,175000,"<1H OCEAN"
8,5568,1514,3565,1374,3.0795,161500,"<1H OCEAN"
37,2489,454,1215,431,5.0234,257600,"<1H OCEAN"
35,2091,360,879,326,4.4485,261900,"<1H OCEAN"
30,2180,369,1050,390,6.3688,277600,"<1H OCEAN"
35,779,143,371,150,4.6635,230100,"<1H OCEAN"
39,699,150,358,143,4.4375,195800,"<1H OCEAN"
32,2542,526,1278,493,4.45,263600,"<1H OCEAN"
29,3390,580,1543,576,5.6184,316900,"<1H OCEAN"
36,1300,304,688,261,3.1523,176700,"<1H OCEAN"
31,6434,1188,3540,1131,4.2639,293300,"<1H OCEAN"
19,9259,1653,3963,1595,5.997,228700,"<1H OCEAN"
30,1260,222,638,229,4.1302,258300,"<1H OCEAN"
39,1470,312,1047,284,3.275,181400,"<1H OCEAN"
42,1073,220,804,226,3.75,172600,"<1H OCEAN"
34,3258,610,1810,633,5.1145,219900,"<1H OCEAN"
35,1446,274,759,291,6.0808,215600,"<1H OCEAN"
43,1510,310,809,277,3.599,176500,"<1H OCEAN"
40,1065,214,605,183,4.1964,185900,"<1H OCEAN"
38,2264,460,1124,388,4.2685,189600,"<1H OCEAN"
41,1297,327,733,315,3.0583,160300,"<1H OCEAN"
34,1797,363,948,363,4.1339,187300,"<1H OCEAN"
32,3690,791,1804,715,4.4875,222700,"<1H OCEAN"
30,3214,513,1700,533,4.6944,248200,"<1H OCEAN"
29,3034,732,1776,702,3.1349,230200,"<1H OCEAN"
32,604,108,314,113,6.2037,205400,"<1H OCEAN"
37,1776,301,702,265,5.2661,314900,"<1H OCEAN"
34,2795,460,1267,443,6.1464,354400,"<1H OCEAN"
34,3677,573,1598,568,6.838,378000,"<1H OCEAN"
28,1643,489,1142,458,3.1607,200600,"<1H OCEAN"
44,1442,285,859,292,4.5833,197300,"<1H OCEAN"
37,1444,246,624,239,5.76,239400,"<1H OCEAN"
36,1882,453,1005,409,3.8,217100,"<1H OCEAN"
24,5106,1010,2310,957,4.4375,191500,"<1H OCEAN"
24,4694,820,3566,777,4.4818,166200,"<1H OCEAN"
22,4428,825,3152,836,4.7932,166300,"<1H OCEAN"
16,6573,1480,6161,1473,3.3304,154900,"<1H OCEAN"
8,3248,847,2608,731,2.8214,158300,"<1H OCEAN"
35,1008,204,1162,215,3.35,147600,"<1H OCEAN"
32,1591,320,1818,306,4.2969,145800,"<1H OCEAN"
29,1271,272,1338,266,4.125,150000,"<1H OCEAN"
32,2574,531,2609,472,3.7566,146700,"<1H OCEAN"
22,3517,810,3134,847,2.6652,164800,"<1H OCEAN"
35,822,200,1197,203,3.2865,133300,"<1H OCEAN"
34,1999,427,2391,439,2.8,144300,"<1H OCEAN"
33,1209,341,1097,283,1.6295,134300,"<1H OCEAN"
33,937,216,1216,212,3.3214,131300,"<1H OCEAN"
35,674,153,808,173,2.6667,147800,"<1H OCEAN"
30,1384,308,2054,301,3.0132,142600,"<1H OCEAN"
31,1130,276,1533,269,4.2353,156800,"<1H OCEAN"
36,1002,250,1312,249,3.024,148000,"<1H OCEAN"
37,1024,246,1371,239,3.225,147500,"<1H OCEAN"
30,1246,373,1990,369,3.5104,140900,"<1H OCEAN"
37,1269,348,1835,335,3.2583,147200,"<1H OCEAN"
35,777,187,1022,186,3.4,139600,"<1H OCEAN"
43,729,172,935,174,2.9519,140900,"<1H OCEAN"
37,1545,341,1909,352,3.6791,148100,"<1H OCEAN"
35,1447,335,1630,306,2.9205,143100,"<1H OCEAN"
26,1788,521,2582,484,2.1062,136400,"<1H OCEAN"
38,870,205,1065,222,2.5313,136100,"<1H OCEAN"
36,973,221,1086,218,3.4519,143300,"<1H OCEAN"
37,1789,424,2279,411,3.9,138600,"<1H OCEAN"
38,858,203,1250,204,2.9219,137900,"<1H OCEAN"
35,2700,702,3444,679,1.4867,124000,"<1H OCEAN"
13,4379,872,2560,853,4.2538,154300,"<1H OCEAN"
13,1872,497,1927,432,2.2019,134200,"<1H OCEAN"
19,280,84,483,87,1.95,137500,"<1H OCEAN"
33,827,192,981,184,2.6429,143100,"<1H OCEAN"
36,1146,259,1173,272,3.6016,153800,"<1H OCEAN"
18,3447,857,3663,817,3.2284,157100,"<1H OCEAN"
17,2049,548,2243,541,2.525,163700,"<1H OCEAN"
36,1430,331,1502,312,3.6292,145200,"<1H OCEAN"
34,2657,515,1948,532,4.233,157400,"<1H OCEAN"
18,5891,920,2882,911,5.901,235600,"<1H OCEAN"
14,6235,1286,3568,1190,4.1724,211600,"<1H OCEAN"
19,6755,1443,4205,1395,3.9583,163200,"<1H OCEAN"
29,3334,712,2919,718,3.6548,180300,"<1H OCEAN"
18,6572,1105,3473,1067,5.2987,203400,"<1H OCEAN"
28,3187,569,2205,559,5.1668,187400,"<1H OCEAN"
30,3027,604,1970,590,4.3409,156000,"<1H OCEAN"
14,4151,941,3163,915,4.0301,154300,"<1H OCEAN"
22,3182,822,2661,746,2.7472,160100,"<1H OCEAN"
38,1595,314,1181,327,3.4,155500,"<1H OCEAN"
9,1739,358,820,323,4.0556,182500,"<1H OCEAN"
23,3481,641,1952,682,4.26,189400,"<1H OCEAN"
10,5777,1112,2917,1056,4.1514,194100,"<1H OCEAN"
28,1532,287,977,275,4.4773,173100,"<1H OCEAN"
32,2424,476,2291,419,4.0337,158500,"<1H OCEAN"
24,2920,601,1460,598,4.2708,218200,"<1H OCEAN"
13,2664,518,1468,521,4.8988,325200,"<1H OCEAN"
9,2384,395,1697,402,6.0891,270100,"<1H OCEAN"
31,1091,256,892,238,3,172400,"<1H OCEAN"
16,2495,551,2314,567,3.6736,192200,"<1H OCEAN"
24,3668,890,3151,810,3.0526,183300,"<1H OCEAN"
18,4256,987,3401,955,4.2935,190000,"<1H OCEAN"
26,4516,611,1714,581,9.2873,431800,"<1H OCEAN"
27,2535,389,1071,386,6.8695,319400,"<1H OCEAN"
31,3508,585,1957,588,6.6458,285500,"<1H OCEAN"
25,1024,145,357,147,7.0598,356300,"<1H OCEAN"
18,7498,976,3189,955,8.1248,374000,"<1H OCEAN"
24,6145,868,2710,875,7.5078,344000,"<1H OCEAN"
29,4239,653,1890,631,6.3911,301700,"<1H OCEAN"
29,1287,194,525,187,6.4171,319300,"<1H OCEAN"
28,2272,320,868,312,7.7464,474600,"<1H OCEAN"
17,4542,621,2144,597,8.8467,450700,"<1H OCEAN"
35,4085,919,3988,906,3.4812,160200,"<1H OCEAN"
18,5481,780,2477,764,6.7248,377200,"<1H OCEAN"
10,7665,999,3517,998,10.8805,500001,"<1H OCEAN"
22,4423,622,1995,582,8.2159,376200,"<1H OCEAN"
4,6995,1151,2907,1089,7.0808,341200,"<1H OCEAN"
38,1527,332,1303,340,3.5714,152000,"<1H OCEAN"
23,1663,302,1242,283,5.5931,217600,"<1H OCEAN"
33,1549,264,881,289,5.1408,222900,"<1H OCEAN"
35,2132,368,1128,341,5.3107,227100,"<1H OCEAN"
35,1511,274,873,254,5.5608,226700,"<1H OCEAN"
17,1444,282,523,270,2.7353,192400,"<1H OCEAN"
35,1150,185,741,178,5.741,220600,"<1H OCEAN"
34,1231,222,702,222,4.9323,223700,"<1H OCEAN"
33,2649,449,1303,437,4.9955,216800,"<1H OCEAN"
33,1194,229,839,230,3.705,185800,"<1H OCEAN"
35,1579,300,1012,265,5.1296,195900,"<1H OCEAN"
30,1576,282,1004,284,4.8015,179700,"<1H OCEAN"
28,1865,463,1182,440,2.6193,172300,"<1H OCEAN"
36,1111,275,1333,266,3.5347,158100,"<1H OCEAN"
29,1701,419,1616,371,3.3603,142400,"<1H OCEAN"
35,1724,311,992,315,4.8359,195600,"<1H OCEAN"
36,1453,270,808,275,4.3839,204600,"<1H OCEAN"
35,1637,300,894,302,4.175,209600,"<1H OCEAN"
33,1358,247,738,235,5.0947,210300,"<1H OCEAN"
36,1394,254,761,262,4.9485,217100,"<1H OCEAN"
33,2202,433,1135,407,4.2143,224200,"<1H OCEAN"
32,2217,422,1064,427,3.6989,208600,"<1H OCEAN"
34,1300,289,650,291,3.8875,199200,"<1H OCEAN"
35,1898,344,1123,347,5.5792,218400,"<1H OCEAN"
36,1770,296,938,304,5.749,238000,"<1H OCEAN"
27,2722,468,1164,419,4.6591,239900,"<1H OCEAN"
34,1732,399,1120,401,4.1492,195700,"<1H OCEAN"
36,1951,395,1040,375,5.1619,195300,"<1H OCEAN"
35,1442,276,795,268,4.9688,216900,"<1H OCEAN"
35,1865,335,1074,337,5.1068,223300,"<1H OCEAN"
33,2088,383,960,362,4.3333,232900,"<1H OCEAN"
34,4877,815,2521,781,5.5714,225900,"<1H OCEAN"
33,3047,527,1578,507,4.58,236200,"<1H OCEAN"
35,2235,390,1148,416,4.869,221600,"<1H OCEAN"
34,3580,565,1694,524,5.4065,243800,"<1H OCEAN"
33,1975,271,801,287,7.8193,379600,"<1H OCEAN"
34,3787,771,1966,738,4.055,222500,"<1H OCEAN"
36,2276,429,1001,419,4.1042,252100,"<1H OCEAN"
36,3204,538,1499,499,5.5649,271200,"<1H OCEAN"
32,1931,298,948,314,5.3847,329200,"<1H OCEAN"
22,5303,838,2372,807,5.6912,311800,"<1H OCEAN"
28,2309,300,931,302,6.7415,348200,"<1H OCEAN"
33,1927,305,896,293,5.634,320500,"<1H OCEAN"
23,4960,592,1929,586,10.9052,500001,"<1H OCEAN"
21,4018,536,1508,529,8.203,445400,"<1H OCEAN"
25,4919,661,2183,625,8.1356,352800,"<1H OCEAN"
33,2831,510,1340,504,4.8316,237300,"<1H OCEAN"
21,8850,2139,4717,1979,3.7816,254200,"<1H OCEAN"
29,2472,354,1109,397,5.5433,332500,"<1H OCEAN"
11,7849,1664,3561,1500,4.6625,290900,"<1H OCEAN"
25,8389,1872,4483,1747,3.5497,261300,"<1H OCEAN"
28,4054,712,2164,746,5,258000,"<1H OCEAN"
20,7384,845,2795,872,9.6047,500001,"<1H OCEAN"
20,8146,1131,3562,1054,7.167,357100,"<1H OCEAN"
17,5406,895,2337,882,6.0137,375900,"<1H OCEAN"
9,4759,924,1884,915,4.8333,277200,"<1H OCEAN"
15,10860,1653,4178,1581,6.3249,262100,"<1H OCEAN"
18,6154,1070,3010,1034,5.6392,271500,"<1H OCEAN"
16,8295,1506,3903,1451,5.5111,276600,"<1H OCEAN"
18,1376,225,670,205,6.5146,277600,"<1H OCEAN"
25,2762,410,1166,439,6.8643,333700,"<1H OCEAN"
18,897,142,263,110,6.1288,350000,"<1H OCEAN"
26,3727,572,1724,530,6.1419,327300,"<1H OCEAN"
24,5256,758,2474,780,7.3252,333700,"<1H OCEAN"
19,8866,2355,5005,2194,3.2564,230300,"<1H OCEAN"
17,6592,1525,4459,1463,3.0347,254500,"<1H OCEAN"
31,1962,243,697,242,8.565,500001,"<1H OCEAN"
23,2980,362,1208,378,8.1714,500001,"<1H OCEAN"
34,5098,778,2239,778,5.6149,273100,"<1H OCEAN"
26,3239,647,1529,590,3.2426,236900,"<1H OCEAN"
15,9716,2387,4992,2225,3.6231,193300,"<1H OCEAN"
20,4679,609,1945,609,8.7471,419900,"<1H OCEAN"
23,4883,769,2119,725,5.521,280800,"<1H OCEAN"
36,3215,529,1710,539,5.5126,248400,"<1H OCEAN"
36,2406,432,1242,454,4.6944,221800,"<1H OCEAN"
22,3275,648,1746,585,4.9676,221900,"<1H OCEAN"
29,3907,773,2037,727,4.1023,230200,"<1H OCEAN"
14,4407,1209,2676,1128,3.4091,168800,"<1H OCEAN"
35,1917,314,1019,340,4.8929,234900,"<1H OCEAN"
35,1969,339,950,340,4.875,230400,"<1H OCEAN"
17,6015,1464,3056,1347,4.0077,229000,"<1H OCEAN"
24,4338,558,1514,549,8.8612,500001,"<1H OCEAN"
31,5297,664,1986,657,8.6454,483500,"<1H OCEAN"
36,3324,448,1190,423,7.2772,477200,"<1H OCEAN"
6,3218,949,2295,876,3.0926,418500,"<1H OCEAN"
35,1471,210,735,219,8.3841,472200,"<1H OCEAN"
20,6331,1537,2957,1509,3.3892,323100,"<1H OCEAN"
24,4631,1164,2360,1083,3.0977,264000,"<1H OCEAN"
24,2718,719,3018,644,2.9076,275300,"<1H OCEAN"
35,3422,601,1690,574,4.375,232900,"<1H OCEAN"
27,2131,543,1065,528,3.2404,230400,"<1H OCEAN"
26,2639,378,1191,401,6.2788,322200,"<1H OCEAN"
21,5751,1082,2230,1016,4.3458,407500,"<1H OCEAN"
25,4409,1018,4579,1010,2.8727,245100,"<1H OCEAN"
27,4580,918,2252,850,4.7926,454400,"<1H OCEAN"
21,4617,1101,2891,1031,3.2289,318100,"<1H OCEAN"
32,4039,984,2675,941,3.0321,240000,"<1H OCEAN"
34,2193,513,1299,497,3.6187,211600,"<1H OCEAN"
29,1753,342,1318,333,4.125,241400,"<1H OCEAN"
34,2094,380,1207,380,5.2801,212300,"<1H OCEAN"
11,5363,1160,2783,1034,3.8583,170700,"<1H OCEAN"
21,2692,477,1330,456,4.5417,238900,"<1H OCEAN"
19,2405,661,1855,621,2.3111,255400,"<1H OCEAN"
32,2621,412,1285,414,6.6537,267600,"<1H OCEAN"
30,2871,470,1335,458,5.0232,253900,"<1H OCEAN"
35,2707,446,1224,445,5.2939,244200,"<1H OCEAN"
34,1971,316,917,307,6.0965,262300,"<1H OCEAN"
32,2333,389,969,331,4.8164,241100,"<1H OCEAN"
32,2411,380,1040,344,6.155,257300,"<1H OCEAN"
34,2634,412,1114,423,5.9401,315300,"<1H OCEAN"
26,3082,573,1590,586,4.5167,319000,"<1H OCEAN"
32,4373,683,2040,693,5.2668,242300,"<1H OCEAN"
30,1756,314,899,288,5.0325,238200,"<1H OCEAN"
22,8350,2717,9135,2452,2.5008,160000,"<1H OCEAN"
35,1963,310,919,297,4.7583,258600,"<1H OCEAN"
30,1762,263,761,292,6.5268,273100,"<1H OCEAN"
29,3354,707,1752,650,4.5484,239900,"<1H OCEAN"
20,4609,1499,5349,1377,2.7121,169400,"<1H OCEAN"
16,6338,1768,4718,1632,3.0187,154600,"<1H OCEAN"
38,921,239,1023,241,3.4514,151900,"<1H OCEAN"
36,1181,220,775,218,4.7228,183800,"<1H OCEAN"
36,1488,313,1221,296,4.0208,171400,"<1H OCEAN"
35,1507,281,1025,286,4.5833,177200,"<1H OCEAN"
35,1026,195,753,185,4.5909,179200,"<1H OCEAN"
38,490,101,402,100,3.125,175900,"<1H OCEAN"
34,1102,212,949,212,4.0792,165100,"<1H OCEAN"
28,1077,288,1377,293,3.9167,153900,"<1H OCEAN"
32,2433,553,2318,532,3.6384,159300,"<1H OCEAN"
34,325,60,433,83,5.5124,174300,"<1H OCEAN"
35,1583,324,1481,351,3.7,176000,"<1H OCEAN"
21,2143,565,1803,497,3.9833,162500,"<1H OCEAN"
11,9053,2193,7096,2038,3.5082,136500,"<1H OCEAN"
15,5738,1767,4620,1581,2.3584,157600,"<1H OCEAN"
7,3299,794,2343,647,3.0865,205900,"<1H OCEAN"
33,1121,231,1038,236,4.8958,173700,"<1H OCEAN"
35,1416,261,995,272,3.7143,178700,"<1H OCEAN"
35,1488,293,1112,288,4.4688,182500,"<1H OCEAN"
36,1660,301,1225,307,4.095,184000,"<1H OCEAN"
35,2344,435,1531,399,3.725,178200,"<1H OCEAN"
33,2478,457,1567,446,5.6629,186700,"<1H OCEAN"
29,1807,323,1234,310,5.3767,233000,"<1H OCEAN"
35,2049,390,1286,385,4.4432,181500,"<1H OCEAN"
36,1379,265,896,246,4.6827,183800,"<1H OCEAN"
34,1550,279,1011,288,4.5375,189000,"<1H OCEAN"
35,1225,228,720,231,3.4013,176500,"<1H OCEAN"
37,1737,369,1061,356,3.9615,173700,"<1H OCEAN"
37,1279,241,987,233,4.0057,172700,"<1H OCEAN"
36,1730,387,1099,353,4.0368,183100,"<1H OCEAN"
34,1588,360,1080,340,3.66,184600,"<1H OCEAN"
41,1030,214,664,223,3.8083,183800,"<1H OCEAN"
39,1529,344,913,314,3.325,178200,"<1H OCEAN"
43,2257,429,1418,442,4.5278,181800,"<1H OCEAN"
35,2288,617,2222,566,2.6299,170700,"<1H OCEAN"
39,1500,333,998,309,3.9625,168200,"<1H OCEAN"
31,2057,601,2397,579,2.871,184400,"<1H OCEAN"
24,3442,1168,4625,1097,2.0699,183000,"<1H OCEAN"
25,4393,1369,3781,1267,2.5833,183700,"<1H OCEAN"
8,2609,786,1803,695,2.7714,185700,"<1H OCEAN"
19,9902,2814,7307,2660,2.585,145400,"<1H OCEAN"
36,1191,266,718,248,3.4612,178800,"<1H OCEAN"
37,1665,335,1011,343,4.8703,185100,"<1H OCEAN"
41,1440,325,1014,322,2.875,168600,"<1H OCEAN"
41,1582,399,1159,378,2.825,168600,"<1H OCEAN"
34,2300,429,1447,455,4.2656,233700,"<1H OCEAN"
17,3667,1209,2636,1054,2.425,175500,"<1H OCEAN"
36,1372,295,774,306,3.6618,187300,"<1H OCEAN"
43,1220,222,729,230,3.6442,186300,"<1H OCEAN"
30,2453,544,1753,506,2.9803,191500,"<1H OCEAN"
35,2215,459,1594,446,4.0167,193200,"<1H OCEAN"
45,972,181,554,187,4.8194,181300,"<1H OCEAN"
36,2557,540,1556,491,3.6591,183800,"<1H OCEAN"
37,1404,266,889,274,4.0049,190000,"<1H OCEAN"
38,983,185,513,170,4.8816,231500,"<1H OCEAN"
40,1283,246,594,236,4.1121,229200,"<1H OCEAN"
32,1444,317,1177,311,3.6,164600,"<1H OCEAN"
17,1787,463,1671,448,3.5521,151500,"<1H OCEAN"
38,125,42,63,29,1.3594,158300,"<1H OCEAN"
35,2552,545,1850,503,4.775,179500,"<1H OCEAN"
18,3405,831,3001,795,3.0083,181900,"<1H OCEAN"
43,1193,299,1184,320,2.1518,161600,"<1H OCEAN"
36,1643,349,1414,337,4.1181,172700,"<1H OCEAN"
35,2830,518,1577,524,5.35,210500,"<1H OCEAN"
35,1789,292,897,267,5.592,239900,"<1H OCEAN"
40,712,149,533,155,3.695,165200,"<1H OCEAN"
35,1790,334,1277,345,5.0818,186800,"<1H OCEAN"
32,1869,441,1516,432,3.6845,178500,"<1H OCEAN"
14,2807,868,2729,803,2.6667,172400,"<1H OCEAN"
20,1176,344,864,318,2.375,177700,"<1H OCEAN"
35,1468,303,1295,300,3.7708,170600,"<1H OCEAN"
33,1981,484,1665,466,3.0833,179100,"<1H OCEAN"
34,3004,589,1938,568,4.1857,198600,"<1H OCEAN"
29,2893,543,1636,540,5.1586,237400,"<1H OCEAN"
34,161,48,66,33,1,187500,"<1H OCEAN"
34,1531,278,1064,274,5.6687,207300,"<1H OCEAN"
36,1392,326,1181,303,3.1563,176400,"<1H OCEAN"
36,2080,455,1939,484,4.2875,176600,"<1H OCEAN"
34,2272,558,2164,484,3.7143,175700,"<1H OCEAN"
11,2127,581,1989,530,2.9028,174100,"<1H OCEAN"
32,362,100,348,102,2.2679,150000,"<1H OCEAN"
15,2485,742,1994,670,2.8333,183200,"<1H OCEAN"
37,1512,348,1545,351,3.7663,160300,"<1H OCEAN"
41,1560,374,1668,389,3.025,154300,"<1H OCEAN"
41,337,65,198,50,1.8929,152900,"<1H OCEAN"
42,715,145,730,158,3.8,169500,"<1H OCEAN"
23,4138,1171,3911,1068,3.0125,181700,"<1H OCEAN"
17,2594,1028,3950,973,2.0348,177200,"<1H OCEAN"
33,2034,470,1990,423,3.7455,159600,"<1H OCEAN"
34,2199,609,2488,597,2.9861,171800,"<1H OCEAN"
38,1363,395,1798,405,2.3182,171200,"<1H OCEAN"
33,1438,309,1378,306,2.8917,170400,"<1H OCEAN"
11,2921,685,1512,664,4.1445,176400,"<1H OCEAN"
34,1471,423,995,386,2.9583,188700,"<1H OCEAN"
36,2233,605,1934,599,2.8784,194900,"<1H OCEAN"
33,1829,512,1345,500,3.1629,198900,"<1H OCEAN"
19,2890,821,2203,705,2.6696,185100,"<1H OCEAN"
41,2000,485,1439,461,3.0491,192000,"<1H OCEAN"
23,1875,710,2555,657,2.0968,162500,"<1H OCEAN"
19,2012,732,3483,731,2.2234,181300,"<1H OCEAN"
41,2924,867,2751,836,2.1,171600,"<1H OCEAN"
37,1434,394,1667,404,2.4375,176300,"<1H OCEAN"
32,993,285,1044,248,2.4306,187500,"<1H OCEAN"
13,4859,1293,3351,1200,3.6875,211900,"<1H OCEAN"
37,934,231,587,230,3.625,181300,"<1H OCEAN"
30,2392,655,1987,609,2.8424,226400,"<1H OCEAN"
35,2180,599,1483,574,3.0395,191300,"<1H OCEAN"
39,1169,242,612,247,4.1429,2e+05,"<1H OCEAN"
32,2734,654,2209,610,3.5164,217200,"<1H OCEAN"
24,3148,908,2850,839,1.9549,221500,"<1H OCEAN"
42,779,145,450,148,3.9792,193800,"<1H OCEAN"
34,2622,572,1997,573,3.338,222500,"<1H OCEAN"
27,3201,970,3403,948,2.2377,231700,"<1H OCEAN"
33,3353,790,2318,775,2.2589,269700,"<1H OCEAN"
33,3285,830,2281,786,2.6165,230800,"<1H OCEAN"
27,3760,880,2022,812,3.1551,225600,"<1H OCEAN"
31,2887,646,1626,637,3.6745,335500,"<1H OCEAN"
30,1323,353,856,333,3.3594,202200,"<1H OCEAN"
33,2717,662,1546,597,3.9099,267500,"<1H OCEAN"
31,2417,510,1102,507,3.8906,282200,"<1H OCEAN"
40,1013,150,449,166,5.7143,382400,"<1H OCEAN"
45,1106,225,595,228,3.6625,190700,"<1H OCEAN"
43,1840,356,966,323,4.7171,237900,"<1H OCEAN"
30,2008,513,1052,496,3.0119,262200,"<1H OCEAN"
37,1993,425,939,400,2.8021,224600,"<1H OCEAN"
30,521,126,306,129,4.1125,216700,"<1H OCEAN"
35,1631,356,862,368,3.6007,261800,"<1H OCEAN"
32,3724,899,1912,791,3.5711,312700,"<1H OCEAN"
27,3588,911,1891,871,3.4013,286000,"<1H OCEAN"
25,3794,989,2454,876,2.9982,204200,"<1H OCEAN"
42,1957,389,985,414,2.9327,240200,"<1H OCEAN"
26,3345,818,1599,773,3.3516,241500,"<1H OCEAN"
44,477,91,220,112,3.3906,223800,"<1H OCEAN"
36,904,191,627,191,2.4167,192900,"<1H OCEAN"
45,1176,250,471,228,2.3333,364700,"<1H OCEAN"
35,1354,284,501,262,3.8056,384700,"<1H OCEAN"
34,2638,580,1150,551,4.2989,364700,"<1H OCEAN"
32,3060,505,1159,510,6.3703,465800,"<1H OCEAN"
35,2027,428,879,402,4.692,330900,"<1H OCEAN"
42,1308,289,950,302,2.7379,181500,"<1H OCEAN"
40,2079,568,1396,526,3.0061,190800,"<1H OCEAN"
27,4834,1527,3847,1432,2.1449,165300,"<1H OCEAN"
24,1983,651,2251,574,2.4792,2e+05,"<1H OCEAN"
33,1588,454,739,392,2.8208,238500,"<1H OCEAN"
40,1696,372,835,385,3.6563,222400,"<1H OCEAN"
36,1608,373,1217,374,2.9728,190200,"<1H OCEAN"
42,1140,300,643,252,3.3958,178400,"<1H OCEAN"
44,901,179,473,179,3.3125,186400,"<1H OCEAN"
30,977,264,736,258,1.9866,177400,"<1H OCEAN"
35,2949,794,2106,746,2.9228,177300,"<1H OCEAN"
32,3553,1060,3129,1010,2.5603,174200,"<1H OCEAN"
31,1109,354,1119,334,2.3056,2e+05,"<1H OCEAN"
31,1939,505,1584,466,2.5234,199500,"<1H OCEAN"
42,1713,416,1349,427,3.2596,191800,"<1H OCEAN"
35,2785,663,1631,614,3.9038,276100,"<1H OCEAN"
27,3277,648,1382,615,3.875,366100,"<1H OCEAN"
35,1975,384,882,406,4.375,291700,"<1H OCEAN"
32,3202,696,1573,621,3.4449,292900,"<1H OCEAN"
35,2922,507,1130,485,5.451,341800,"<1H OCEAN"
37,1982,331,794,340,5.9275,336900,"<1H OCEAN"
34,2459,489,1139,463,4.0347,353600,"<1H OCEAN"
41,2050,478,850,490,3.4208,343400,"<1H OCEAN"
40,1134,184,452,187,4.569,333900,"<1H OCEAN"
27,2795,602,1073,535,5.1496,365000,"<1H OCEAN"
31,2235,363,914,370,6.1359,359700,"<1H OCEAN"
28,4664,1040,1963,961,3.9028,367900,"<1H OCEAN"
14,577,150,372,130,4.1875,275000,"<1H OCEAN"
25,2769,566,1201,545,3.6641,386100,"<1H OCEAN"
24,4443,1283,2421,1180,2.2652,269200,"<1H OCEAN"
28,2790,748,1351,697,3.2052,283600,"<1H OCEAN"
26,6429,1611,2806,1491,3.1929,265200,"<1H OCEAN"
46,1582,279,603,283,5.1169,414300,"<1H OCEAN"
37,1388,286,547,258,5.1584,444700,"<1H OCEAN"
30,2016,622,1359,557,2.7708,192300,"<1H OCEAN"
46,2609,593,1055,585,3.3177,309400,"<1H OCEAN"
31,2197,501,944,474,3.7312,319400,"<1H OCEAN"
44,2295,560,1543,528,2.3851,194100,"<1H OCEAN"
15,3327,1011,2683,857,2.3784,185400,"<1H OCEAN"
42,600,171,377,181,2.4107,184400,"<1H OCEAN"
10,1431,473,1438,429,2.2756,221400,"<1H OCEAN"
6,854,350,542,321,0.8198,325000,"<1H OCEAN"
6,6526,2007,3298,1790,2.7231,250000,"<1H OCEAN"
10,2606,748,1373,680,3.6128,225000,"<1H OCEAN"
25,2450,618,1054,578,3.6375,262500,"<1H OCEAN"
40,1973,382,774,352,4.4122,282300,"<1H OCEAN"
43,2850,709,1510,670,2.4835,274300,"<1H OCEAN"
32,2455,556,989,493,4.0764,325000,"<1H OCEAN"
17,4150,1148,1808,1041,3.5051,232400,"<1H OCEAN"
11,2901,871,1659,789,3.1106,209400,"<1H OCEAN"
45,1755,335,822,342,5.1423,322900,"<1H OCEAN"
42,2304,442,862,429,4.3542,417900,"<1H OCEAN"
35,2245,393,783,402,4.1544,500001,"<1H OCEAN"
20,4090,1271,2824,1053,2.773,140500,"<1H OCEAN"
26,2867,671,1955,640,4.125,226500,"<1H OCEAN"
28,1732,435,1198,417,2.9219,241300,"<1H OCEAN"
20,5756,1477,4031,1369,3.2448,221200,"<1H OCEAN"
30,2331,733,2172,707,2.1888,195600,"<1H OCEAN"
19,3666,1150,2657,1090,2.9688,202100,"<1H OCEAN"
13,2926,816,1867,802,3.5255,202700,"<1H OCEAN"
7,2081,657,1456,535,3.5,186900,"<1H OCEAN"
34,2512,603,1805,584,2.9735,220000,"<1H OCEAN"
20,3939,1143,2475,1002,2.9025,229100,"<1H OCEAN"
25,2879,723,2077,649,3.3864,197400,"<1H OCEAN"
26,2027,559,1545,513,2.8974,189900,"<1H OCEAN"
22,3430,1214,3618,1092,2.1974,93800,"<1H OCEAN"
25,1131,449,746,420,1.3565,225000,"<1H OCEAN"
23,2087,571,1809,553,3.1667,202000,"<1H OCEAN"
35,1109,206,515,202,5.2118,215800,"<1H OCEAN"
34,1617,344,938,305,3.915,217700,"<1H OCEAN"
12,3831,1083,2258,967,2.4375,255400,"<1H OCEAN"
23,2850,864,2249,777,2.6957,191700,"<1H OCEAN"
20,5699,1594,3809,1381,2.8646,221100,"<1H OCEAN"
36,2058,423,1132,423,3.8833,210400,"<1H OCEAN"
25,4590,1477,2723,1195,2.7118,281700,"<1H OCEAN"
33,3879,943,2113,843,3.892,292900,"<1H OCEAN"
27,1572,450,1039,455,2.5562,190500,"<1H OCEAN"
18,2729,800,2099,742,2.5842,230800,"<1H OCEAN"
22,4855,1350,2519,1258,3.0893,205600,"<1H OCEAN"
37,1073,254,739,253,2.4667,192200,"<1H OCEAN"
20,5992,1820,4826,1632,2.7237,233500,"<1H OCEAN"
35,1491,295,779,309,6.1142,256300,"<1H OCEAN"
29,3051,694,1942,679,3.1118,238100,"<1H OCEAN"
36,2698,623,1544,554,2.7375,234900,"<1H OCEAN"
35,1717,478,1628,495,2.5197,225600,"<1H OCEAN"
17,2934,950,2517,889,2.936,232500,"<1H OCEAN"
27,3440,739,1827,712,4.125,245500,"<1H OCEAN"
37,1516,344,983,347,5,243600,"<1H OCEAN"
19,3487,959,2278,835,2.6709,215500,"<1H OCEAN"
29,1599,459,1143,438,2.4583,199100,"<1H OCEAN"
22,2052,568,1254,572,2.6364,271100,"<1H OCEAN"
36,2077,496,1206,528,2.2326,221000,"<1H OCEAN"
11,2891,951,2166,768,2.891,178100,"<1H OCEAN"
17,1546,592,2423,556,2.1977,154200,"<1H OCEAN"
11,2479,900,2466,855,2.2264,181300,"<1H OCEAN"
22,2516,826,3350,713,2.0192,158300,"<1H OCEAN"
27,2582,719,2038,718,3.0877,174200,"<1H OCEAN"
41,1104,196,495,196,5.0929,225000,"<1H OCEAN"
39,1810,388,839,380,3.7171,228800,"<1H OCEAN"
34,1843,442,861,417,3.6875,246400,"<1H OCEAN"
33,1791,386,844,397,4.5081,251400,"<1H OCEAN"
35,1819,465,1336,419,3.4583,253200,"<1H OCEAN"
35,972,270,550,256,2.2461,215000,"<1H OCEAN"
25,4966,1134,1941,958,3.8081,286700,"<1H OCEAN"
33,2077,486,1021,450,3.6019,225000,"<1H OCEAN"
25,3830,1105,2328,1017,2.6238,210000,"<1H OCEAN"
33,2127,414,1056,391,4.375,286100,"<1H OCEAN"
33,1679,404,933,412,2.6979,266000,"<1H OCEAN"
34,2180,424,906,429,4.4464,353100,"<1H OCEAN"
42,777,102,284,113,11.2093,500001,"<1H OCEAN"
29,2685,642,1085,599,3.2763,279400,"<1H OCEAN"
34,2622,467,1233,476,4.0474,379700,"<1H OCEAN"
35,3080,642,1362,623,4.1218,328500,"<1H OCEAN"
33,1616,322,580,311,4.0391,337500,"<1H OCEAN"
22,4982,1358,2237,1220,3.7105,272600,"<1H OCEAN"
21,2152,527,996,470,3.2386,277300,"<1H OCEAN"
33,3100,687,1388,658,4.3333,261300,"<1H OCEAN"
24,2814,675,1463,620,4.1875,309300,"<1H OCEAN"
22,6707,1737,2620,1610,3.1478,273700,"<1H OCEAN"
33,2544,500,1035,492,4.475,314800,"<1H OCEAN"
28,2795,622,1173,545,4.4423,280400,"<1H OCEAN"
26,2548,647,1098,540,4.3839,299100,"<1H OCEAN"
22,6064,1826,4876,1697,2.875,227100,"<1H OCEAN"
32,2593,566,1596,547,3.9886,199200,"<1H OCEAN"
35,1664,300,1000,309,4.6731,224100,"<1H OCEAN"
37,1600,349,1012,366,4.1597,201600,"<1H OCEAN"
33,2205,453,1242,419,4.1319,203700,"<1H OCEAN"
36,2794,523,1334,472,4.3462,222100,"<1H OCEAN"
36,1254,229,629,245,4.9643,236100,"<1H OCEAN"
36,1656,310,817,308,5.5675,215900,"<1H OCEAN"
36,1952,387,1156,392,4.185,209200,"<1H OCEAN"
36,2396,421,1064,398,4.7,223600,"<1H OCEAN"
36,1493,285,766,272,4.8646,213200,"<1H OCEAN"
35,1275,222,959,226,5.0282,195400,"<1H OCEAN"
35,1620,272,1052,248,5.5209,203300,"<1H OCEAN"
36,2394,424,1490,427,4.3261,206700,"<1H OCEAN"
34,1663,299,762,282,5.1265,211000,"<1H OCEAN"
29,4101,849,2630,867,4.6607,199800,"<1H OCEAN"
18,3124,796,1855,725,2.9389,213200,"<1H OCEAN"
35,2592,490,1427,434,5.0623,246400,"<1H OCEAN"
35,1843,329,1041,317,4.4271,205100,"<1H OCEAN"
36,1286,242,788,248,3.5333,196800,"<1H OCEAN"
34,1599,294,819,306,4.3194,197000,"<1H OCEAN"
33,3910,838,2097,810,3.8247,208700,"<1H OCEAN"
13,8327,1849,4126,1773,3.7313,189800,"<1H OCEAN"
35,2891,594,1757,581,4.3571,199800,"<1H OCEAN"
33,3270,818,2118,763,3.225,205300,"<1H OCEAN"
35,1668,332,807,311,4.5125,200300,"<1H OCEAN"
35,1614,308,850,330,4.1806,209000,"<1H OCEAN"
37,2066,434,1031,414,4.0924,188400,"<1H OCEAN"
36,1328,287,823,273,4.5648,193700,"<1H OCEAN"
42,1558,322,884,334,2.2304,203800,"<1H OCEAN"
33,2327,479,1166,472,4.2344,262500,"<1H OCEAN"
34,2871,581,1350,535,3.7049,227500,"<1H OCEAN"
35,2537,418,1161,421,5.3028,229200,"<1H OCEAN"
38,2182,409,1141,379,4.2865,221100,"<1H OCEAN"
18,4249,933,2047,909,4.1304,229100,"<1H OCEAN"
35,2720,490,1158,445,5.0796,228300,"<1H OCEAN"
26,2156,509,1142,470,4,224700,"<1H OCEAN"
19,4315,1304,2490,1222,2.6437,195000,"<1H OCEAN"
37,1795,346,1082,354,4.9102,207200,"<1H OCEAN"
26,2221,662,1998,603,2.8701,191100,"<1H OCEAN"
21,2549,651,1624,628,3.6905,179800,"<1H OCEAN"
31,1963,420,1494,415,3.5313,211800,"<1H OCEAN"
42,881,170,464,163,2.9511,203900,"<1H OCEAN"
37,1560,275,763,284,3.8516,206900,"<1H OCEAN"
37,1892,347,1039,343,4.8295,212100,"<1H OCEAN"
32,2618,692,1961,633,2.625,192300,"<1H OCEAN"
34,2307,388,1168,427,4.2143,245400,"<1H OCEAN"
26,4175,885,2118,778,4.2083,240300,"<1H OCEAN"
36,1544,308,891,286,4.175,190900,"<1H OCEAN"
35,782,144,425,140,5.4548,201400,"<1H OCEAN"
34,1237,242,671,221,3.9615,183600,"<1H OCEAN"
34,2579,561,1237,517,4.433,235100,"<1H OCEAN"
36,1366,224,719,270,4.8264,251000,"<1H OCEAN"
22,3380,790,2199,737,2.5739,239200,"<1H OCEAN"
25,1938,457,1280,425,3.9632,240300,"<1H OCEAN"
36,978,170,475,192,4.675,222500,"<1H OCEAN"
31,1856,370,990,360,4.3654,223800,"<1H OCEAN"
24,2642,696,1649,633,3.0187,217700,"<1H OCEAN"
26,2335,669,1986,645,2.9974,178800,"<1H OCEAN"
18,847,185,733,178,5.2149,201900,"<1H OCEAN"
37,1389,252,826,249,5.015,220900,"<1H OCEAN"
27,2795,606,1702,586,3.7798,258400,"<1H OCEAN"
23,4891,793,2447,765,5.8798,270500,"<1H OCEAN"
17,3262,753,1879,708,4.1359,255200,"<1H OCEAN"
13,6227,1317,3739,1226,4.0313,299300,"<1H OCEAN"
35,2560,441,1428,468,5.6345,228200,"<1H OCEAN"
27,2209,353,1034,344,4.7125,250900,"<1H OCEAN"
34,1943,320,895,305,5.0462,227700,"<1H OCEAN"
34,2389,521,1560,514,4.8333,225400,"<1H OCEAN"
21,9512,2560,7282,2387,2.8039,227500,"<1H OCEAN"
34,3494,557,1861,576,5.6407,251500,"<1H OCEAN"
33,1636,275,866,289,5.6356,241300,"<1H OCEAN"
26,3234,517,1597,513,6.1074,258600,"<1H OCEAN"
34,2633,471,1313,428,4.0909,232900,"<1H OCEAN"
41,1058,228,778,245,3.3534,180500,"<1H OCEAN"
16,1718,467,896,475,3.6296,160900,"<1H OCEAN"
33,2609,431,1208,406,5.4527,227100,"<1H OCEAN"
23,3098,542,1486,492,5.7613,235800,"<1H OCEAN"
31,3952,647,1762,588,5.5709,244800,"<1H OCEAN"
16,4312,574,1902,574,8.4438,390000,"<1H OCEAN"
5,5429,665,2315,687,9.6465,500001,"<1H OCEAN"
23,7480,1084,3037,1058,6.9223,338400,"<1H OCEAN"
32,3233,553,1678,545,5.0025,234900,"<1H OCEAN"
19,7411,1045,2814,950,6.7785,336100,"<1H OCEAN"
17,2737,868,2924,785,2.5797,183500,"<1H OCEAN"
10,2869,941,2162,829,3.2297,150000,"<1H OCEAN"
19,2581,857,2004,784,2.6159,182300,"<1H OCEAN"
35,1770,362,1083,355,5.0483,221000,"<1H OCEAN"
36,878,167,499,179,4.1181,190400,"<1H OCEAN"
18,7157,1869,4642,1699,3.1818,208000,"<1H OCEAN"
21,2979,744,1824,692,3.5,223700,"<1H OCEAN"
36,2600,441,1246,426,4.1111,215600,"<1H OCEAN"
36,2559,469,1358,445,4.5568,201500,"<1H OCEAN"
33,1759,311,943,315,5.223,209200,"<1H OCEAN"
35,1558,267,793,249,5.1463,220200,"<1H OCEAN"
35,1323,228,756,216,4.233,221300,"<1H OCEAN"
34,2185,372,986,347,4.8125,266700,"<1H OCEAN"
35,2329,399,966,336,3.8839,224900,"<1H OCEAN"
27,4286,1071,2863,1033,3.3125,222800,"<1H OCEAN"
15,3061,1079,2173,1078,2.85,187500,"<1H OCEAN"
28,908,142,368,143,5.6159,340500,"<1H OCEAN"
29,2421,402,1120,388,5.0309,244800,"<1H OCEAN"
25,3124,468,1241,439,6.4044,333100,"<1H OCEAN"
35,1934,307,905,315,5.5101,267400,"<1H OCEAN"
29,1673,284,794,270,5.5191,245800,"<1H OCEAN"
28,3824,749,1790,701,4.1154,246400,"<1H OCEAN"
34,703,127,369,127,4.3125,210100,"<1H OCEAN"
16,14912,4183,5105,3302,2.8312,213900,"<1H OCEAN"
32,3568,591,1741,563,5.1529,259600,"<1H OCEAN"
32,1646,242,697,233,6.6689,433000,"<1H OCEAN"
30,2399,373,1062,377,6.0094,245600,"<1H OCEAN"
33,3017,494,1423,470,5.6163,248400,"<1H OCEAN"
33,3808,623,1784,615,5.1641,263400,"<1H OCEAN"
28,3274,571,1424,521,4.4167,247300,"<1H OCEAN"
27,1793,339,1016,326,4.925,240300,"<1H OCEAN"
27,2772,511,1346,497,5.2016,243000,"<1H OCEAN"
23,7544,1031,3221,1043,7.642,374900,"<1H OCEAN"
33,4769,787,2019,743,5.5798,338200,"<1H OCEAN"
26,6767,903,2574,883,7.7846,409000,"<1H OCEAN"
36,2981,441,1243,413,6.5304,439800,"<1H OCEAN"
35,2072,318,908,342,6.0928,327300,"<1H OCEAN"
29,3393,574,1471,587,6.2064,334900,"<1H OCEAN"
7,11853,2691,4404,2447,4.2009,271300,"<1H OCEAN"
19,5944,1345,2372,1250,3.8819,328900,"<1H OCEAN"
32,1491,355,756,296,3.0404,262800,"<1H OCEAN"
34,3268,538,1463,519,6.8482,308300,"<1H OCEAN"
33,5252,760,2041,730,6.7977,389700,"<1H OCEAN"
26,4607,656,1769,643,7.4918,367600,"<1H OCEAN"
25,6612,857,2519,843,8.3912,419000,"<1H OCEAN"
31,1689,362,705,360,4,278500,"<1H OCEAN"
32,4491,815,1696,749,4.9102,319100,"<1H OCEAN"
29,4364,647,1550,624,6.8107,367400,"<1H OCEAN"
33,2896,455,1116,411,6.0192,347700,"<1H OCEAN"
30,3346,487,1296,495,7.457,392700,"<1H OCEAN"
26,5661,791,2493,780,7.9814,409900,"<1H OCEAN"
31,1950,383,870,357,3.1875,500001,"<1H OCEAN"
18,6476,1082,2413,958,5.6327,500001,"<1H OCEAN"
36,1887,359,761,329,5.4847,296000,"<1H OCEAN"
37,3441,584,1283,544,4.1656,313100,"<1H OCEAN"
32,3999,667,1628,631,6.0794,338500,"<1H OCEAN"
22,5791,706,2059,673,10.9201,500001,"<1H OCEAN"
21,3856,547,1422,535,8.4196,450700,"<1H OCEAN"
29,2023,330,747,304,6.7694,369700,"<1H OCEAN"
28,4570,744,1693,695,6.14,361900,"<1H OCEAN"
19,1303,155,450,145,10.5511,483100,"<1H OCEAN"
31,3073,674,1486,684,4.8984,311700,"<1H OCEAN"
37,1893,365,911,324,4.8036,295300,"<1H OCEAN"
31,3252,834,1411,760,3.1885,219000,"<1H OCEAN"
43,1700,380,930,349,3.675,213100,"<1H OCEAN"
46,2082,438,1047,393,3.6534,216000,"<1H OCEAN"
42,1611,410,879,386,3.1923,221800,"<1H OCEAN"
18,6430,1412,2897,1348,3.855,243800,"<1H OCEAN"
11,1080,174,386,160,6.1274,315900,"<1H OCEAN"
32,3011,529,1287,525,5.0605,311000,"<1H OCEAN"
39,1819,291,770,278,5.4088,457300,"<1H OCEAN"
17,7214,1994,4100,1823,3.0943,174500,"<1H OCEAN"
16,7194,1976,3687,1894,3.1887,189300,"<1H OCEAN"
34,2458,433,1034,373,5.6738,443600,"<1H OCEAN"
25,3352,891,1815,860,2.8528,425000,"<1H OCEAN"
36,2127,297,761,274,7.8392,500001,"<1H OCEAN"
35,2987,391,1244,387,7.1322,500001,"<1H OCEAN"
20,17377,4457,7450,4204,3.2154,259600,"<1H OCEAN"
39,2693,478,1219,435,5.17,335400,"<1H OCEAN"
32,3554,762,1623,750,3.6141,290600,"<1H OCEAN"
23,11154,1995,4076,1809,5.4609,500001,"<1H OCEAN"
32,2108,309,769,274,8.7172,500001,"<1H OCEAN"
37,3333,488,1171,485,6.4958,500001,"<1H OCEAN"
34,3547,523,1187,500,7.139,424000,"<1H OCEAN"
33,3104,387,1111,376,13.4196,500001,"<1H OCEAN"
33,2829,360,1010,363,10.3587,500001,"<1H OCEAN"
28,3539,441,1190,421,10.6796,500001,"<1H OCEAN"
28,6748,904,2431,876,12.8879,500001,"<1H OCEAN"
28,6920,906,2515,860,9.2189,500001,"<1H OCEAN"
26,10111,1295,3599,1257,10.2292,500001,"<1H OCEAN"
23,9657,1189,3585,1162,10.4399,500001,"<1H OCEAN"
28,6270,1706,2549,1497,3.2241,295800,"<1H OCEAN"
42,1293,214,459,217,7.672,467600,"<1H OCEAN"
26,2900,667,1090,590,3.7125,447400,"<1H OCEAN"
31,1856,425,795,426,2.8448,360600,"<1H OCEAN"
29,5474,1457,2352,1326,3.415,382500,"<1H OCEAN"
44,1778,251,641,251,10.0549,500001,"<1H OCEAN"
15,4420,1076,1669,1016,4.6375,359100,"<1H OCEAN"
37,1335,286,539,279,3.2813,301700,"<1H OCEAN"
38,1387,337,713,343,2.9352,304500,"<1H OCEAN"
22,7828,2038,3303,1922,3.6171,318300,"<1H OCEAN"
10,1091,260,517,266,4.1727,332600,"<1H OCEAN"
20,3876,799,1334,753,4.5656,478400,"<1H OCEAN"
38,1495,300,598,280,3.4698,265400,"<1H OCEAN"
16,4590,1200,2195,1139,3.8273,334900,"<1H OCEAN"
7,6306,1473,2381,1299,4.642,457300,"<1H OCEAN"
30,3823,740,1449,612,4.6,392500,"<1H OCEAN"
43,804,117,267,110,8.2269,500001,"<1H OCEAN"
31,2536,429,990,424,5.4591,495500,"<1H OCEAN"
30,3507,536,1427,525,6.7082,500001,"<1H OCEAN"
31,9320,1143,2980,1109,10.3599,500001,"<1H OCEAN"
34,5264,771,1738,753,8.8115,500001,"<1H OCEAN"
36,2873,420,850,379,8.153,500001,"<1H OCEAN"
34,3646,610,1390,607,7.629,500001,"<1H OCEAN"
44,1693,239,498,216,10.9237,500001,"<1H OCEAN"
37,4400,695,1521,666,8.2954,500001,"<1H OCEAN"
33,1741,274,588,267,7.9625,490800,"<1H OCEAN"
52,1680,238,493,211,9.042,500001,"<1H OCEAN"
41,3545,698,1221,651,4.3,500001,"<1H OCEAN"
34,3659,921,1338,835,3.6202,366100,"<1H OCEAN"
23,4604,1319,2391,1227,3.1373,263100,"<1H OCEAN"
29,2630,617,1071,573,3.3669,376100,"<1H OCEAN"
42,2358,546,1065,523,3.1289,320600,"<1H OCEAN"
36,2933,619,1115,579,4.3036,365900,"<1H OCEAN"
29,3110,650,1212,642,4.2031,394400,"<1H OCEAN"
29,917,181,379,183,3.4612,425000,"<1H OCEAN"
20,4084,1062,1637,987,3.2388,256300,"<1H OCEAN"
31,3881,909,1535,846,3.0398,369100,"<1H OCEAN"
33,4032,868,1695,869,4.3468,425900,"<1H OCEAN"
48,680,131,268,126,4.615,371400,"<1H OCEAN"
18,1880,420,681,333,4.3214,372300,"<1H OCEAN"
31,1861,430,736,360,5.2853,355900,"<1H OCEAN"
17,277,70,119,59,4.0208,341700,"<1H OCEAN"
46,54,9,20,6,0.536,375000,"<1H OCEAN"
41,2394,500,837,417,4.3889,380400,"<1H OCEAN"
44,2515,510,967,484,5.0754,374500,"<1H OCEAN"
24,3891,866,1568,830,4.1656,364700,"<1H OCEAN"
46,1628,259,500,258,6.083,424000,"<1H OCEAN"
30,1376,317,629,320,3.6823,295200,"<1H OCEAN"
8,4382,1560,2138,1411,3.5714,197900,"<1H OCEAN"
21,4670,1161,1914,1094,3.7986,367700,"<1H OCEAN"
42,1253,225,492,224,7.7112,386700,"<1H OCEAN"
19,5076,1034,2021,960,5.5683,309200,"<1H OCEAN"
36,2696,713,905,659,3.1146,373500,"<1H OCEAN"
39,1610,278,511,278,4.3333,385900,"<1H OCEAN"
41,3257,679,1237,638,4.2415,409600,"<1H OCEAN"
36,6871,1180,2216,1130,8.0499,495600,"<1H OCEAN"
23,1883,512,774,478,3.5096,396400,"<1H OCEAN"
28,4287,627,1498,615,8.5677,500001,"<1H OCEAN"
34,4624,781,1572,719,6.5533,500001,"<1H OCEAN"
40,1965,354,666,357,6.0876,483800,"<1H OCEAN"
32,8262,1156,2712,1125,10.5575,500001,"<1H OCEAN"
52,1695,281,595,264,6.0678,399300,"<1H OCEAN"
45,417,89,187,88,5.1377,360700,"<1H OCEAN"
33,778,143,258,130,5.738,497600,"<1H OCEAN"
27,3990,892,1417,800,4.0439,500001,"<1H OCEAN"
38,3830,518,1292,516,12.7823,500001,"<1H OCEAN"
52,2298,406,1203,387,5.5291,274600,"<1H OCEAN"
52,1388,271,735,239,3.7404,247700,"<1H OCEAN"
52,3800,646,1842,620,5.5524,293900,"<1H OCEAN"
46,2387,488,1181,456,3.6058,257900,"<1H OCEAN"
38,1826,300,793,297,5.2962,291500,"<1H OCEAN"
39,277,89,182,91,2.3958,175000,"<1H OCEAN"
50,3657,708,1725,644,5.5456,258100,"<1H OCEAN"
35,2983,526,1614,543,5.7794,272400,"<1H OCEAN"
52,2090,466,1219,390,4.0909,204200,"<1H OCEAN"
44,1681,407,1105,387,3.2222,186500,"<1H OCEAN"
25,1908,628,1412,588,2.2267,189800,"<1H OCEAN"
51,1941,378,1012,371,3.9375,217000,"<1H OCEAN"
47,2525,523,1514,498,4.3359,209200,"<1H OCEAN"
52,2012,458,1314,434,3.925,180400,"<1H OCEAN"
52,2035,459,2589,438,3.5349,193600,"<1H OCEAN"
52,2465,611,1433,570,3.25,214200,"<1H OCEAN"
47,1585,420,949,366,2.7098,173800,"<1H OCEAN"
52,791,174,501,162,3.3542,178100,"<1H OCEAN"
52,2228,475,1311,452,3.5341,182100,"<1H OCEAN"
52,1081,311,904,283,1.9219,165100,"<1H OCEAN"
45,2397,488,1569,471,4.21,167900,"<1H OCEAN"
35,2568,672,1696,605,2.9154,169200,"<1H OCEAN"
29,2640,737,1795,655,2.369,173400,"<1H OCEAN"
30,3376,720,1990,725,3.7813,232000,"<1H OCEAN"
50,1309,302,883,293,3.1287,198000,"<1H OCEAN"
52,679,132,483,163,4.2344,162500,"<1H OCEAN"
41,2591,682,2366,583,2.3071,146400,"<1H OCEAN"
44,1219,324,1036,282,4.0417,170600,"<1H OCEAN"
36,2833,720,2148,709,2.7012,172100,"<1H OCEAN"
30,3369,824,2032,795,4.0052,196400,"<1H OCEAN"
50,2929,588,1931,574,3.3438,173600,"<1H OCEAN"
52,1580,426,1462,406,3.3326,167600,"<1H OCEAN"
41,1908,503,1557,453,2.9194,162000,"<1H OCEAN"
52,1590,360,1127,321,3.4625,173900,"<1H OCEAN"
41,1904,514,1666,498,3.6845,175800,"<1H OCEAN"
52,1301,389,1189,361,2.5139,190000,"<1H OCEAN"
52,678,173,791,186,4.0625,171300,"<1H OCEAN"
46,3659,1068,4153,993,2.5211,162900,"<1H OCEAN"
52,1901,525,1856,480,3,156400,"<1H OCEAN"
44,1565,398,1500,407,2.8125,155600,"<1H OCEAN"
46,3387,820,2833,813,2.987,176900,"<1H OCEAN"
40,1266,348,1032,315,2.1667,150000,"<1H OCEAN"
35,2524,749,2487,679,2.4932,167700,"<1H OCEAN"
33,1523,391,753,298,2.6591,183800,"<1H OCEAN"
44,1346,398,1204,344,2.3984,152200,"<1H OCEAN"
38,1158,309,1051,322,2.286,169300,"<1H OCEAN"
26,1638,457,1155,437,3.4227,143800,"<1H OCEAN"
42,1577,379,1317,378,3.2121,153900,"<1H OCEAN"
36,1441,534,1809,500,2.1793,185700,"<1H OCEAN"
37,2040,611,1698,545,1.9355,166300,"<1H OCEAN"
30,3643,1197,4336,1163,2.07,154500,"<1H OCEAN"
32,2759,499,1661,533,4.3812,228200,"<1H OCEAN"
40,1684,316,795,330,5.2723,218300,"<1H OCEAN"
47,5077,1271,3348,1106,3.0377,186800,"<1H OCEAN"
35,4003,788,2785,764,4.1213,252100,"<1H OCEAN"
38,1051,249,799,229,2.712,143800,"<1H OCEAN"
46,2483,587,2121,553,2.2788,152900,"<1H OCEAN"
36,2000,533,1234,535,3.7437,241700,"<1H OCEAN"
34,1660,412,1678,382,2.7708,148200,"<1H OCEAN"
33,1903,386,1187,340,4.0469,196600,"<1H OCEAN"
41,1353,379,1536,416,2.1687,157000,"<1H OCEAN"
42,1706,488,1941,447,2.5213,149700,"<1H OCEAN"
36,1427,415,1835,410,2.48,138900,"<1H OCEAN"
45,1072,275,996,243,2.8194,165000,"<1H OCEAN"
41,438,201,690,161,2.0476,181300,"<1H OCEAN"
47,1162,235,781,268,4.6528,244400,"<1H OCEAN"
48,737,166,462,131,3.5893,212500,"<1H OCEAN"
40,2749,580,1375,511,4.825,205800,"<1H OCEAN"
34,609,149,407,145,4.5766,185800,"<1H OCEAN"
37,1799,426,1088,417,2.975,244500,"<1H OCEAN"
28,3306,1025,2670,942,3.0919,185400,"<1H OCEAN"
35,1937,439,1523,412,3.5638,170500,"<1H OCEAN"
36,2870,529,1371,565,5.2083,220900,"<1H OCEAN"
37,1298,242,750,255,5.2049,240800,"<1H OCEAN"
28,1546,465,974,408,2.2843,183800,"<1H OCEAN"
41,1213,301,801,300,3.1806,204200,"<1H OCEAN"
32,2094,491,1413,479,4.5089,221100,"<1H OCEAN"
31,1021,191,495,191,5.5051,223500,"<1H OCEAN"
35,4148,971,3220,892,3.3389,187100,"<1H OCEAN"
11,1281,418,1584,330,2.8889,153100,"<1H OCEAN"
29,2904,892,3320,765,2.6111,168800,"<1H OCEAN"
34,80,26,125,35,0.8907,154200,"<1H OCEAN"
50,2141,451,1777,426,2.7679,178800,"<1H OCEAN"
39,1148,348,1161,333,2.2167,176700,"<1H OCEAN"
33,2612,646,2496,606,3.133,156000,"<1H OCEAN"
45,2839,698,1768,653,3.1306,214000,"<1H OCEAN"
47,2183,510,1445,503,3.6667,210900,"<1H OCEAN"
43,2230,583,1667,543,2.8667,217800,"<1H OCEAN"
43,2222,635,1817,606,2.7466,208900,"<1H OCEAN"
39,1415,369,1467,351,3.015,156300,"<1H OCEAN"
42,1525,456,1688,432,3.1691,141300,"<1H OCEAN"
52,125,42,99,40,3.4375,170000,"<1H OCEAN"
42,598,147,312,144,2.625,164300,"<1H OCEAN"
42,4198,956,1935,878,3.7184,277300,"<1H OCEAN"
52,1740,402,749,335,3.5673,270700,"<1H OCEAN"
29,3768,1211,2320,1030,2.7685,204500,"<1H OCEAN"
47,1375,359,1512,418,2.1071,208900,"<1H OCEAN"
46,1613,396,966,416,2.9392,230300,"<1H OCEAN"
36,1832,539,934,486,3.0521,276600,"<1H OCEAN"
39,3825,916,1378,746,4.4094,352600,"<1H OCEAN"
38,4453,1156,1830,1099,3.6181,495600,"<1H OCEAN"
45,1607,331,633,332,3.1445,438300,"<1H OCEAN"
50,2384,312,836,337,12.8763,500001,"<1H OCEAN"
52,1942,476,1375,477,2.7348,209100,"<1H OCEAN"
52,2290,520,1278,485,3.8393,238200,"<1H OCEAN"
50,2037,440,1089,417,3.575,230600,"<1H OCEAN"
30,2774,570,1076,580,5.296,500001,"<1H OCEAN"
40,2681,737,1144,669,3.0461,264300,"<1H OCEAN"
39,2196,582,1165,538,2.9417,254200,"<1H OCEAN"
43,1711,443,1190,429,3.5172,265500,"<1H OCEAN"
24,3696,1125,1685,1031,2.3789,266700,"<1H OCEAN"
49,2850,379,1113,380,12.9591,500001,"<1H OCEAN"
48,1448,295,681,287,3.2333,436400,"<1H OCEAN"
52,3136,675,1213,606,3.5806,391900,"<1H OCEAN"
37,5305,1980,3895,1874,2.0672,283300,"<1H OCEAN"
25,1590,218,568,206,8.4389,500001,"<1H OCEAN"
52,1954,245,645,237,6.9391,500001,"<1H OCEAN"
52,1875,303,735,293,5.8659,433300,"<1H OCEAN"
39,3895,561,1271,536,8.0073,500001,"<1H OCEAN"
40,2822,443,907,414,7.2692,498700,"<1H OCEAN"
52,3410,800,1218,783,4.15,393500,"<1H OCEAN"
42,2462,543,857,482,4.0833,434400,"<1H OCEAN"
33,5135,1450,2404,1292,3.2462,435700,"<1H OCEAN"
48,4472,1579,2796,1397,2.3974,410700,"<1H OCEAN"
38,3495,1100,1939,994,2.2148,438300,"<1H OCEAN"
48,1601,464,784,461,3.0642,342900,"<1H OCEAN"
37,2330,434,846,457,8.2335,430200,"<1H OCEAN"
34,1856,273,540,264,4.0833,500001,"<1H OCEAN"
23,1894,416,769,392,6.0352,500001,"<1H OCEAN"
45,2375,417,751,410,6.6739,500001,"<1H OCEAN"
23,4574,1423,1624,995,4.0965,500001,"<1H OCEAN"
40,5485,1242,2034,1133,3.6974,500001,"<1H OCEAN"
26,3977,1050,1720,935,3.358,364500,"<1H OCEAN"
52,1295,281,578,273,2.976,405100,"<1H OCEAN"
52,1096,247,423,230,3.0179,500001,"<1H OCEAN"
18,7432,2793,3596,2270,2.8036,225000,"<1H OCEAN"
16,2930,1038,1648,980,2.6458,372200,"<1H OCEAN"
20,2745,782,1161,739,3.9044,436400,"<1H OCEAN"
18,4109,1301,2103,1116,2.325,250000,"<1H OCEAN"
24,5477,1803,2863,1755,1.845,237500,"<1H OCEAN"
51,937,348,527,333,4.3571,468800,"<1H OCEAN"
29,3193,1452,2039,1265,1.8209,500001,"<1H OCEAN"
24,1996,791,1215,672,1.5429,325000,"<1H OCEAN"
28,2223,752,1271,684,2.5434,232100,"<1H OCEAN"
30,5293,2446,4123,2127,1.51,187500,"<1H OCEAN"
43,2732,1646,3049,1429,1.3157,333300,"<1H OCEAN"
40,4984,2158,4828,2028,1.6903,350000,"<1H OCEAN"
28,1759,716,1463,620,1.7306,450000,"<1H OCEAN"
35,7517,2961,5899,2769,1.9354,340000,"<1H OCEAN"
25,3926,1715,4865,1612,1.6112,262500,"<1H OCEAN"
36,2288,1033,3030,890,1.5328,250000,"<1H OCEAN"
33,766,347,918,305,1.705,350000,"<1H OCEAN"
48,1116,524,1610,483,1.625,237500,"<1H OCEAN"
45,1913,696,1552,611,2.0888,237500,"<1H OCEAN"
43,1615,734,1460,644,1.4005,193800,"<1H OCEAN"
34,2473,1171,2655,1083,1.6331,162500,"<1H OCEAN"
30,1679,682,1445,579,2.1403,2e+05,"<1H OCEAN"
29,732,288,691,278,2.1866,250000,"<1H OCEAN"
34,399,141,482,134,1.625,67500,"<1H OCEAN"
34,2065,839,2626,775,1.8214,211100,"<1H OCEAN"
28,720,267,891,265,1.8977,1e+05,"<1H OCEAN"
32,563,191,626,185,2.0341,250000,"<1H OCEAN"
27,210,98,332,112,2.5556,175000,"<1H OCEAN"
36,1655,690,1957,633,1.7325,221900,"<1H OCEAN"
34,1478,675,1976,653,2.0557,225000,"<1H OCEAN"
31,622,229,597,227,1.5284,2e+05,"<1H OCEAN"
30,2193,965,2197,836,1.8277,137500,"<1H OCEAN"
52,786,270,756,273,2.2311,206300,"<1H OCEAN"
29,3403,1367,3432,1174,1.7083,166700,"<1H OCEAN"
40,3058,1215,3953,1223,1.8156,218800,"<1H OCEAN"
36,787,420,1506,360,1.2412,216700,"<1H OCEAN"
38,2067,914,2717,853,1.7641,250000,"<1H OCEAN"
36,2284,899,1964,839,1.9297,203300,"<1H OCEAN"
34,2716,1114,2991,1021,1.7514,187500,"<1H OCEAN"
36,2332,993,3155,927,2.2612,230400,"<1H OCEAN"
39,631,298,744,274,2.7054,162500,"<1H OCEAN"
29,2240,792,2254,739,2.3317,172500,"<1H OCEAN"
38,790,275,664,194,3.0357,175000,"<1H OCEAN"
43,1583,658,1941,614,1.9835,225000,"<1H OCEAN"
28,1562,648,1974,597,1.9766,112500,"<1H OCEAN"
35,2198,998,3441,912,2.0467,158300,"<1H OCEAN"
35,2624,1116,3548,1008,2.0132,198400,"<1H OCEAN"
39,336,173,586,151,1.8056,262500,"<1H OCEAN"
52,1272,322,984,353,1.9063,261600,"<1H OCEAN"
29,3245,1190,3906,1102,2.1927,253300,"<1H OCEAN"
25,2345,852,2860,862,1.4497,205600,"<1H OCEAN"
32,2202,674,2178,635,2.0307,226700,"<1H OCEAN"
36,2517,842,2446,689,2.1524,187500,"<1H OCEAN"
30,3165,1263,3678,1141,2,240600,"<1H OCEAN"
42,1951,846,2500,813,1.5195,218200,"<1H OCEAN"
30,1871,766,2595,819,2.0044,212500,"<1H OCEAN"
28,2173,819,2548,763,1.879,218800,"<1H OCEAN"
36,654,186,416,138,3.6953,2e+05,"<1H OCEAN"
36,561,180,340,127,1.4375,165000,"<1H OCEAN"
40,2004,687,1514,542,1.9911,220000,"<1H OCEAN"
5,2665,954,1733,766,2.3568,204700,"<1H OCEAN"
14,3032,999,1691,841,2.2,210000,"<1H OCEAN"
50,3457,854,1584,841,3.1078,346700,"<1H OCEAN"
52,1731,502,849,466,3.2946,321600,"<1H OCEAN"
52,1430,186,547,178,10.3661,500001,"<1H OCEAN"
47,1800,546,921,478,2.8021,280600,"<1H OCEAN"
52,1003,200,514,204,3.8472,395700,"<1H OCEAN"
52,2088,388,908,375,3.8141,342000,"<1H OCEAN"
42,2210,643,1228,605,2.5982,315800,"<1H OCEAN"
52,1710,350,727,355,4.5833,333900,"<1H OCEAN"
52,1965,480,794,451,3.2824,304800,"<1H OCEAN"
52,1164,257,575,251,3.125,380400,"<1H OCEAN"
52,1777,454,671,439,3.5083,500001,"<1H OCEAN"
50,2989,832,1345,775,3.2426,442900,"<1H OCEAN"
30,1390,457,1460,423,2.2422,254500,"<1H OCEAN"
31,2275,823,2189,720,1.7542,287500,"<1H OCEAN"
46,2038,534,1250,525,2.4196,358100,"<1H OCEAN"
23,1443,521,1264,450,2.7543,220000,"<1H OCEAN"
52,1137,304,754,297,3.37,330300,"<1H OCEAN"
52,2370,473,1053,434,4.1429,380300,"<1H OCEAN"
34,2501,1047,3326,970,1.8771,247500,"<1H OCEAN"
36,1276,503,1502,450,2.1766,205600,"<1H OCEAN"
27,1514,510,1603,518,2.8971,251100,"<1H OCEAN"
26,1609,534,1868,497,2.7038,227100,"<1H OCEAN"
34,479,182,557,170,1.525,210000,"<1H OCEAN"
23,1864,937,2795,858,1.8495,212500,"<1H OCEAN"
34,1562,651,1774,559,1.5685,225000,"<1H OCEAN"
32,2880,1063,3646,1028,2.3846,258300,"<1H OCEAN"
25,2459,823,2635,763,2.4,173900,"<1H OCEAN"
38,380,130,445,140,1.9286,137500,"<1H OCEAN"
34,2821,399,843,391,11.615,500001,"<1H OCEAN"
26,3902,610,1468,632,8.5136,500001,"<1H OCEAN"
33,7478,1678,2701,1500,4.1717,500001,"<1H OCEAN"
35,3946,695,1361,620,6.5195,500001,"<1H OCEAN"
38,2601,523,870,474,7.1134,416700,"<1H OCEAN"
42,5518,979,1863,957,8.5842,500001,"<1H OCEAN"
36,2963,838,1129,745,2.5588,500001,"<1H OCEAN"
37,407,67,100,47,15.0001,500001,"<1H OCEAN"
39,3798,586,975,525,9.3092,500001,"<1H OCEAN"
30,6310,957,1776,880,8.944,500001,"<1H OCEAN"
41,730,126,230,125,4.3214,500001,"<1H OCEAN"
38,2158,582,1061,577,2.9643,355300,"<1H OCEAN"
40,3110,764,1557,763,1.9937,367100,"<1H OCEAN"
52,2946,695,1258,650,3.9783,374100,"<1H OCEAN"
22,3008,938,1224,816,3.2149,3e+05,"<1H OCEAN"
31,2697,706,1059,689,2.8942,500001,"<1H OCEAN"
45,2195,483,1265,455,3.3864,397900,"<1H OCEAN"
52,1466,254,600,253,5.7524,393600,"<1H OCEAN"
52,1234,223,543,213,6.0338,423700,"<1H OCEAN"
48,2566,571,1421,563,3.6579,318600,"<1H OCEAN"
52,1310,263,689,208,4.0721,350000,"<1H OCEAN"
51,3149,519,1082,510,6.4459,421600,"<1H OCEAN"
41,3729,740,1364,707,5.7778,412700,"<1H OCEAN"
41,4138,1130,1859,1030,2.978,306800,"<1H OCEAN"
46,1156,203,514,213,4.2019,352100,"<1H OCEAN"
52,2036,348,775,332,5.4122,397500,"<1H OCEAN"
52,1803,437,787,388,4.5781,360500,"<1H OCEAN"
44,2728,585,1227,567,4.0602,324000,"<1H OCEAN"
50,2113,398,793,418,4.7132,304600,"<1H OCEAN"
49,1767,467,1066,438,3.0958,210900,"<1H OCEAN"
48,805,246,633,235,2.3421,2e+05,"<1H OCEAN"
49,2843,880,2004,796,2.7875,217300,"<1H OCEAN"
48,1527,295,589,286,4.1667,344800,"<1H OCEAN"
52,3225,763,1559,710,3.9674,268800,"<1H OCEAN"
52,2273,663,1480,597,2.3333,196500,"<1H OCEAN"
52,2327,555,1048,491,3.7847,252300,"<1H OCEAN"
51,1532,366,669,333,3.6434,278800,"<1H OCEAN"
36,3503,833,2652,788,3.8448,241400,"<1H OCEAN"
52,1079,222,439,201,4.625,230800,"<1H OCEAN"
44,3646,912,1783,861,2.9709,225000,"<1H OCEAN"
52,984,276,994,260,2.3816,166700,"<1H OCEAN"
41,1396,360,1069,363,2.4375,203300,"<1H OCEAN"
46,945,250,910,252,3.5039,187500,"<1H OCEAN"
35,1147,365,1016,296,2.3913,198800,"<1H OCEAN"
36,2306,813,2823,765,2.0214,170500,"<1H OCEAN"
28,579,184,673,202,2.625,187500,"<1H OCEAN"
38,2265,801,2899,792,2.5521,157500,"<1H OCEAN"
46,3007,854,2587,814,2.7179,184300,"<1H OCEAN"
42,997,374,982,372,2.9423,2e+05,"<1H OCEAN"
52,2465,773,2328,746,2.6178,203100,"<1H OCEAN"
43,962,253,658,244,3.2386,185000,"<1H OCEAN"
38,1270,556,1692,450,1.87,170800,"<1H OCEAN"
42,1618,522,1454,440,3.1607,182000,"<1H OCEAN"
52,1739,464,938,482,2.4429,228800,"<1H OCEAN"
39,3162,896,1934,818,2.875,213500,"<1H OCEAN"
40,1630,543,1568,510,2.7366,169100,"<1H OCEAN"
49,3828,1197,2862,1009,2.4677,219200,"<1H OCEAN"
35,1335,440,1586,445,1.9722,156300,"<1H OCEAN"
40,506,119,397,114,3.1944,143800,"<1H OCEAN"
52,109,20,86,24,4.9844,187500,"<1H OCEAN"
52,137,26,65,24,4.025,137500,"<1H OCEAN"
47,859,239,913,234,2.6442,136100,"<1H OCEAN"
49,1638,456,1500,430,2.6923,150000,"<1H OCEAN"
45,1747,484,1680,441,2.6051,155500,"<1H OCEAN"
52,2050,429,957,418,3.5603,210000,"<1H OCEAN"
52,104,20,32,17,3.75,241700,"<1H OCEAN"
44,1425,438,1121,374,2.1108,2e+05,"<1H OCEAN"
47,2133,689,2104,662,2.6136,169200,"<1H OCEAN"
43,1903,635,1919,613,2.6336,174300,"<1H OCEAN"
52,1866,470,1211,417,2.935,189400,"<1H OCEAN"
50,1791,660,2183,675,1.7945,166700,"<1H OCEAN"
45,2174,627,1992,557,2.5428,167800,"<1H OCEAN"
52,3142,765,1728,682,3.1864,189800,"<1H OCEAN"
45,2225,827,2699,792,1.9209,179200,"<1H OCEAN"
46,2341,703,2371,648,2.4038,181700,"<1H OCEAN"
52,830,200,701,189,2.7625,232100,"<1H OCEAN"
47,2059,618,2033,544,1.9028,217900,"<1H OCEAN"
43,764,322,1275,306,2,175000,"<1H OCEAN"
20,41,17,87,25,1.5491,225000,"<1H OCEAN"
27,223,80,249,82,1.6136,137500,"<1H OCEAN"
18,4297,1420,4332,1286,2.2545,192500,"<1H OCEAN"
16,719,225,801,218,2.3942,133300,"<1H OCEAN"
40,1081,282,970,263,1.875,150000,"<1H OCEAN"
31,394,117,573,131,1.8173,154200,"<1H OCEAN"
34,1709,562,2105,503,1.9704,152100,"<1H OCEAN"
38,1241,298,1055,263,2.3409,115500,"<1H OCEAN"
49,1320,309,1405,328,2.4375,114000,"<1H OCEAN"
21,1353,380,1688,367,1.9937,139600,"<1H OCEAN"
34,1765,551,2203,500,2.2708,159600,"<1H OCEAN"
39,986,361,1347,299,2.2907,133900,"<1H OCEAN"
26,2574,807,3163,802,1.9495,173200,"<1H OCEAN"
39,1594,430,1668,378,2.5343,138200,"<1H OCEAN"
41,1807,429,1699,424,2.2222,126000,"<1H OCEAN"
39,2054,423,1205,403,4.239,213000,"<1H OCEAN"
52,3672,808,3062,764,2.6806,153000,"<1H OCEAN"
39,1287,353,1171,345,1.6118,138500,"<1H OCEAN"
39,1561,445,1780,391,2.4632,144200,"<1H OCEAN"
37,1822,498,1961,506,1.9881,159200,"<1H OCEAN"
35,1504,477,2059,498,2.0133,145800,"<1H OCEAN"
36,839,250,1079,245,1.7463,158300,"<1H OCEAN"
31,1077,300,1198,274,2.1333,160200,"<1H OCEAN"
47,1346,383,1452,371,1.7292,191700,"<1H OCEAN"
31,1453,404,1486,389,2.3859,153100,"<1H OCEAN"
42,902,318,1312,323,1.9375,168800,"<1H OCEAN"
29,1478,413,1580,394,1.8781,147500,"<1H OCEAN"
36,3334,920,2881,800,2.1696,170800,"<1H OCEAN"
48,2514,595,2484,601,3.1146,142500,"<1H OCEAN"
37,299,89,318,92,1.3125,145800,"<1H OCEAN"
45,1327,271,1069,284,3.3977,153800,"<1H OCEAN"
40,2744,708,2747,674,2.6226,148800,"<1H OCEAN"
44,1688,426,1605,384,3.3785,184900,"<1H OCEAN"
41,2090,530,2043,537,1.9706,144200,"<1H OCEAN"
10,1907,398,921,369,4.875,200400,"<1H OCEAN"
10,1940,445,763,412,4.975,166700,"<1H OCEAN"
7,2529,689,1215,577,4.7853,153100,"<1H OCEAN"
8,1116,267,435,235,4.9231,230900,"<1H OCEAN"
35,2226,602,2230,549,2.9167,129300,"<1H OCEAN"
35,1554,381,1487,374,1.9038,139500,"<1H OCEAN"
38,2965,665,2128,650,3.0241,166300,"<1H OCEAN"
42,1555,337,1152,348,3.375,169600,"<1H OCEAN"
44,1734,364,1133,351,2.5132,163100,"<1H OCEAN"
33,1515,415,1345,346,2.375,175000,"<1H OCEAN"
50,1568,302,1093,333,3.1442,162100,"<1H OCEAN"
36,3066,797,3097,780,2.5523,156500,"<1H OCEAN"
33,2907,797,3212,793,2.2348,146600,"<1H OCEAN"
31,1318,311,1164,289,2.9939,135500,"<1H OCEAN"
33,1369,408,1475,377,2.3281,151900,"<1H OCEAN"
43,1523,378,1338,352,3.2031,144600,"<1H OCEAN"
39,787,181,731,179,3.2279,158500,"<1H OCEAN"
33,851,231,936,228,3.375,147500,"<1H OCEAN"
28,2616,630,2218,621,2.6842,156000,"<1H OCEAN"
19,2150,544,1510,467,3.4952,150000,"<1H OCEAN"
41,247,55,925,50,3.5769,135700,"<1H OCEAN"
37,1155,225,814,241,3.875,148500,"<1H OCEAN"
27,2025,565,2189,577,2.6083,148600,"<1H OCEAN"
32,555,159,748,163,1.9762,137500,"<1H OCEAN"
47,2324,658,3020,594,1.1868,93800,"<1H OCEAN"
46,453,119,533,132,2.2961,112500,"<1H OCEAN"
40,1181,335,1441,337,2.1136,111800,"<1H OCEAN"
8,762,204,728,174,2.4886,137500,"<1H OCEAN"
46,1051,302,1435,305,1.6667,133600,"<1H OCEAN"
36,2672,675,2883,674,2.0885,142800,"<1H OCEAN"
37,349,79,276,64,3.2125,125000,"<1H OCEAN"
46,321,101,401,86,2.1029,109400,"<1H OCEAN"
30,511,153,1152,149,2.3611,156800,"<1H OCEAN"
52,48,6,41,10,10.2264,112500,"<1H OCEAN"
36,1243,470,1668,444,1.0714,137500,"<1H OCEAN"
52,470,115,434,123,2.095,109100,"<1H OCEAN"
34,1083,364,1132,338,2.2344,153100,"<1H OCEAN"
41,1422,478,1640,434,1.6122,157100,"<1H OCEAN"
26,745,258,694,236,1.3846,129200,"<1H OCEAN"
28,1079,306,1358,285,2.52,131900,"<1H OCEAN"
28,950,357,1485,345,1.9271,136400,"<1H OCEAN"
45,2146,607,2868,625,2.121,144000,"<1H OCEAN"
43,1165,317,1279,303,1.9615,141700,"<1H OCEAN"
40,1146,323,1354,321,1.9205,121900,"<1H OCEAN"
40,1082,318,1085,273,1.7054,117200,"<1H OCEAN"
42,1703,586,2490,581,2.02,147200,"<1H OCEAN"
41,1268,398,1887,407,2.625,150000,"<1H OCEAN"
43,977,266,1084,259,2.7708,127900,"<1H OCEAN"
41,1098,264,1178,245,2.1058,124300,"<1H OCEAN"
50,1407,401,1526,385,2.29,121800,"<1H OCEAN"
45,963,234,1194,239,2.1806,134900,"<1H OCEAN"
40,1095,305,1322,281,1.9688,150000,"<1H OCEAN"
52,1053,246,1036,249,2.1071,136700,"<1H OCEAN"
50,1183,246,851,231,3.2639,142600,"<1H OCEAN"
52,1249,307,1223,297,2.07,136300,"<1H OCEAN"
47,1894,408,1629,379,3.7619,127600,"<1H OCEAN"
52,1754,452,1849,445,2.3716,122800,"<1H OCEAN"
44,1399,386,1419,373,1.8224,143800,"<1H OCEAN"
36,1625,490,2003,478,2.181,147200,"<1H OCEAN"
44,1582,544,1998,515,1.6888,125000,"<1H OCEAN"
18,796,227,547,218,1.0333,135400,"<1H OCEAN"
36,1825,479,2097,480,2.1862,135300,"<1H OCEAN"
37,845,249,881,252,2.2454,165000,"<1H OCEAN"
47,1325,393,1557,352,2.8,148400,"<1H OCEAN"
28,1841,809,3199,727,1.6319,151600,"<1H OCEAN"
52,846,271,1153,281,2.1923,155000,"<1H OCEAN"
43,1153,411,1667,409,1.9402,139300,"<1H OCEAN"
47,722,235,930,226,2.5455,114300,"<1H OCEAN"
43,798,308,1417,325,1.4189,141700,"<1H OCEAN"
44,1105,346,1598,372,1.2,115600,"<1H OCEAN"
43,2343,803,2468,707,1.5163,115000,"<1H OCEAN"
43,1502,477,1844,477,1.9405,152500,"<1H OCEAN"
47,1306,391,1499,346,2.2788,139600,"<1H OCEAN"
45,554,214,888,218,1.8125,139600,"<1H OCEAN"
45,1860,472,1893,456,2.6573,141800,"<1H OCEAN"
44,1550,407,1718,403,2.5268,141100,"<1H OCEAN"
52,497,132,547,121,2.2083,146300,"<1H OCEAN"
47,876,228,872,231,2.2656,145000,"<1H OCEAN"
41,1292,334,1150,322,1.925,135200,"<1H OCEAN"
49,1098,317,1411,301,2.75,146000,"<1H OCEAN"
52,774,209,813,203,2.3472,135200,"<1H OCEAN"
37,1583,392,1776,377,2.7266,140800,"<1H OCEAN"
52,583,157,730,174,1.4115,140600,"<1H OCEAN"
45,792,203,872,188,2.6875,129700,"<1H OCEAN"
44,2702,770,3260,721,2.3575,144800,"<1H OCEAN"
48,2230,593,2419,598,2.3944,130700,"<1H OCEAN"
26,36,9,35,9,1.625,175000,"<1H OCEAN"
42,498,120,548,119,3.7543,126600,"<1H OCEAN"
52,22,7,55,7,7.5752,67500,"<1H OCEAN"
43,1811,513,2123,487,1.3615,133300,"<1H OCEAN"
52,346,270,346,251,2.5313,225000,"<1H OCEAN"
13,1703,697,1823,669,0.8288,181300,"<1H OCEAN"
52,116,107,171,92,1.0769,112500,"<1H OCEAN"
33,390,199,435,193,1.1979,350000,"<1H OCEAN"
8,1204,552,1074,517,1.0227,87500,"<1H OCEAN"
19,2870,1021,3325,978,1.7395,162500,"<1H OCEAN"
52,2806,1944,2232,1605,0.6775,350000,"<1H OCEAN"
8,3105,1256,1086,997,0.8131,275000,"<1H OCEAN"
12,4011,1438,1673,1088,5.3081,287500,"<1H OCEAN"
52,58,52,41,27,4.0972,500001,"<1H OCEAN"
6,1529,566,1051,473,2.462,162500,"<1H OCEAN"
52,174,66,249,57,1.7763,312500,"<1H OCEAN"
15,326,123,490,105,1.4886,175000,"<1H OCEAN"
40,637,273,1150,263,1.8625,131300,"<1H OCEAN"
52,1802,613,2382,587,1.8438,185900,"<1H OCEAN"
40,680,273,995,249,2.2607,165600,"<1H OCEAN"
30,929,238,763,214,2.5227,187500,"<1H OCEAN"
38,715,282,1174,300,2.345,225000,"<1H OCEAN"
42,2541,1282,3974,1189,1.5854,87500,"<1H OCEAN"
42,1175,428,1593,407,2.3438,213300,"<1H OCEAN"
30,1771,788,2188,764,1.5885,154200,"<1H OCEAN"
34,786,341,1239,320,2.3438,152100,"<1H OCEAN"
32,1657,579,2071,598,2.1135,152500,"<1H OCEAN"
33,1416,686,2013,614,1.9818,208300,"<1H OCEAN"
33,1177,468,1533,430,2.3981,183300,"<1H OCEAN"
41,1072,331,1111,314,1.9233,207100,"<1H OCEAN"
24,3247,1281,2642,1182,2.4632,216700,"<1H OCEAN"
14,1924,926,2226,792,2.2552,265900,"<1H OCEAN"
32,1777,536,1684,489,2.3636,190000,"<1H OCEAN"
25,7522,3179,7221,2902,2.0173,177500,"<1H OCEAN"
14,1787,853,2251,763,1.1642,4e+05,"<1H OCEAN"
17,2518,1196,3051,1000,1.7199,175000,"<1H OCEAN"
17,2124,1168,3915,1137,1.1346,137500,"<1H OCEAN"
25,1714,1176,3723,1036,1.3241,112500,"<1H OCEAN"
45,564,353,1172,319,1.494,187500,"<1H OCEAN"
26,513,338,1204,321,1.4904,275000,"<1H OCEAN"
33,1950,1047,3707,1012,1.7238,110000,"<1H OCEAN"
37,350,245,1122,248,2.7634,137500,"<1H OCEAN"
52,1292,864,2081,724,0.9563,275000,"<1H OCEAN"
52,1261,616,2309,581,1.6184,225000,"<1H OCEAN"
52,936,454,990,354,1.1122,187500,"<1H OCEAN"
25,1316,836,2796,784,1.7866,325000,"<1H OCEAN"
26,1164,674,1685,541,1.5727,225000,"<1H OCEAN"
28,1306,637,2079,598,1.4615,275000,"<1H OCEAN"
31,1525,730,2510,652,1.6355,162500,"<1H OCEAN"
41,1788,774,2931,702,1.4413,158900,"<1H OCEAN"
41,1075,597,2260,614,1.3,162500,"<1H OCEAN"
44,968,384,1805,375,1.4801,212500,"<1H OCEAN"
47,661,359,1406,307,1.3169,112500,"<1H OCEAN"
24,323,214,751,189,1.8304,225000,"<1H OCEAN"
12,535,328,1194,365,1.2012,275000,"<1H OCEAN"
52,2156,306,861,311,8.8062,500001,"<1H OCEAN"
52,1841,240,693,218,15.0001,500001,"<1H OCEAN"
52,2248,255,813,265,15.0001,500001,"<1H OCEAN"
52,1482,171,531,161,15.0001,500001,"<1H OCEAN"
52,2089,309,883,281,7.4574,500001,"<1H OCEAN"
52,1311,310,707,290,3.4812,432800,"<1H OCEAN"
49,649,315,987,329,1.6806,316700,"<1H OCEAN"
19,3013,1118,2465,1008,2.5386,290600,"<1H OCEAN"
9,1554,815,1704,761,2.0185,141700,"<1H OCEAN"
22,492,269,634,261,1.6406,3e+05,"<1H OCEAN"
26,2302,1124,2660,1004,2.3567,253100,"<1H OCEAN"
43,3056,1345,3920,1304,1.925,3e+05,"<1H OCEAN"
31,1489,664,1793,556,2.4348,230600,"<1H OCEAN"
46,5677,2610,7443,2406,1.8238,237500,"<1H OCEAN"
26,2107,757,2660,740,2.3375,282300,"<1H OCEAN"
36,2657,738,2274,723,3.425,281700,"<1H OCEAN"
28,2362,949,2759,894,2.2364,305600,"<1H OCEAN"
49,2549,630,1539,594,2.6218,350900,"<1H OCEAN"
40,2657,794,2149,749,2.2653,445000,"<1H OCEAN"
52,2980,366,967,359,11.2185,500001,"<1H OCEAN"
36,369,147,145,136,0.8804,450000,"<1H OCEAN"
52,983,246,578,204,5.7393,500001,"<1H OCEAN"
25,2740,707,1420,664,3.5909,404500,"<1H OCEAN"
52,955,100,457,120,15.0001,500001,"<1H OCEAN"
26,5062,2055,4533,1822,2.3105,166700,"<1H OCEAN"
30,3110,1269,2535,1218,1.6987,412500,"<1H OCEAN"
20,3264,1248,2919,1191,2.3674,500001,"<1H OCEAN"
20,1782,896,1749,823,2.2094,75000,"<1H OCEAN"
34,2470,1197,2326,1055,1.9038,325000,"<1H OCEAN"
24,4021,1707,3727,1529,1.7365,112500,"<1H OCEAN"
28,5221,2530,5840,2374,1.8829,3e+05,"<1H OCEAN"
43,1366,740,942,672,1.6953,150000,"<1H OCEAN"
42,3894,2293,6846,2156,1.5553,70000,"<1H OCEAN"
27,2456,1111,4137,1104,1.5954,187500,"<1H OCEAN"
46,1759,1012,2716,877,2.1637,350000,"<1H OCEAN"
47,1390,872,2860,827,1.468,137500,"<1H OCEAN"
23,2040,778,2235,697,1.9309,233300,"<1H OCEAN"
33,2437,1283,3906,1084,2.0332,270000,"<1H OCEAN"
21,3960,1490,3468,1335,1.8214,475000,"<1H OCEAN"
23,2512,1203,3720,1118,1.7896,322200,"<1H OCEAN"
24,1336,453,1268,426,2.8202,500001,"<1H OCEAN"
47,3038,1533,4225,1472,1.6725,187500,"<1H OCEAN"
34,1848,667,1351,589,2.0547,410000,"<1H OCEAN"
52,2124,756,1920,756,2.1435,328900,"<1H OCEAN"
31,2827,1084,3107,993,2.0278,360000,"<1H OCEAN"
14,1559,646,1639,567,1.9949,380000,"<1H OCEAN"
42,3292,713,2224,674,3.5517,291500,"<1H OCEAN"
43,2808,584,1654,569,4.125,436800,"<1H OCEAN"
36,3239,722,1383,612,4.5918,337000,"<1H OCEAN"
52,1368,231,737,248,8.3617,433800,"<1H OCEAN"
48,2405,527,1868,502,3.375,257800,"<1H OCEAN"
44,1574,390,1323,404,2.5284,226300,"<1H OCEAN"
45,1707,519,1446,466,2.1736,171300,"<1H OCEAN"
50,1389,364,976,302,1.5882,327300,"<1H OCEAN"
42,3343,1183,3480,1146,1.9923,250000,"<1H OCEAN"
35,1692,423,1578,406,2.5313,305800,"<1H OCEAN"
40,1667,365,1161,384,3.1406,417600,"<1H OCEAN"
44,1612,650,2028,593,1.9152,115600,"<1H OCEAN"
42,1476,610,1605,545,1.721,214300,"<1H OCEAN"
42,443,223,582,223,2.2937,350000,"<1H OCEAN"
46,1386,457,1845,485,2.1414,157700,"<1H OCEAN"
31,1744,720,2034,633,2.2684,193800,"<1H OCEAN"
30,1417,589,1615,540,1.3867,193800,"<1H OCEAN"
36,1723,569,1664,501,1.9323,161100,"<1H OCEAN"
34,1453,588,1987,589,2.096,187500,"<1H OCEAN"
18,3585,1661,5229,1534,1.847,250000,"<1H OCEAN"
11,677,370,1143,341,2.3864,350000,"<1H OCEAN"
31,2818,1252,4126,1200,2.053,229200,"<1H OCEAN"
52,1801,313,714,293,4.6838,479000,"<1H OCEAN"
52,2497,406,1030,412,4.89,500001,"<1H OCEAN"
52,2315,356,894,345,4.1328,500001,"<1H OCEAN"
52,2066,319,981,297,5.8632,450000,"<1H OCEAN"
52,1421,163,495,167,10.586,500001,"<1H OCEAN"
52,1721,195,688,196,15.0001,500001,"<1H OCEAN"
52,1621,284,588,272,6.2223,500001,"<1H OCEAN"
52,3421,598,1203,564,4.1618,500001,"<1H OCEAN"
52,2756,542,971,510,5.5871,500001,"<1H OCEAN"
52,2877,721,1186,704,3.2645,175000,"<1H OCEAN"
52,2373,601,1135,576,3.1765,225000,"<1H OCEAN"
52,1902,488,848,478,2.9621,175000,"<1H OCEAN"
48,890,255,434,232,3.6111,450000,"<1H OCEAN"
45,7803,2154,3359,2041,3.3594,287500,"<1H OCEAN"
46,1651,410,512,397,4.0179,350000,"<1H OCEAN"
45,3312,880,1157,809,3.5719,500001,"<1H OCEAN"
40,1821,447,777,441,2.3375,355200,"<1H OCEAN"
48,1740,360,748,357,4.7019,411100,"<1H OCEAN"
52,2046,451,944,435,3.4265,456900,"<1H OCEAN"
52,2203,437,899,384,4.25,486900,"<1H OCEAN"
52,2195,435,884,432,5.24,486400,"<1H OCEAN"
44,2703,663,1045,619,3.201,287500,"<1H OCEAN"
39,2309,526,870,546,3.1677,453400,"<1H OCEAN"
52,1084,247,468,255,3.4286,474300,"<1H OCEAN"
25,4625,1307,1739,1191,3.3989,485000,"<1H OCEAN"
16,4814,1381,1897,1209,3.3725,375000,"<1H OCEAN"
21,3653,956,1510,890,3.5573,500001,"<1H OCEAN"
52,3175,1057,1594,997,3.1766,225000,"<1H OCEAN"
52,3446,1360,1768,1245,2.4722,500001,"<1H OCEAN"
52,1314,170,629,214,7.1669,500001,"<1H OCEAN"
52,2530,458,1122,449,3.9167,321600,"<1H OCEAN"
52,2069,417,826,377,3.5481,396000,"<1H OCEAN"
52,1482,336,768,300,3.7167,327300,"<1H OCEAN"
52,2837,602,1164,551,3.2411,250000,"<1H OCEAN"
48,1354,279,716,309,3.7167,385000,"<1H OCEAN"
52,1368,322,617,303,5.3819,440900,"<1H OCEAN"
33,2880,836,1416,736,2.6781,328800,"<1H OCEAN"
48,3551,826,1601,827,3.2279,4e+05,"<1H OCEAN"
39,2810,670,1109,624,3.25,355000,"<1H OCEAN"
52,2130,455,921,395,2.9605,500001,"<1H OCEAN"
52,843,160,333,151,4.5192,446000,"<1H OCEAN"
52,1608,289,630,252,5.5596,500001,"<1H OCEAN"
28,2522,616,991,574,3.1475,362500,"<1H OCEAN"
29,3946,1008,1676,876,2.7824,450000,"<1H OCEAN"
31,4345,1158,1987,1070,2.8233,310000,"<1H OCEAN"
25,2558,661,1183,636,3.5556,5e+05,"<1H OCEAN"
35,2457,552,1159,523,3.0862,345300,"<1H OCEAN"
52,1197,231,671,219,3.825,278500,"<1H OCEAN"
48,1266,234,539,222,4.005,275000,"<1H OCEAN"
41,2369,544,1252,522,2.9883,296100,"<1H OCEAN"
52,2239,423,832,411,5.0858,470000,"<1H OCEAN"
52,2346,437,1121,400,4.0583,444300,"<1H OCEAN"
52,1563,306,776,308,3.625,440900,"<1H OCEAN"
52,2402,506,878,464,4.0217,500001,"<1H OCEAN"
48,1825,404,728,363,3.3824,322600,"<1H OCEAN"
47,1424,300,632,278,4.0625,295200,"<1H OCEAN"
48,1835,380,956,370,3.2813,243600,"<1H OCEAN"
49,995,184,462,194,2.7917,242000,"<1H OCEAN"
45,1879,395,946,409,3.3333,254700,"<1H OCEAN"
50,3518,812,1724,758,3.0833,338100,"<1H OCEAN"
52,2053,480,900,417,3.0707,417900,"<1H OCEAN"
47,1621,314,724,311,5.7509,474100,"<1H OCEAN"
52,1004,231,590,226,4.2404,351000,"<1H OCEAN"
52,1241,210,526,214,4.4191,334100,"<1H OCEAN"
40,2352,598,1133,563,3.238,287500,"<1H OCEAN"
35,3517,879,1632,784,3.0956,500001,"<1H OCEAN"
47,2815,679,1533,594,2.5806,234100,"<1H OCEAN"
44,1856,493,1374,469,2.0984,158000,"<1H OCEAN"
46,2149,451,905,443,2.8841,290800,"<1H OCEAN"
50,2009,419,1130,402,3.1944,213500,"<1H OCEAN"
39,975,292,723,285,2.2725,140600,"<1H OCEAN"
52,1971,414,1065,409,3.6435,195800,"<1H OCEAN"
52,2194,504,997,438,2.6654,259400,"<1H OCEAN"
39,2965,812,2638,794,2.532,172700,"<1H OCEAN"
39,1294,330,1140,313,2.2554,165000,"<1H OCEAN"
48,1184,328,953,311,2.3526,156300,"<1H OCEAN"
31,1090,251,955,239,2.913,192500,"<1H OCEAN"
46,3015,795,2300,725,2.0706,268500,"<1H OCEAN"
52,2545,401,1004,372,3.6373,420000,"<1H OCEAN"
41,2099,472,1369,465,2.7409,167100,"<1H OCEAN"
35,2345,607,2042,565,2.5955,139700,"<1H OCEAN"
40,2064,662,2140,617,2.2254,127100,"<1H OCEAN"
37,1466,529,1835,500,1.7014,123200,"<1H OCEAN"
36,1956,601,1672,546,1.8685,150700,"<1H OCEAN"
49,1104,266,668,297,3.0856,151600,"<1H OCEAN"
45,1579,357,713,335,2.1711,179200,"<1H OCEAN"
48,1769,429,993,405,2.3214,139400,"<1H OCEAN"
45,1767,417,1052,379,3.5161,157000,"<1H OCEAN"
38,1626,375,1019,372,2.3687,146800,"<1H OCEAN"
43,1690,379,1017,359,2.1078,133500,"<1H OCEAN"
34,3239,806,2331,765,2.0538,125800,"<1H OCEAN"
41,1617,423,1110,375,2.4635,169400,"<1H OCEAN"
44,865,208,537,183,1.9,110900,"<1H OCEAN"
45,1839,459,1312,460,2.5625,138000,"<1H OCEAN"
42,1681,360,987,337,2.6,171400,"<1H OCEAN"
48,1426,331,784,356,1.6581,118800,"<1H OCEAN"
42,2010,494,1203,427,1.9408,134600,"<1H OCEAN"
35,1438,333,794,306,1.975,138100,"<1H OCEAN"
33,1806,444,1161,393,2.5927,161500,"<1H OCEAN"
33,2314,624,1714,582,1.7377,183900,"<1H OCEAN"
48,2437,443,1400,426,2.628,251100,"<1H OCEAN"
47,1989,532,1430,519,1.8333,151100,"<1H OCEAN"
42,1766,404,1117,367,2.0259,168800,"<1H OCEAN"
44,1008,223,544,223,2.8654,176800,"<1H OCEAN"
35,3189,935,2221,801,2.1046,114000,"<1H OCEAN"
39,2840,826,1911,688,1.9018,137500,"<1H OCEAN"
47,1082,198,455,193,3.0132,223200,"<1H OCEAN"
50,1845,349,1109,335,2.8971,127800,"<1H OCEAN"
47,1734,453,1272,438,3.1731,121500,"<1H OCEAN"
52,2511,587,1660,546,2.6098,127100,"<1H OCEAN"
51,2010,460,1355,433,2.0304,133400,"<1H OCEAN"
47,1648,346,1120,338,2.0042,114200,"<1H OCEAN"
45,1667,399,928,375,1.8783,118200,"<1H OCEAN"
46,1528,391,933,366,2.1979,125700,"<1H OCEAN"
46,2312,625,1552,603,1.6429,125000,"<1H OCEAN"
48,1614,320,684,318,4.2218,181000,"<1H OCEAN"
44,2067,385,1046,441,3.5357,156900,"<1H OCEAN"
49,2334,530,1334,447,1.89,124000,"<1H OCEAN"
43,2122,524,1510,436,2.2273,123300,"<1H OCEAN"
52,427,92,233,116,3.25,134700,"<1H OCEAN"
42,2043,512,1634,501,1.9928,125400,"<1H OCEAN"
36,1083,342,1023,295,2.1324,143800,"<1H OCEAN"
40,2323,661,1847,614,1.8316,113500,"<1H OCEAN"
38,1400,376,1139,315,2.2368,120000,"<1H OCEAN"
35,1819,499,1666,482,1.6452,125900,"<1H OCEAN"
38,2365,638,2259,607,2.0879,120700,"<1H OCEAN"
43,1350,287,811,307,3.3636,140900,"<1H OCEAN"
46,2437,502,1151,477,2.4444,134100,"<1H OCEAN"
49,1609,371,896,389,2.5156,136600,"<1H OCEAN"
50,1172,261,685,260,3.1442,130300,"<1H OCEAN"
49,1295,276,765,265,3.4306,130200,"<1H OCEAN"
47,1927,561,1349,508,1.3444,125000,"<1H OCEAN"
43,1356,333,796,329,1.7159,189700,"<1H OCEAN"
41,1425,285,838,296,3.9732,188400,"<1H OCEAN"
44,1944,458,981,377,2.6154,193200,"<1H OCEAN"
35,1627,838,3013,791,1.5565,152500,"<1H OCEAN"
39,1155,433,1857,424,2.1696,153400,"<1H OCEAN"
41,659,291,1224,290,2.0817,132500,"<1H OCEAN"
40,907,349,1426,323,1.8571,143800,"<1H OCEAN"
48,1353,488,1945,487,2.4359,123700,"<1H OCEAN"
50,1757,522,2080,488,1.7225,180000,"<1H OCEAN"
51,1005,314,1227,306,2.4297,162500,"<1H OCEAN"
39,993,506,1765,464,1.2786,121900,"<1H OCEAN"
38,1864,515,1768,439,1.9336,190600,"<1H OCEAN"
35,2007,571,1513,554,2.1162,229200,"<1H OCEAN"
26,1809,640,2543,640,2.3536,5e+05,"<1H OCEAN"
33,2691,726,2390,681,2.4048,208300,"<1H OCEAN"
29,2038,578,2070,570,2.0658,214600,"<1H OCEAN"
29,2438,867,2114,753,0.8351,150000,"<1H OCEAN"
31,2206,501,1194,435,1.9531,227800,"<1H OCEAN"
52,1277,285,954,334,2.5833,234600,"<1H OCEAN"
24,2092,585,1757,538,1.7109,175000,"<1H OCEAN"
37,1470,399,1579,390,2.006,150000,"<1H OCEAN"
37,2338,686,2376,630,1.767,170300,"<1H OCEAN"
44,1941,579,2049,535,2.0405,143000,"<1H OCEAN"
41,1653,426,1868,393,1.78,162500,"<1H OCEAN"
35,1090,345,1605,330,2.1518,152800,"<1H OCEAN"
31,700,299,1272,298,2.1542,128100,"<1H OCEAN"
32,432,182,702,186,2.1471,125000,"<1H OCEAN"
42,1680,557,2099,526,1.9167,136400,"<1H OCEAN"
45,943,289,953,238,2.0673,151600,"<1H OCEAN"
42,907,378,822,288,1.2875,179200,"<1H OCEAN"
29,3544,1384,3323,1213,1.0219,258300,"<1H OCEAN"
38,1501,437,1777,441,2.0848,135200,"<1H OCEAN"
22,3313,1235,2381,1063,0.7473,168800,"<1H OCEAN"
27,1084,287,1085,279,2.135,119600,"<1H OCEAN"
46,2173,510,1343,476,2.025,135500,"<1H OCEAN"
52,1902,406,1233,385,2.8295,132200,"<1H OCEAN"
52,1173,284,814,295,2.45,111400,"<1H OCEAN"
44,1555,324,931,265,1.4712,105800,"<1H OCEAN"
45,1423,278,822,276,2.4519,98100,"<1H OCEAN"
52,1832,441,1186,420,1.2434,98400,"<1H OCEAN"
47,2241,559,1775,504,2.1571,147900,"<1H OCEAN"
40,1695,374,1138,357,2.7125,150000,"<1H OCEAN"
37,2781,766,2586,729,1.8564,187500,"<1H OCEAN"
34,2041,517,1479,495,2.1173,156600,"<1H OCEAN"
23,1703,397,1333,361,1.3187,127100,"<1H OCEAN"
46,1976,469,1409,431,2.2981,112100,"<1H OCEAN"
49,2120,483,1522,416,1.85,116800,"<1H OCEAN"
21,1641,491,1526,453,2.087,141300,"<1H OCEAN"
34,3184,772,2474,705,1.631,137500,"<1H OCEAN"
31,1933,478,1522,423,1.5781,119300,"<1H OCEAN"
29,515,229,2690,217,0.4999,500001,"<1H OCEAN"
50,395,232,948,243,1.7546,175000,"<1H OCEAN"
51,1280,422,1560,381,1.7115,125000,"<1H OCEAN"
19,460,241,890,229,1.6089,162500,"<1H OCEAN"
24,1283,545,1932,516,1.2969,160200,"<1H OCEAN"
25,1582,780,2390,719,1.4167,2e+05,"<1H OCEAN"
20,1193,454,1880,453,2.1806,180000,"<1H OCEAN"
44,1273,474,1754,460,1.6037,275000,"<1H OCEAN"
41,1933,791,3121,719,1.8539,147500,"<1H OCEAN"
40,2118,796,2195,658,1.7976,164600,"<1H OCEAN"
48,1521,513,1772,458,2.2232,162500,"<1H OCEAN"
39,2004,633,3050,621,1.875,127300,"<1H OCEAN"
52,281,103,470,96,1.9375,38800,"<1H OCEAN"
40,561,284,662,205,0.9234,187500,"<1H OCEAN"
26,2107,809,2821,572,0.844,350000,"<1H OCEAN"
25,1407,550,1193,472,1.2989,225000,"<1H OCEAN"
50,180,89,356,76,2.1944,158300,"<1H OCEAN"
52,142,47,137,45,1.8333,312500,"<1H OCEAN"
49,299,90,287,68,1.2096,1e+05,"<1H OCEAN"
52,1274,418,1655,368,2.1905,124000,"<1H OCEAN"
32,1375,448,1698,432,1.6302,130700,"<1H OCEAN"
38,980,285,1308,310,1.5652,123100,"<1H OCEAN"
38,1091,349,1786,340,2.131,136500,"<1H OCEAN"
40,1259,362,1499,327,1.8382,126400,"<1H OCEAN"
37,1551,501,2173,474,2.1667,117700,"<1H OCEAN"
48,1465,440,1859,400,1.3134,96200,"<1H OCEAN"
46,1249,357,1607,331,2.0703,114800,"<1H OCEAN"
41,848,323,1428,313,1.5603,109600,"<1H OCEAN"
39,698,232,1046,228,2.2356,119500,"<1H OCEAN"
35,1368,486,2239,461,1.913,114300,"<1H OCEAN"
33,1676,525,2564,515,2.1957,100800,"<1H OCEAN"
28,481,136,596,128,1.2396,90300,"<1H OCEAN"
32,1311,410,1792,396,2.3304,119900,"<1H OCEAN"
48,542,150,571,114,1.8485,90600,"<1H OCEAN"
48,396,99,485,110,2.375,107500,"<1H OCEAN"
43,1456,444,2098,433,1.8929,99200,"<1H OCEAN"
31,1301,403,1952,377,2.1466,100800,"<1H OCEAN"
30,405,86,376,68,1.7813,127500,"<1H OCEAN"
45,782,270,1030,235,1.0898,93400,"<1H OCEAN"
36,879,262,1034,236,1.2857,99300,"<1H OCEAN"
43,1429,386,1412,354,1.3287,107200,"<1H OCEAN"
43,1575,475,1980,469,1.7425,100500,"<1H OCEAN"
30,962,291,1280,263,1.4464,110200,"<1H OCEAN"
38,697,208,749,206,1.4653,118800,"<1H OCEAN"
47,1269,323,1628,325,1.5089,115800,"<1H OCEAN"
37,2451,668,2824,598,1.9074,99600,"<1H OCEAN"
42,990,289,1167,281,1.4524,126800,"<1H OCEAN"
46,879,253,1010,221,2.1776,118300,"<1H OCEAN"
21,1314,375,1505,366,2.319,97200,"<1H OCEAN"
35,1193,355,1784,341,1.8652,116100,"<1H OCEAN"
35,1672,556,2106,519,1.2206,129200,"<1H OCEAN"
47,921,264,881,221,1.4327,114100,"<1H OCEAN"
43,1235,385,1745,372,2.0817,113300,"<1H OCEAN"
46,1748,428,1707,409,2.148,103800,"<1H OCEAN"
48,1869,461,1834,441,1.7052,107400,"<1H OCEAN"
47,780,237,888,215,1.75,95800,"<1H OCEAN"
43,2179,682,2624,609,1.8641,108200,"<1H OCEAN"
41,1733,492,1776,453,1.6221,104200,"<1H OCEAN"
36,1033,267,1112,229,1.7237,105800,"<1H OCEAN"
36,1176,309,1267,292,1.6382,105000,"<1H OCEAN"
32,1218,342,1292,304,1.5781,102900,"<1H OCEAN"
41,1768,475,1721,474,1.303,90400,"<1H OCEAN"
34,1905,552,2194,521,1.4792,95800,"<1H OCEAN"
23,588,157,716,173,1.2056,87500,"<1H OCEAN"
43,863,206,788,187,0.9463,95000,"<1H OCEAN"
29,1419,363,1696,317,2.2813,101300,"<1H OCEAN"
38,1715,414,1714,389,1.7132,108200,"<1H OCEAN"
44,448,116,504,96,1.875,98600,"<1H OCEAN"
41,1425,372,1803,353,1.6731,88200,"<1H OCEAN"
42,2261,574,2496,527,1.5556,98500,"<1H OCEAN"
39,1274,319,1362,324,2.1793,107900,"<1H OCEAN"
27,1611,479,1457,458,0.8941,91900,"<1H OCEAN"
37,2615,697,2484,630,1.9208,103400,"<1H OCEAN"
40,2099,599,2311,529,1.852,101500,"<1H OCEAN"
43,1638,434,1213,390,1.3403,110800,"<1H OCEAN"
43,1258,381,1276,358,1.8917,106900,"<1H OCEAN"
47,1865,465,1916,438,1.8242,95000,"<1H OCEAN"
36,2016,505,1807,464,1.6901,103500,"<1H OCEAN"
30,504,140,529,123,1.9531,1e+05,"<1H OCEAN"
35,932,294,1153,282,1.4886,1e+05,"<1H OCEAN"
38,1407,447,1783,402,1.8086,97100,"<1H OCEAN"
46,441,167,621,144,1.8824,162500,"<1H OCEAN"
46,1098,426,1510,374,2.1382,156300,"<1H OCEAN"
40,885,312,799,221,1.1667,143800,"<1H OCEAN"
48,4217,1095,3298,949,1.9152,122300,"<1H OCEAN"
27,2190,626,1768,528,1.2446,103800,"<1H OCEAN"
26,2001,582,2044,557,1.1563,118800,"<1H OCEAN"
42,2386,670,2327,661,1.6699,108000,"<1H OCEAN"
35,1147,290,818,281,1.7961,111700,"<1H OCEAN"
50,1463,354,912,293,1.7386,109400,"<1H OCEAN"
41,1046,216,727,201,1.6667,116900,"<1H OCEAN"
43,2255,533,1568,470,1.6955,115200,"<1H OCEAN"
39,2073,566,1246,547,2.0417,117100,"<1H OCEAN"
46,2217,489,1227,448,1.6851,108800,"<1H OCEAN"
48,2544,532,1357,498,2.5263,121000,"<1H OCEAN"
52,2547,475,1417,444,1.8214,123200,"<1H OCEAN"
52,1793,350,1303,366,3.0759,123700,"<1H OCEAN"
42,814,223,511,188,2.3942,123200,"<1H OCEAN"
50,2238,673,2247,583,1.6505,125000,"<1H OCEAN"
52,1743,421,1206,384,1.6875,116000,"<1H OCEAN"
52,1908,428,1271,394,2.5885,136200,"<1H OCEAN"
52,1444,343,1154,334,2.0625,134400,"<1H OCEAN"
34,2305,775,2450,740,1.7143,132000,"<1H OCEAN"
46,1650,463,1992,458,2.3403,114100,"<1H OCEAN"
6,1487,468,1509,403,1.4639,112500,"<1H OCEAN"
39,751,207,1010,231,1.6036,137500,"<1H OCEAN"
30,1385,518,1730,472,1.0539,142500,"<1H OCEAN"
50,2601,794,3080,770,1.8656,122900,"<1H OCEAN"
43,713,245,880,237,1.2065,103600,"<1H OCEAN"
52,795,308,1118,275,1.2175,131300,"<1H OCEAN"
48,483,190,775,188,2.3309,126600,"<1H OCEAN"
38,3335,921,3612,887,2.125,118800,"<1H OCEAN"
42,1534,417,1295,380,2.0938,119200,"<1H OCEAN"
42,855,284,890,247,1.2778,112500,"<1H OCEAN"
44,2636,725,2182,651,1.432,124000,"<1H OCEAN"
48,1514,376,1353,344,2.1607,96100,"<1H OCEAN"
44,1753,387,1165,380,2.1354,105800,"<1H OCEAN"
41,1807,493,1731,471,1.2347,111700,"<1H OCEAN"
52,1319,295,898,271,2.7727,128600,"<1H OCEAN"
40,1131,281,859,230,1.1806,134600,"<1H OCEAN"
52,1420,355,1080,353,1.5179,116100,"<1H OCEAN"
52,2579,494,1558,458,2.0809,109600,"<1H OCEAN"
52,1686,377,982,356,2.0958,116400,"<1H OCEAN"
52,1296,246,853,238,3.05,111600,"<1H OCEAN"
52,1542,309,939,276,1.6892,129100,"<1H OCEAN"
52,1718,354,1026,312,2,128000,"<1H OCEAN"
52,1630,379,1413,405,1.933,120000,"<1H OCEAN"
52,2709,642,1751,613,2.1116,122500,"<1H OCEAN"
47,1551,362,1329,322,1.9792,116400,"<1H OCEAN"
48,2235,433,1363,433,1.6559,101400,"<1H OCEAN"
47,1525,359,982,333,2.0915,126600,"<1H OCEAN"
45,1489,339,791,316,2.2339,104800,"<1H OCEAN"
44,1703,358,789,249,1.7083,1e+05,"<1H OCEAN"
46,2608,636,1766,596,1.5846,114800,"<1H OCEAN"
47,2637,588,1903,521,1.8317,96500,"<1H OCEAN"
47,2212,533,1903,554,1.9853,101100,"<1H OCEAN"
46,2577,703,2446,687,1.275,98300,"<1H OCEAN"
46,2198,530,2067,497,2.0542,103400,"<1H OCEAN"
52,1283,342,1363,329,2.5848,101900,"<1H OCEAN"
49,2174,481,1861,484,1.7159,95000,"<1H OCEAN"
46,1211,321,1153,282,1.7849,99300,"<1H OCEAN"
52,3104,645,1498,581,2.6667,128000,"<1H OCEAN"
50,1655,256,672,260,4.2554,194300,"<1H OCEAN"
48,1949,308,823,340,3.3906,189700,"<1H OCEAN"
50,1842,377,817,341,3.1548,157700,"<1H OCEAN"
47,1745,371,1079,368,2.4022,123400,"<1H OCEAN"
46,2223,361,968,373,4.26,182600,"<1H OCEAN"
47,1320,259,653,291,3.7727,193000,"<1H OCEAN"
42,2043,378,869,416,3.5,181100,"<1H OCEAN"
44,4032,913,1622,848,2.4934,165800,"<1H OCEAN"
43,2227,564,956,472,2.0217,187500,"<1H OCEAN"
44,1762,463,786,445,1.9231,188500,"<1H OCEAN"
44,2182,492,878,493,1.9631,181300,"<1H OCEAN"
50,3250,693,2300,675,1.95,112600,"<1H OCEAN"
50,2189,460,1097,469,2.4583,120900,"<1H OCEAN"
47,1671,388,895,317,2.2054,121500,"<1H OCEAN"
47,825,187,416,173,2.3333,133300,"<1H OCEAN"
24,873,320,529,308,0.9304,151600,"<1H OCEAN"
43,2028,479,1074,394,2.5909,98700,"<1H OCEAN"
49,1407,269,889,283,1.9779,114200,"<1H OCEAN"
44,1918,387,1041,364,2.8542,126500,"<1H OCEAN"
46,1582,315,777,286,3.2083,149600,"<1H OCEAN"
48,2009,335,919,297,4.8125,170500,"<1H OCEAN"
48,1260,284,791,280,2.1875,115200,"<1H OCEAN"
43,1257,232,735,232,3.7167,108900,"<1H OCEAN"
43,2224,550,1598,545,2.8274,122500,"<1H OCEAN"
46,1217,322,662,305,3.1731,140300,"<1H OCEAN"
47,949,210,574,217,2.175,114700,"<1H OCEAN"
40,1298,277,791,255,3.2344,104300,"<1H OCEAN"
47,1528,331,864,308,1.9732,101000,"<1H OCEAN"
46,1611,339,921,314,3.0833,103300,"<1H OCEAN"
28,3889,1199,3121,1046,1.8806,113900,"<1H OCEAN"
32,1784,489,1472,476,1.6477,108900,"<1H OCEAN"
38,3063,796,2153,721,1.8472,149100,"<1H OCEAN"
48,2225,433,1170,401,2.9643,140400,"<1H OCEAN"
46,2126,409,1292,414,2.9315,149000,"<1H OCEAN"
47,2183,380,927,371,4.9531,180100,"<1H OCEAN"
47,2512,461,1082,426,3.8235,207600,"<1H OCEAN"
34,397,132,250,121,1.675,166700,"<1H OCEAN"
44,1448,314,861,310,2.2396,108600,"<1H OCEAN"
52,1778,320,795,279,3.5114,138800,"<1H OCEAN"
49,1412,333,901,328,1.7067,118600,"<1H OCEAN"
30,3112,931,2739,841,1.6531,118500,"<1H OCEAN"
44,2526,579,1423,573,2.5363,158800,"<1H OCEAN"
47,1830,369,922,377,4.1635,156400,"<1H OCEAN"
46,3745,798,1502,808,3.8643,195800,"<1H OCEAN"
33,3140,466,1214,464,6.5044,350400,"<1H OCEAN"
33,2263,430,900,382,4.4028,246800,"<1H OCEAN"
31,1893,450,819,426,4.3077,140600,"<1H OCEAN"
11,1249,313,625,336,0.8702,170500,"<1H OCEAN"
35,1359,359,655,341,2.5568,312500,"<1H OCEAN"
37,4291,1102,1941,953,1.7945,106300,"<1H OCEAN"
38,2318,735,1407,702,1.6187,266700,"<1H OCEAN"
44,1527,246,608,245,4.0357,187800,"<1H OCEAN"
34,3978,1073,2725,1035,1.7622,167900,"<1H OCEAN"
34,5218,1576,3538,1371,1.5143,118800,"<1H OCEAN"
27,3358,1069,2415,956,1.4589,87500,"<1H OCEAN"
33,3246,601,1585,603,3.6629,353200,"<1H OCEAN"
28,3085,621,1162,558,3.25,301000,"<1H OCEAN"
35,1138,304,1128,311,1.8818,1e+05,"<1H OCEAN"
37,1971,513,1673,464,1.4625,103000,"<1H OCEAN"
39,979,235,857,236,2.5547,108900,"<1H OCEAN"
41,1582,416,1422,370,1.0516,108300,"<1H OCEAN"
43,1902,398,1153,363,1.9375,112900,"<1H OCEAN"
44,1458,326,1159,283,1.1645,98200,"<1H OCEAN"
43,1534,384,1231,329,2.5437,94500,"<1H OCEAN"
44,1597,388,902,321,1.9556,93300,"<1H OCEAN"
45,1701,452,1484,427,1.84,91400,"<1H OCEAN"
44,222,54,234,77,5.1136,111700,"<1H OCEAN"
49,857,196,694,228,2.895,108000,"<1H OCEAN"
52,1837,426,1062,343,2,96500,"<1H OCEAN"
52,1607,331,900,295,3.5982,96600,"<1H OCEAN"
50,1985,454,1090,410,1.825,106600,"<1H OCEAN"
52,1975,379,1043,371,2.3977,112200,"<1H OCEAN"
49,1993,446,1052,394,2.2138,119800,"<1H OCEAN"
44,2261,555,1348,455,1.9125,97200,"<1H OCEAN"
48,1124,231,783,223,3.4444,93100,"<1H OCEAN"
52,1371,315,986,277,2.9432,94000,"<1H OCEAN"
48,2010,445,1208,404,1.6611,95800,"<1H OCEAN"
48,1998,410,1176,382,3.0455,102400,"<1H OCEAN"
44,1242,270,811,274,2.9375,95200,"<1H OCEAN"
42,2833,768,2542,725,1.3479,1e+05,"<1H OCEAN"
46,1118,300,786,254,1.4042,110000,"<1H OCEAN"
39,1306,345,1332,331,1.9564,92200,"<1H OCEAN"
47,865,193,782,217,2.2411,93000,"<1H OCEAN"
45,1720,416,1382,365,0.9337,92300,"<1H OCEAN"
19,883,313,726,277,0.9809,121400,"<1H OCEAN"
30,1162,318,1207,289,1.223,1e+05,"<1H OCEAN"
31,1068,271,1091,281,1.689,102600,"<1H OCEAN"
31,2017,566,2063,521,1.9219,107000,"<1H OCEAN"
35,2305,634,1978,568,1.375,1e+05,"<1H OCEAN"
43,2660,672,2133,588,1.7734,107300,"<1H OCEAN"
46,1425,317,1140,304,3.375,98500,"<1H OCEAN"
44,1521,289,1074,285,2.0673,99800,"<1H OCEAN"
42,944,200,567,190,2.6311,124100,"<1H OCEAN"
50,2270,451,1000,412,2.1221,119400,"<1H OCEAN"
52,1595,325,823,302,3.2188,124200,"<1H OCEAN"
47,2066,422,1156,380,2.7917,125800,"<1H OCEAN"
52,1629,277,819,288,3.725,142600,"<1H OCEAN"
48,1541,314,819,312,3.0917,136100,"<1H OCEAN"
41,1353,286,751,250,2.7401,131700,"<1H OCEAN"
50,1843,326,892,314,3.1346,120000,"<1H OCEAN"
43,1823,358,1065,342,3.2708,131000,"<1H OCEAN"
44,1558,333,1095,316,4.0043,133500,"<1H OCEAN"
44,2490,430,1305,411,4.8295,149600,"<1H OCEAN"
43,2104,393,1132,394,3.0682,142000,"<1H OCEAN"
43,2118,569,1266,500,1.747,121000,"<1H OCEAN"
43,2149,493,1316,462,1.528,131800,"<1H OCEAN"
46,1686,303,870,320,3.4643,136300,"<1H OCEAN"
48,2015,356,1020,338,4.0625,138700,"<1H OCEAN"
48,3139,587,1319,506,3.5208,134200,"<1H OCEAN"
36,1717,417,902,368,1.4868,113200,"<1H OCEAN"
43,2009,442,1095,439,2.8299,109500,"<1H OCEAN"
39,2802,618,1524,529,2.6518,136300,"<1H OCEAN"
41,1175,340,1241,352,1.2273,98400,"<1H OCEAN"
34,2074,562,1913,514,1.6156,102100,"<1H OCEAN"
34,2771,802,2782,715,1.6652,99000,"<1H OCEAN"
31,4022,1208,3707,1007,1.3096,116300,"<1H OCEAN"
47,2112,417,1161,368,3.9722,117400,"<1H OCEAN"
52,2523,460,1167,413,3.0625,127400,"<1H OCEAN"
47,1586,322,1077,339,4.4861,140400,"<1H OCEAN"
47,2005,392,1134,415,3.7143,140300,"<1H OCEAN"
30,1702,443,1966,442,1.5521,97500,"<1H OCEAN"
30,1966,584,2028,535,1.625,101500,"<1H OCEAN"
38,1454,323,1098,297,1.5109,104000,"<1H OCEAN"
41,656,162,730,170,1.8047,101800,"<1H OCEAN"
43,1240,312,1100,311,1.575,97500,"<1H OCEAN"
45,1696,424,1502,429,1.3042,99200,"<1H OCEAN"
39,2062,588,1933,570,1.3801,97000,"<1H OCEAN"
44,1722,457,2177,401,2.125,92500,"<1H OCEAN"
43,762,206,854,188,1.2315,98200,"<1H OCEAN"
46,1295,351,1120,323,1.7121,98200,"<1H OCEAN"
44,1246,308,1031,295,1.9556,96300,"<1H OCEAN"
46,1521,352,1100,334,1.55,100600,"<1H OCEAN"
46,1086,249,880,250,1.5962,95700,"<1H OCEAN"
45,1546,371,1186,366,1.64,96800,"<1H OCEAN"
40,2180,642,2464,631,1.5521,90100,"<1H OCEAN"
39,2569,688,2601,630,2.0754,101400,"<1H OCEAN"
38,1819,497,2110,499,1.6027,97300,"<1H OCEAN"
38,977,295,1073,292,1.0208,86400,"<1H OCEAN"
42,796,203,697,177,2.037,92600,"<1H OCEAN"
37,1812,500,1640,447,1.9348,99100,"<1H OCEAN"
47,1504,374,1168,358,1.4625,94200,"<1H OCEAN"
40,1475,347,1222,298,1.5303,95300,"<1H OCEAN"
39,1255,323,902,327,1.5812,94000,"<1H OCEAN"
52,1331,346,1144,362,1.5326,90600,"<1H OCEAN"
34,1462,394,1310,351,1.1557,90100,"<1H OCEAN"
38,1126,270,999,265,0.5495,91700,"<1H OCEAN"
34,1040,276,1083,255,1.6467,90900,"<1H OCEAN"
39,1529,358,1154,357,1.2091,97900,"<1H OCEAN"
38,1387,346,1240,355,1.6898,95100,"<1H OCEAN"
44,1513,369,1088,344,1.2969,94400,"<1H OCEAN"
39,1542,375,1256,361,1.7167,1e+05,"<1H OCEAN"
37,1625,383,1243,350,1.3971,89800,"<1H OCEAN"
42,1604,399,1581,387,1.7656,96700,"<1H OCEAN"
40,2044,538,2150,524,2.1437,94800,"<1H OCEAN"
42,1206,304,1167,250,1.615,101300,"<1H OCEAN"
39,882,221,697,189,1.8472,99100,"<1H OCEAN"
23,1983,611,2048,600,1.5313,91400,"<1H OCEAN"
35,1401,362,1357,327,2.0917,99300,"<1H OCEAN"
32,721,205,842,208,1.6029,89700,"<1H OCEAN"
39,1340,409,1463,367,1.5294,111400,"<1H OCEAN"
40,2808,695,2357,627,1.9655,102300,"<1H OCEAN"
39,1701,428,1468,411,1.9702,93200,"<1H OCEAN"
43,1201,292,840,252,2.7917,105600,"<1H OCEAN"
34,1089,278,995,315,2.3352,107700,"<1H OCEAN"
35,2073,494,1753,490,1.5,93600,"<1H OCEAN"
43,1156,291,1074,299,1.8814,94900,"<1H OCEAN"
30,1041,275,877,270,1.5268,91600,"<1H OCEAN"
38,637,204,679,162,1.5714,89700,"<1H OCEAN"
41,835,208,707,192,1.4103,86200,"<1H OCEAN"
40,935,226,818,236,1.8798,101300,"<1H OCEAN"
34,987,248,902,221,2.3365,98000,"<1H OCEAN"
34,1261,315,1027,303,2.2946,88800,"<1H OCEAN"
29,1579,351,1056,322,2.3056,98500,"<1H OCEAN"
35,1405,326,1086,273,1.0375,89800,"<1H OCEAN"
45,1080,218,850,237,2.25,93400,"<1H OCEAN"
44,1771,378,1296,399,1.6389,96700,"<1H OCEAN"
44,1481,329,999,315,1.5147,94600,"<1H OCEAN"
44,1103,265,760,247,1.6887,99600,"<1H OCEAN"
37,1002,270,1092,273,1.6333,94500,"<1H OCEAN"
41,1510,410,1408,389,1.65,94200,"<1H OCEAN"
38,1314,318,1080,285,1.5872,89800,"<1H OCEAN"
44,795,181,716,167,2,90300,"<1H OCEAN"
35,1562,403,1587,406,1.4917,93200,"<1H OCEAN"
41,570,135,466,121,2.6458,91300,"<1H OCEAN"
34,721,165,661,171,2.0789,92400,"<1H OCEAN"
37,973,221,842,178,1.6645,94900,"<1H OCEAN"
36,1467,369,1247,347,1.8191,92700,"<1H OCEAN"
36,1102,247,702,225,1.5256,95400,"<1H OCEAN"
42,1433,295,775,293,1.1326,104800,"<1H OCEAN"
42,657,147,526,132,2.5,110200,"<1H OCEAN"
40,1076,244,705,255,1.7986,98900,"<1H OCEAN"
36,1465,346,1147,324,1.7262,88800,"<1H OCEAN"
43,1309,344,1182,340,1.6625,88700,"<1H OCEAN"
30,1764,397,1406,362,1.449,93100,"<1H OCEAN"
39,2078,561,1901,504,1.1468,96900,"<1H OCEAN"
21,847,278,1283,277,1.4329,94100,"<1H OCEAN"
32,1381,375,1268,354,1.1051,94200,"<1H OCEAN"
9,456,130,438,114,0.8952,81300,"<1H OCEAN"
44,1631,338,1197,355,3.0788,1e+05,"<1H OCEAN"
42,1898,460,1503,429,2.5179,97400,"<1H OCEAN"
43,2021,379,1051,352,3.3836,129900,"<1H OCEAN"
47,1782,338,1003,329,2.5398,105700,"<1H OCEAN"
41,936,257,913,226,2.0313,122600,"<1H OCEAN"
40,1935,461,1616,433,2.875,120200,"<1H OCEAN"
41,896,198,605,168,2.2778,128100,"<1H OCEAN"
38,2073,500,1657,470,1.2098,88400,"<1H OCEAN"
39,1274,282,975,277,1.5114,90400,"<1H OCEAN"
43,269,74,295,79,2.2969,90600,"<1H OCEAN"
45,529,112,448,120,3.5833,90600,"<1H OCEAN"
52,117,33,74,45,0.4999,90600,"<1H OCEAN"
44,1463,312,940,312,2.3333,99800,"<1H OCEAN"
43,1113,378,1305,334,1.1434,91300,"<1H OCEAN"
37,2667,671,2865,683,0.6831,87500,"<1H OCEAN"
40,1193,280,1210,286,1.35,89500,"<1H OCEAN"
37,649,147,653,147,1.4792,97500,"<1H OCEAN"
36,2316,543,1938,507,1.25,97400,"<1H OCEAN"
21,1260,342,1167,310,0.9708,107600,"<1H OCEAN"
37,441,125,390,98,1.6513,90200,"<1H OCEAN"
25,764,200,801,220,1.1384,1e+05,"<1H OCEAN"
40,975,270,1068,270,0.9889,87500,"<1H OCEAN"
36,2452,734,2664,667,0.9298,1e+05,"<1H OCEAN"
42,819,233,899,228,1.1346,85400,"<1H OCEAN"
37,869,241,1040,233,2,84200,"<1H OCEAN"
34,796,180,673,144,2.0769,88300,"<1H OCEAN"
37,1027,258,824,248,1.5132,86300,"<1H OCEAN"
32,779,201,861,219,1.0625,89800,"<1H OCEAN"
42,380,106,411,100,0.9705,90000,"<1H OCEAN"
39,1215,273,1211,265,1.7212,95500,"<1H OCEAN"
39,1141,258,1313,234,2.0187,90100,"<1H OCEAN"
35,1090,267,1339,263,2.1607,97600,"<1H OCEAN"
30,940,211,1071,204,1.2679,92000,"<1H OCEAN"
36,501,123,487,118,1.3,87000,"<1H OCEAN"
39,2065,532,2015,535,0.8478,104900,"<1H OCEAN"
32,1063,282,992,253,0.8984,88700,"<1H OCEAN"
29,6447,1012,2184,960,8.2816,500001,"<1H OCEAN"
32,5578,753,1567,697,15.0001,500001,"<1H OCEAN"
27,2089,303,654,270,12.3767,500001,"<1H OCEAN"
27,10806,1440,3511,1352,12.7296,500001,"<1H OCEAN"
27,1613,200,497,197,7.9835,500001,"<1H OCEAN"
20,10722,1617,3731,1511,9.7449,500001,"<1H OCEAN"
36,3129,392,862,334,15.0001,500001,"<1H OCEAN"
46,778,90,238,93,15.0001,500001,"<1H OCEAN"
52,1500,176,384,145,7.1576,500001,"<1H OCEAN"
31,6675,842,2092,796,11.8442,500001,"<1H OCEAN"
35,3247,525,1065,484,7.8426,500001,"<1H OCEAN"
32,8041,1141,2768,1106,11.1978,500001,"<1H OCEAN"
27,6603,879,2336,868,13.2935,500001,"<1H OCEAN"
29,4767,777,1500,638,10.7937,500001,"<1H OCEAN"
40,3351,484,1564,523,8.5153,500001,"<1H OCEAN"
37,4042,549,1318,542,12.8665,500001,"<1H OCEAN"
42,2861,360,829,310,15.0001,500001,"<1H OCEAN"
36,2929,366,1054,352,13.5728,500001,"<1H OCEAN"
29,9013,1117,2919,1061,13.947,500001,"<1H OCEAN"
39,1487,163,414,160,15,500001,"<1H OCEAN"
37,5477,833,1925,757,8.1888,500001,"<1H OCEAN"
45,1814,325,709,311,4.825,500001,"<1H OCEAN"
47,1985,315,819,340,6.5147,500001,"<1H OCEAN"
14,7970,1142,2926,1096,11.2866,500001,"<1H OCEAN"
33,6778,1092,2540,1052,8.565,500001,"<1H OCEAN"
41,1482,239,617,242,8.8619,500001,"<1H OCEAN"
34,2095,343,662,299,8.2934,500001,"<1H OCEAN"
24,2332,349,761,325,7.3031,500001,"<1H OCEAN"
21,3755,525,1493,526,11.4233,500001,"<1H OCEAN"
35,9075,1858,3646,1724,6.0307,500001,"<1H OCEAN"
42,993,130,368,134,10.8082,500001,"<1H OCEAN"
43,2167,254,761,256,13.6842,500001,"<1H OCEAN"
45,1711,264,735,261,9.1078,500001,"<1H OCEAN"
40,4350,763,1551,665,7.0318,500001,"<1H OCEAN"
36,4152,542,1461,550,15.0001,500001,"<1H OCEAN"
39,2603,456,928,410,7.9096,500001,"NEAR OCEAN"
38,4715,691,1660,637,10.1882,500001,"<1H OCEAN"
45,1271,190,419,171,7.6447,500001,"<1H OCEAN"
45,3030,433,916,399,9.4664,500001,"<1H OCEAN"
48,3623,528,1282,516,9.5221,500001,"<1H OCEAN"
42,1918,216,632,224,15.0001,500001,"<1H OCEAN"
26,6577,1789,2937,1652,4.801,500001,"<1H OCEAN"
20,5448,1532,2202,1442,4.2554,500001,"<1H OCEAN"
25,2689,719,1229,663,3.5909,500001,"<1H OCEAN"
25,4077,1151,1719,1017,3.7721,337500,"<1H OCEAN"
21,3639,1002,1489,983,4.6197,387500,"<1H OCEAN"
22,5215,1193,2048,1121,4.7009,500001,"<1H OCEAN"
27,4401,1033,1725,962,4.175,500001,"<1H OCEAN"
36,2143,434,751,396,6.7496,500001,"<1H OCEAN"
45,1346,214,415,209,7.0285,500001,"<1H OCEAN"
46,1399,148,410,152,15.0001,500001,"<1H OCEAN"
34,3203,483,949,439,10.3467,500001,"<1H OCEAN"
38,3251,656,1251,593,7.7382,500001,"<1H OCEAN"
26,3535,748,1322,666,7.1674,500001,"<1H OCEAN"
35,1973,332,1257,296,8.9565,500001,"<1H OCEAN"
28,3910,959,1763,867,5.5,500001,"<1H OCEAN"
21,730,263,965,224,2.0511,350000,"<1H OCEAN"
14,520,292,282,213,2.2857,500001,"<1H OCEAN"
13,4284,1452,3806,1252,1.3125,350000,"<1H OCEAN"
19,4845,1609,3751,1539,1.583,350000,"<1H OCEAN"
20,3367,1264,2667,1131,2.2444,5e+05,"<1H OCEAN"
46,1302,215,482,226,7.0674,500001,"<1H OCEAN"
43,2511,456,808,407,6.7703,500001,"<1H OCEAN"
49,2418,301,850,318,14.2867,500001,"<1H OCEAN"
42,2564,460,913,414,9.2225,500001,"<1H OCEAN"
9,5102,1695,2609,1450,3.2545,500001,"<1H OCEAN"
18,4780,1192,1886,1036,4.4674,500001,"<1H OCEAN"
32,1880,435,798,417,4.7109,5e+05,"<1H OCEAN"
15,5368,1312,2269,1232,5.7097,316700,"<1H OCEAN"
11,3184,641,911,463,7.2675,500001,"<1H OCEAN"
41,1463,267,601,267,5.3777,500001,"<1H OCEAN"
22,4251,1073,1581,881,5.2555,500001,"<1H OCEAN"
13,4833,1119,1649,807,6.2389,500001,"<1H OCEAN"
40,2933,565,1077,536,6.1527,500001,"<1H OCEAN"
31,1317,284,523,274,7.4219,500001,"<1H OCEAN"
38,2982,664,1122,572,4.1908,500001,"<1H OCEAN"
20,4600,1018,1675,932,5.1999,500001,"<1H OCEAN"
44,533,90,291,97,10.8045,500001,"<1H OCEAN"
52,1881,334,640,321,6.871,500001,"<1H OCEAN"
38,4888,1126,1698,937,4.8304,500001,"<1H OCEAN"
52,1693,290,727,305,6.7115,500001,"<1H OCEAN"
24,3832,949,1613,893,3.9673,477300,"<1H OCEAN"
20,5943,1538,2492,1429,4.1141,305000,"<1H OCEAN"
22,3970,871,1588,791,4.8618,500001,"<1H OCEAN"
52,2425,435,962,412,5.8587,494700,"<1H OCEAN"
28,801,399,936,406,2.1875,181300,"<1H OCEAN"
22,3319,1045,1848,940,3.6673,283300,"<1H OCEAN"
23,3771,1321,2031,1241,2.7679,277500,"<1H OCEAN"
25,6902,2138,3136,1844,2.6509,410000,"<1H OCEAN"
23,4099,1287,2103,1217,3.7549,275000,"<1H OCEAN"
19,3522,1036,1820,977,3.2663,337500,"<1H OCEAN"
21,5041,1491,2719,1420,3.5335,268800,"<1H OCEAN"
19,3330,1010,1837,915,3.0173,393800,"<1H OCEAN"
25,2142,718,1390,699,3.0069,325000,"<1H OCEAN"
25,2768,850,1558,784,3.6976,360000,"<1H OCEAN"
17,2729,897,1404,758,3.1235,420800,"<1H OCEAN"
31,2621,707,1632,673,3.287,348100,"<1H OCEAN"
21,2819,648,1435,593,3.9489,360200,"<1H OCEAN"
45,727,168,520,175,2.6528,3e+05,"<1H OCEAN"
39,1657,402,931,363,3.7813,336300,"<1H OCEAN"
49,32,7,14,7,2.1875,225000,"<1H OCEAN"
16,18,6,3,4,0.536,350000,"<1H OCEAN"
31,2670,662,1535,631,3.0714,347800,"<1H OCEAN"
52,1782,308,735,307,5.2954,485100,"<1H OCEAN"
46,1508,276,639,273,4.925,409800,"<1H OCEAN"
42,2725,569,1115,516,4.5833,427500,"<1H OCEAN"
16,9728,2211,3026,1899,5.8758,500001,"<1H OCEAN"
33,2921,652,1124,608,5.0151,500001,"<1H OCEAN"
52,2533,402,981,386,7.8164,500001,"<1H OCEAN"
26,4473,923,1518,805,5.0762,500001,"<1H OCEAN"
40,2079,268,720,282,9.272,500001,"<1H OCEAN"
42,1298,174,420,190,12.8483,500001,"<1H OCEAN"
36,1831,296,871,269,8.1484,500001,"<1H OCEAN"
33,1730,386,994,363,3.7277,500001,"<1H OCEAN"
49,601,95,228,106,8.0239,500001,"<1H OCEAN"
35,2458,576,1047,554,4.0283,412500,"<1H OCEAN"
42,3105,559,1253,531,5.222,500001,"<1H OCEAN"
34,2113,459,859,432,3.6953,500001,"<1H OCEAN"
25,2814,701,1139,658,4.0153,460000,"<1H OCEAN"
52,1907,261,681,249,10.9805,500001,"<1H OCEAN"
52,2113,332,800,327,11.1768,500001,"<1H OCEAN"
36,3053,635,1234,577,5.1637,500001,"<1H OCEAN"
51,1975,348,771,357,6.626,500001,"<1H OCEAN"
52,1358,272,574,267,5.6454,500001,"<1H OCEAN"
45,2089,312,834,305,7.3028,500001,"<1H OCEAN"
44,1873,286,635,283,5.5951,461300,"<1H OCEAN"
43,3863,537,1398,511,8.5938,500001,"<1H OCEAN"
43,1028,145,394,149,10.4519,500001,"<1H OCEAN"
42,1467,203,577,204,6.6368,500001,"<1H OCEAN"
35,2237,592,1794,543,2.2961,207700,"<1H OCEAN"
31,2846,727,2120,672,2.7226,254200,"<1H OCEAN"
45,767,130,254,118,6.2895,340400,"<1H OCEAN"
36,3005,771,2054,758,2.0437,309100,"<1H OCEAN"
39,2614,569,1665,553,3.4063,271600,"<1H OCEAN"
41,101,23,85,30,4.125,237500,"<1H OCEAN"
52,1492,277,666,289,4.7386,340400,"<1H OCEAN"
49,1230,279,669,269,3.9038,308300,"<1H OCEAN"
28,1722,536,1161,481,3.2228,232500,"<1H OCEAN"
25,3442,1050,1890,914,3.0574,319400,"<1H OCEAN"
24,1101,318,491,287,3.2222,319400,"<1H OCEAN"
43,1006,201,520,199,6.5669,372800,"<1H OCEAN"
26,4376,1394,2435,1250,2.8418,327300,"<1H OCEAN"
19,7297,2331,3870,2144,3.116,3e+05,"<1H OCEAN"
27,515,201,397,228,2.4135,184400,"<1H OCEAN"
24,3711,1192,1764,1147,3.1642,366700,"<1H OCEAN"
24,2610,756,1322,692,3.5022,281300,"<1H OCEAN"
16,5825,1866,3390,1752,3.0965,320000,"<1H OCEAN"
19,1450,509,746,437,3.1415,55000,"<1H OCEAN"
13,6152,1978,3397,1845,3.4058,275000,"<1H OCEAN"
36,2101,569,1756,527,2.9344,222100,"<1H OCEAN"
39,1366,375,1237,370,3.7206,230900,"<1H OCEAN"
43,888,170,514,161,3.1827,202800,"<1H OCEAN"
42,1809,424,1094,382,2.767,143000,"<1H OCEAN"
43,912,255,705,246,2.6402,185700,"<1H OCEAN"
25,542,161,442,131,2.25,333300,"<1H OCEAN"
43,1465,278,727,290,4.0781,289400,"<1H OCEAN"
45,1262,223,637,221,5.0866,427300,"<1H OCEAN"
45,1740,311,788,306,5.2099,373600,"<1H OCEAN"
39,1733,429,855,387,3.2308,340800,"<1H OCEAN"
26,1706,516,894,435,3.1875,372700,"<1H OCEAN"
44,904,176,358,158,3.3542,344200,"<1H OCEAN"
25,2059,659,1349,588,3.2396,352400,"<1H OCEAN"
36,1552,388,867,352,3.6467,346700,"<1H OCEAN"
37,1193,205,488,224,3.625,357600,"<1H OCEAN"
37,975,189,489,202,4.2434,331000,"<1H OCEAN"
30,1039,303,606,274,3.125,343800,"<1H OCEAN"
41,1240,320,711,304,3.3482,318100,"<1H OCEAN"
41,2083,528,993,481,4.0231,353900,"<1H OCEAN"
41,1164,265,561,251,4.2411,350900,"<1H OCEAN"
37,1592,308,783,321,6.2583,386000,"<1H OCEAN"
43,1408,246,651,240,4.5795,4e+05,"<1H OCEAN"
41,1309,221,534,228,5.1708,418800,"<1H OCEAN"
37,1328,250,626,228,5.8666,440100,"<1H OCEAN"
40,1361,240,559,229,6.3516,354300,"<1H OCEAN"
36,2424,418,1123,417,6.4755,405800,"<1H OCEAN"
32,2242,490,921,461,4.0429,500001,"<1H OCEAN"
43,1487,242,675,247,5.3403,489800,"<1H OCEAN"
39,3278,632,1321,617,6.2917,465700,"<1H OCEAN"
38,2172,437,830,368,3.9091,500001,"<1H OCEAN"
42,1528,244,634,242,8.1631,500001,"<1H OCEAN"
41,2403,516,1001,514,4.3906,500001,"<1H OCEAN"
44,629,131,326,156,4.5278,374300,"<1H OCEAN"
20,4374,1311,2165,1185,3.6019,463600,"<1H OCEAN"
21,3244,815,1423,781,3.6488,340800,"<1H OCEAN"
34,2243,444,973,413,4.9676,414100,"<1H OCEAN"
28,3167,737,1248,665,3.1941,394700,"<1H OCEAN"
34,2995,942,2626,947,2.2402,450000,"<1H OCEAN"
34,1430,357,805,362,3.3462,307000,"<1H OCEAN"
22,3292,1134,1655,898,3.1746,348800,"<1H OCEAN"
26,2664,842,1745,789,3.4269,301900,"<1H OCEAN"
35,1728,442,1161,420,3.725,310000,"<1H OCEAN"
19,4702,1472,2636,1334,3.3955,225000,"<1H OCEAN"
27,2224,618,1594,625,3.0833,315500,"<1H OCEAN"
33,2731,535,1280,510,4.7083,420100,"<1H OCEAN"
32,1300,356,703,311,3.5667,394000,"<1H OCEAN"
27,3133,1021,2242,1002,2.697,412500,"<1H OCEAN"
41,1527,279,746,285,6.4232,446600,"<1H OCEAN"
31,2526,528,1046,504,4.7009,500001,"<1H OCEAN"
42,2061,396,907,393,6.0804,420000,"<1H OCEAN"
44,1462,338,821,341,2.599,362200,"<1H OCEAN"
44,1798,353,835,314,4.75,355800,"<1H OCEAN"
39,1909,359,867,345,4.7,334700,"<1H OCEAN"
40,1287,346,806,311,3.875,321300,"<1H OCEAN"
30,2148,597,1341,559,3.3995,324000,"<1H OCEAN"
22,5822,1707,3335,1585,3.1579,243100,"<1H OCEAN"
41,1562,377,874,368,4.1083,324300,"<1H OCEAN"
42,1594,369,952,362,3.099,335400,"<1H OCEAN"
29,1996,489,960,449,3.6611,344200,"<1H OCEAN"
31,1930,456,1002,410,3.9798,458600,"<1H OCEAN"
28,6128,1963,3586,1815,2.7058,310900,"<1H OCEAN"
43,513,98,266,103,5.6428,343100,"<1H OCEAN"
39,4098,1100,2054,1053,2.918,345600,"<1H OCEAN"
37,388,83,248,84,5.1664,326700,"<1H OCEAN"
36,1392,260,679,247,4.7344,346900,"<1H OCEAN"
39,711,148,347,153,4.2813,297200,"<1H OCEAN"
38,1235,390,891,376,2.7143,287500,"<1H OCEAN"
41,2331,636,1839,537,2.288,263500,"<1H OCEAN"
39,614,174,538,159,2.3542,235700,"<1H OCEAN"
34,1875,501,1491,526,2.8417,321400,"<1H OCEAN"
37,2586,765,1801,737,2.6042,305800,"<1H OCEAN"
31,1312,376,1178,330,2.0714,3e+05,"<1H OCEAN"
41,1146,310,833,270,2.5938,285000,"<1H OCEAN"
33,854,235,645,198,2.1471,239300,"<1H OCEAN"
40,1901,679,865,587,2.3417,425000,"<1H OCEAN"
46,2219,686,1107,590,2.5523,387500,"<1H OCEAN"
50,1568,501,764,478,3.015,414300,"<1H OCEAN"
52,1523,447,636,408,3.0682,412500,"<1H OCEAN"
52,2167,622,1095,570,2.8514,358700,"<1H OCEAN"
37,2155,721,1082,637,3.4071,267500,"<1H OCEAN"
24,1438,454,665,416,2.975,500001,"<1H OCEAN"
52,709,329,388,313,2.2643,350000,"<1H OCEAN"
52,1010,244,573,242,4.1861,363200,"<1H OCEAN"
52,1158,253,528,253,3.5234,334700,"<1H OCEAN"
44,1122,287,531,256,4.0598,335900,"<1H OCEAN"
44,941,230,493,206,3.6458,325800,"<1H OCEAN"
52,888,206,376,194,3.875,372000,"<1H OCEAN"
46,1777,362,896,334,4.45,348300,"<1H OCEAN"
43,1606,408,862,354,3.962,345800,"<1H OCEAN"
48,1923,408,1142,433,4.575,326700,"<1H OCEAN"
33,3125,785,1720,713,2.9722,325000,"<1H OCEAN"
52,1829,472,779,424,3.1607,339000,"<1H OCEAN"
41,885,285,562,268,3.1992,303800,"<1H OCEAN"
37,1828,460,1075,453,4.337,360600,"<1H OCEAN"
32,2388,591,1009,556,5.2121,466700,"<1H OCEAN"
35,1214,300,478,265,4.0156,500001,"<1H OCEAN"
27,2217,520,806,458,3.8935,500001,"<1H OCEAN"
29,2737,808,1157,696,5.128,500001,"<1H OCEAN"
45,1132,269,654,264,4.5673,343100,"<1H OCEAN"
26,1919,405,953,371,6.0672,420800,"<1H OCEAN"
19,2520,726,964,663,3.8068,500001,"<1H OCEAN"
19,1658,427,648,378,3.8698,500001,"<1H OCEAN"
18,9430,2473,3408,2003,6.1726,500001,"<1H OCEAN"
19,2461,521,777,447,10,500001,"<1H OCEAN"
16,895,181,237,149,12.0088,500001,"<1H OCEAN"
10,1526,339,705,268,5.8083,321800,"<1H OCEAN"
35,684,161,381,159,2.8393,272000,"<1H OCEAN"
30,3550,934,3738,880,3.191,271200,"<1H OCEAN"
18,1307,441,884,456,2.9338,276300,"<1H OCEAN"
14,3771,1180,2355,978,3.1603,287500,"<1H OCEAN"
35,1701,482,1428,494,3.725,284600,"<1H OCEAN"
35,2243,495,1135,465,4.3281,324000,"<1H OCEAN"
19,8324,1590,2927,1538,7.5426,351700,"<1H OCEAN"
45,1899,461,1260,415,2.6667,320000,"<1H OCEAN"
43,2483,548,1212,493,4.0189,302900,"<1H OCEAN"
23,5548,1245,2847,1229,4.4228,366900,"<1H OCEAN"
3,475,155,236,153,3.6667,450000,"<1H OCEAN"
42,2558,558,1328,541,4.875,301300,"<1H OCEAN"
43,1432,308,782,303,4.3333,303900,"<1H OCEAN"
39,3014,822,3212,777,1.1985,215000,"<1H OCEAN"
38,740,171,599,194,4.0893,248900,"<1H OCEAN"
35,1724,419,1079,394,4.5521,263800,"<1H OCEAN"
35,1062,305,1026,307,2.7153,265500,"<1H OCEAN"
36,1089,234,632,215,3.6538,276100,"<1H OCEAN"
39,1613,380,1113,356,2.825,276700,"<1H OCEAN"
33,3331,777,1695,735,3.9727,307200,"<1H OCEAN"
38,993,175,374,180,6.2673,357200,"<1H OCEAN"
43,2715,458,1151,434,7.4897,362600,"<1H OCEAN"
44,1097,186,513,185,6.235,361400,"<1H OCEAN"
43,2700,510,1146,506,5.1333,345900,"<1H OCEAN"
46,2198,352,839,335,6.5778,350800,"<1H OCEAN"
45,1361,252,581,263,5.8143,340700,"<1H OCEAN"
45,1436,374,662,292,3.625,329400,"<1H OCEAN"
40,1113,234,584,231,3.0927,316000,"<1H OCEAN"
39,303,69,131,73,4.3438,331800,"<1H OCEAN"
32,6699,1781,2725,1544,3.3889,285700,"<1H OCEAN"
37,1629,275,668,266,6.1333,387200,"<1H OCEAN"
44,2298,388,849,360,5.5941,363500,"<1H OCEAN"
44,1877,314,877,320,6.8197,363600,"<1H OCEAN"
44,1802,306,753,282,6.0286,356000,"<1H OCEAN"
43,1464,224,581,232,6.2022,365900,"<1H OCEAN"
44,2789,503,3732,474,4.6176,352300,"<1H OCEAN"
44,1462,240,562,237,4.9375,365200,"<1H OCEAN"
44,1282,216,494,209,5.618,365900,"<1H OCEAN"
38,1104,216,415,163,6.1985,422000,"<1H OCEAN"
13,1860,345,800,355,5.8864,500001,"<1H OCEAN"
33,2799,491,978,447,5.6435,500001,"<1H OCEAN"
20,1901,270,704,254,8.7819,500001,"<1H OCEAN"
16,70,7,17,4,7.7197,500001,"<1H OCEAN"
24,4393,966,1257,579,5.0714,356100,"<1H OCEAN"
16,14891,3984,6270,3595,5.1064,283200,"<1H OCEAN"
35,913,161,451,172,5.6169,411200,"<1H OCEAN"
39,714,118,314,117,5.9856,432100,"<1H OCEAN"
36,2526,452,996,441,5.611,456600,"<1H OCEAN"
38,1089,174,502,180,7.5953,434800,"<1H OCEAN"
37,1364,248,494,242,4.6364,456300,"<1H OCEAN"
44,2825,453,1221,461,5.9544,377200,"<1H OCEAN"
43,2416,454,1028,409,5.6732,330700,"<1H OCEAN"
41,1833,355,847,348,5.726,287800,"<1H OCEAN"
42,1859,337,813,326,6.019,294500,"<1H OCEAN"
44,2395,458,1287,450,4.6923,299000,"<1H OCEAN"
35,3259,967,2003,920,3.2708,4e+05,"<1H OCEAN"
29,1821,588,1397,523,2.5833,187500,"<1H OCEAN"
5,6955,2062,3591,1566,3.111,247600,"<1H OCEAN"
44,1138,228,497,228,4.1852,303300,"<1H OCEAN"
15,412,128,310,137,3.9792,266700,"<1H OCEAN"
32,1044,219,567,222,4.1471,284400,"<1H OCEAN"
45,2038,394,1086,387,4.7375,289600,"<1H OCEAN"
24,3097,791,1075,639,5.723,500001,"<1H OCEAN"
36,2723,547,1090,519,6.3267,500001,"<1H OCEAN"
37,2076,332,771,327,6.2551,500001,"<1H OCEAN"
37,1761,409,1309,357,2.1875,175900,"<1H OCEAN"
41,620,133,642,162,2.6546,159600,"<1H OCEAN"
42,1273,309,1203,348,4.4636,162000,"<1H OCEAN"
41,2475,532,1416,470,3.8372,156400,"<1H OCEAN"
31,2025,618,2231,593,2.4741,151200,"<1H OCEAN"
23,2503,532,1735,505,2.7368,162800,"<1H OCEAN"
19,2758,675,2047,591,2.6618,179700,"<1H OCEAN"
32,2307,493,1754,528,4.317,232800,"<1H OCEAN"
27,2082,612,2009,548,2.9063,184100,"<1H OCEAN"
35,2810,614,1578,601,3.59,200600,"<1H OCEAN"
32,1700,340,864,317,4.381,238700,"<1H OCEAN"
35,2016,365,1083,369,5.1727,230200,"<1H OCEAN"
35,1511,274,853,308,4.9792,251300,"<1H OCEAN"
10,1391,420,1378,377,1.9049,222200,"<1H OCEAN"
5,3559,869,2965,794,2.6491,216700,"<1H OCEAN"
36,1428,268,825,250,4.7222,239600,"<1H OCEAN"
37,1241,226,621,255,4.9196,232400,"<1H OCEAN"
38,123,36,142,40,2.3942,2e+05,"<1H OCEAN"
31,2693,661,1598,618,3.1851,240200,"<1H OCEAN"
33,2716,660,1807,661,3.5473,226300,"<1H OCEAN"
27,2880,802,2083,727,2.9619,223400,"<1H OCEAN"
35,1499,340,1141,326,2.6136,213600,"<1H OCEAN"
26,2080,560,2096,506,2.8106,184400,"<1H OCEAN"
25,2659,765,2629,726,2.6368,175900,"<1H OCEAN"
17,5544,1068,3008,1038,5.322,282700,"<1H OCEAN"
27,2790,513,1498,519,5.3106,268300,"<1H OCEAN"
30,3096,757,2048,704,3.125,233300,"<1H OCEAN"
35,2793,686,2255,682,3.0057,235300,"<1H OCEAN"
9,2782,884,1790,748,2.9154,203300,"<1H OCEAN"
13,3569,924,2159,880,3.163,224200,"<1H OCEAN"
35,2572,504,1172,519,4.6207,304100,"<1H OCEAN"
41,2004,481,1658,456,3.1779,171100,"<1H OCEAN"
36,1697,394,1274,396,3.35,163100,"<1H OCEAN"
30,1291,230,835,215,5.5,181500,"<1H OCEAN"
32,1205,340,1799,370,2.375,128000,"NEAR OCEAN"
28,636,169,788,143,3.6161,131300,"NEAR OCEAN"
26,239,135,165,112,1.3333,187500,"NEAR OCEAN"
38,1446,327,980,319,3.35,177700,"<1H OCEAN"
36,2218,561,1789,527,3.1613,182300,"<1H OCEAN"
39,1513,365,1227,354,3.3929,184600,"<1H OCEAN"
38,1471,329,1207,335,4,165500,"<1H OCEAN"
28,1895,420,1422,389,4.3816,191300,"<1H OCEAN"
36,1989,458,1668,455,3.3009,168000,"<1H OCEAN"
20,2233,591,1915,558,3.2011,169100,"<1H OCEAN"
10,3708,1016,2855,948,2,165400,"<1H OCEAN"
16,1867,571,951,498,3.3427,154200,"<1H OCEAN"
21,1068,283,1180,274,2.5,157500,"<1H OCEAN"
8,1115,412,1472,396,3.1392,146200,"<1H OCEAN"
31,1535,369,1291,340,2.9375,174000,"<1H OCEAN"
27,1672,491,1723,462,2.0458,174500,"NEAR OCEAN"
26,2109,651,2120,605,2.1447,158700,"<1H OCEAN"
39,1417,359,1450,367,2.8462,172000,"<1H OCEAN"
34,1349,371,1716,380,2.7143,138100,"NEAR OCEAN"
38,1730,460,1724,424,2.7308,150400,"NEAR OCEAN"
39,981,286,1183,298,1.9208,139800,"NEAR OCEAN"
21,2188,706,2265,652,1.9923,164700,"NEAR OCEAN"
42,1162,264,1044,241,3.5488,205600,"<1H OCEAN"
20,59,24,69,23,2.5588,350000,"NEAR OCEAN"
35,1239,473,1524,387,2.0956,154700,"NEAR OCEAN"
32,296,139,511,133,1.4444,182100,"NEAR OCEAN"
24,574,173,784,162,2.25,152300,"NEAR OCEAN"
36,2191,739,2931,692,2.1311,163100,"NEAR OCEAN"
36,886,253,809,219,2.4545,164200,"NEAR OCEAN"
26,2272,694,2567,595,1.9964,150600,"NEAR OCEAN"
21,3354,1174,4426,1110,2.5262,167300,"<1H OCEAN"
37,1212,304,1076,293,3.2115,160100,"<1H OCEAN"
39,1731,485,2115,478,1.5369,141300,"NEAR OCEAN"
46,22,11,32,7,3.125,112500,"NEAR OCEAN"
18,3821,795,2831,769,2.9571,346200,"<1H OCEAN"
18,9659,1716,4336,1674,5.7764,290500,"<1H OCEAN"
47,307,69,374,65,2.9063,146900,"<1H OCEAN"
41,1305,381,1384,369,2.45,186800,"NEAR OCEAN"
18,393,189,429,188,1.8393,187500,"NEAR OCEAN"
40,1751,512,1939,503,1.5394,2e+05,"NEAR OCEAN"
21,2442,719,1916,646,1.2276,208300,"NEAR OCEAN"
16,855,271,486,250,0.7591,350000,"NEAR OCEAN"
19,2356,440,1291,418,4.2308,416100,"<1H OCEAN"
6,6097,1270,2678,1226,5.1269,285200,"<1H OCEAN"
42,967,175,481,163,5.6611,265600,"<1H OCEAN"
48,1958,386,1098,380,4.625,273400,"<1H OCEAN"
47,2223,410,1163,413,4.4671,270800,"NEAR OCEAN"
36,2464,472,1111,457,4.5074,350000,"NEAR OCEAN"
22,5042,974,2260,935,4.3472,351200,"NEAR OCEAN"
27,1650,443,1359,386,2.5795,192400,"NEAR OCEAN"
23,1957,517,1454,526,3.5056,203100,"<1H OCEAN"
37,1319,292,766,285,2.7031,218900,"NEAR OCEAN"
29,1503,411,1368,390,2.1473,195300,"NEAR OCEAN"
52,1438,472,1018,399,2.2188,306700,"NEAR OCEAN"
41,1382,361,905,344,2.75,238300,"NEAR OCEAN"
30,2074,533,1311,531,2.0329,225800,"NEAR OCEAN"
43,1854,519,1151,486,2.5759,225000,"NEAR OCEAN"
21,2492,711,1699,672,2.1382,242300,"NEAR OCEAN"
30,2835,711,1669,652,3.3616,268500,"NEAR OCEAN"
23,3075,860,1584,806,2.9386,260500,"NEAR OCEAN"
36,1725,295,799,306,5.0874,368500,"NEAR OCEAN"
52,1665,280,656,282,5.249,351900,"NEAR OCEAN"
20,2625,673,1184,606,3.9167,285200,"NEAR OCEAN"
47,2852,603,1130,560,4.194,293900,"NEAR OCEAN"
52,2025,361,957,363,4.2059,350000,"NEAR OCEAN"
44,1853,556,2090,539,1.8584,248100,"NEAR OCEAN"
39,2602,802,2178,737,2.0469,234500,"NEAR OCEAN"
52,2085,588,1767,516,2.1935,243200,"NEAR OCEAN"
45,2137,559,1550,529,1.9167,227200,"NEAR OCEAN"
25,2469,584,1253,535,3.1932,257500,"NEAR OCEAN"
28,2647,658,1459,595,3.4474,253400,"NEAR OCEAN"
28,2510,583,1388,554,3.3397,267800,"NEAR OCEAN"
40,2582,606,1304,588,3.5694,276400,"NEAR OCEAN"
52,1642,287,692,288,4.1812,321500,"NEAR OCEAN"
26,2711,508,1372,459,4.1451,326700,"NEAR OCEAN"
41,2168,357,1171,374,4.7216,311900,"NEAR OCEAN"
33,2265,366,986,388,5.4533,409800,"NEAR OCEAN"
25,1099,168,407,159,7.6886,500001,"NEAR OCEAN"
25,6191,1081,2297,1023,6.4246,446700,"NEAR OCEAN"
36,3135,746,1815,697,3.7596,3e+05,"NEAR OCEAN"
42,1297,246,611,242,5.3074,401900,"NEAR OCEAN"
40,1644,471,780,416,3.1071,464300,"NEAR OCEAN"
40,1933,475,902,412,4.25,332800,"NEAR OCEAN"
31,2809,666,1316,633,4.5606,303800,"NEAR OCEAN"
39,2651,590,1103,508,3.274,254300,"NEAR OCEAN"
21,1568,452,801,422,3.5109,225000,"NEAR OCEAN"
8,2842,522,1624,510,3.7282,287500,"NEAR OCEAN"
31,3857,607,1695,572,7.642,396400,"<1H OCEAN"
34,2377,362,1055,362,6,367100,"<1H OCEAN"
31,3019,469,1349,462,7.1463,394100,"<1H OCEAN"
31,3812,595,1645,591,7.585,380100,"<1H OCEAN"
36,2288,439,1079,434,4.5486,361000,"<1H OCEAN"
41,1912,308,896,314,5.3473,352700,"<1H OCEAN"
43,1061,208,514,208,6.01,254200,"<1H OCEAN"
42,1541,280,753,264,5.1028,292100,"<1H OCEAN"
35,2839,592,1413,538,4.1667,271200,"<1H OCEAN"
34,3150,518,1392,480,4.9355,336900,"<1H OCEAN"
34,2421,475,1232,454,4.6852,296200,"<1H OCEAN"
35,1535,283,816,287,6.1873,312100,"<1H OCEAN"
35,1666,280,788,273,6.6277,344400,"<1H OCEAN"
35,2485,418,1226,406,5.7083,329500,"<1H OCEAN"
42,890,179,555,200,4.4821,271900,"<1H OCEAN"
41,1979,496,1157,459,4.4083,217700,"<1H OCEAN"
30,2062,396,1089,375,5.5362,301200,"<1H OCEAN"
37,1954,368,967,370,5.0862,261300,"<1H OCEAN"
43,1428,325,836,302,4.5759,209200,"<1H OCEAN"
38,1107,194,518,195,7.5582,263700,"<1H OCEAN"
33,1805,303,838,301,5.4306,326600,"<1H OCEAN"
29,2174,418,1030,395,3.5707,341700,"<1H OCEAN"
36,2988,719,1357,657,3.5174,268000,"<1H OCEAN"
29,2584,608,1217,568,3.3287,273400,"<1H OCEAN"
32,1464,406,693,380,2.5463,2e+05,"<1H OCEAN"
38,1399,390,859,386,3.4148,234800,"<1H OCEAN"
41,2476,506,1271,485,3.4531,263900,"<1H OCEAN"
34,1722,406,926,371,4.1523,252000,"<1H OCEAN"
34,2510,535,1516,542,3.8068,267000,"<1H OCEAN"
50,309,47,121,45,6.213,285000,"<1H OCEAN"
51,1477,280,750,295,5.3925,317900,"<1H OCEAN"
48,1473,294,807,296,3.399,306300,"<1H OCEAN"
41,2067,452,1282,455,5.5756,309900,"<1H OCEAN"
32,3817,886,1888,829,3.5777,245600,"<1H OCEAN"
36,2507,517,1232,470,5.529,241300,"<1H OCEAN"
34,8206,1186,3141,1150,7.2812,462200,"<1H OCEAN"
47,1853,345,757,310,3.6875,422000,"<1H OCEAN"
43,1708,280,768,276,6.207,457400,"<1H OCEAN"
32,14556,2077,5459,2017,8.1657,500001,"<1H OCEAN"
36,959,204,446,210,3.215,331300,"<1H OCEAN"
31,4704,920,1895,886,4.9297,4e+05,"<1H OCEAN"
36,2443,492,1115,493,3.9777,409800,"<1H OCEAN"
14,2672,335,1113,318,12.1579,500001,"<1H OCEAN"
37,4524,1005,2099,937,3.5781,366700,"<1H OCEAN"
24,8590,1231,3401,1178,8.1325,472700,"<1H OCEAN"
25,434,74,199,75,5.9199,420500,"<1H OCEAN"
49,1788,267,735,266,6.6009,375700,"<1H OCEAN"
31,5550,881,2465,862,6.8317,446100,"<1H OCEAN"
31,3105,582,1359,547,5.1718,429100,"<1H OCEAN"
26,1649,522,1332,483,3.1004,257100,"<1H OCEAN"
40,2124,370,998,372,5.3369,370400,"<1H OCEAN"
40,2549,591,1156,546,3.3333,374300,"<1H OCEAN"
52,2187,284,733,274,9.5823,406200,"<1H OCEAN"
52,1904,297,797,286,6.6603,380400,"<1H OCEAN"
52,2477,385,993,371,4.9135,368100,"<1H OCEAN"
52,1532,292,631,275,5.1242,372900,"<1H OCEAN"
24,5131,1436,2690,1371,2.5668,280000,"<1H OCEAN"
20,5949,1417,2593,1337,3.8576,318600,"<1H OCEAN"
17,2943,769,1312,656,3.1484,187500,"<1H OCEAN"
19,2919,857,1866,811,3.1733,206300,"<1H OCEAN"
20,3407,885,1883,870,3.7321,351100,"<1H OCEAN"
48,1560,280,825,269,5.5118,354700,"<1H OCEAN"
15,5036,1299,3164,1175,2.9148,238700,"<1H OCEAN"
45,1865,360,973,349,3.6587,321200,"<1H OCEAN"
52,2332,433,1135,440,5.5658,331200,"<1H OCEAN"
52,2287,295,829,296,7.8383,500001,"<1H OCEAN"
52,3034,406,1158,399,6.2976,498400,"<1H OCEAN"
47,2243,339,911,319,7.4046,446800,"<1H OCEAN"
52,2602,418,1137,419,5.3185,358000,"<1H OCEAN"
52,1602,265,667,251,5.049,323500,"<1H OCEAN"
50,2195,336,878,309,6.884,365600,"<1H OCEAN"
22,2664,651,1553,629,3.6354,256300,"<1H OCEAN"
17,3852,1066,2986,993,2.3482,255400,"<1H OCEAN"
52,1732,305,875,311,4.325,292600,"<1H OCEAN"
10,4292,1075,2719,987,3.6974,286600,"<1H OCEAN"
31,1262,338,1019,332,3.7083,241900,"<1H OCEAN"
42,413,107,349,107,4.3438,189800,"<1H OCEAN"
12,2238,682,1882,611,2.9,208300,"<1H OCEAN"
17,4041,1169,3309,1117,2.6016,222400,"<1H OCEAN"
30,48,14,74,16,5.0056,162500,"<1H OCEAN"
35,1257,318,764,319,3.2083,238000,"<1H OCEAN"
40,1875,460,869,438,3.2321,243600,"<1H OCEAN"
35,3213,874,2401,819,2.8342,256800,"<1H OCEAN"
47,1453,356,787,345,3.0114,255500,"<1H OCEAN"
22,2265,637,1684,561,2.6729,217100,"<1H OCEAN"
25,3018,806,2205,742,3.0199,220200,"<1H OCEAN"
14,1744,536,1494,531,3.2171,230800,"<1H OCEAN"
52,830,183,479,179,3.1397,253700,"<1H OCEAN"
48,1301,253,637,260,4.3438,252700,"<1H OCEAN"
49,1393,290,605,282,2.9491,257400,"<1H OCEAN"
18,1775,525,950,522,3.5417,177100,"<1H OCEAN"
14,2981,894,1941,863,3,178600,"<1H OCEAN"
6,3340,945,2315,846,2.8884,252300,"<1H OCEAN"
18,2481,756,1763,675,2.8088,247500,"<1H OCEAN"
52,850,162,493,160,6.9408,298800,"<1H OCEAN"
20,2734,658,1562,607,3.3906,284100,"<1H OCEAN"
45,1235,271,499,263,3.1435,282600,"<1H OCEAN"
15,3712,1005,1888,890,3.6875,209600,"<1H OCEAN"
14,3700,945,1681,905,3.9054,2e+05,"<1H OCEAN"
17,5282,1605,4116,1574,3.052,209800,"<1H OCEAN"
19,4852,1465,3171,1332,2.5924,192900,"<1H OCEAN"
31,1238,338,605,331,2.8478,228100,"<1H OCEAN"
32,1377,444,768,422,2.2621,187500,"<1H OCEAN"
20,3960,1027,1729,978,3.0441,193800,"<1H OCEAN"
33,2865,864,2061,790,2.6268,201300,"<1H OCEAN"
20,3196,994,2929,983,3.0206,219500,"<1H OCEAN"
27,2909,1021,2614,935,2.1444,229000,"<1H OCEAN"
19,2294,716,1686,680,3.0288,258300,"<1H OCEAN"
25,2864,844,1745,803,2.9167,224300,"<1H OCEAN"
28,1843,554,1402,512,2.462,254000,"<1H OCEAN"
36,1813,560,1501,544,1.9125,238000,"<1H OCEAN"
37,1644,395,959,383,3.3636,257700,"<1H OCEAN"
45,2170,401,1043,394,5.6921,269000,"<1H OCEAN"
7,2063,670,1892,643,1.7301,202300,"<1H OCEAN"
9,4877,1488,4486,1458,2.4421,222100,"<1H OCEAN"
30,1615,570,1245,544,1.8929,196900,"<1H OCEAN"
37,584,260,552,235,1.8235,275000,"<1H OCEAN"
13,1107,479,616,443,0.8185,187500,"<1H OCEAN"
51,902,320,650,334,1.5417,268800,"<1H OCEAN"
29,3431,1222,4094,1205,2.2614,248100,"<1H OCEAN"
10,1060,332,1025,288,3.0074,175000,"<1H OCEAN"
6,1727,506,1200,439,4.1083,210700,"<1H OCEAN"
7,2837,776,2287,736,3.008,229000,"<1H OCEAN"
25,3208,1111,2843,1005,2.6673,218100,"<1H OCEAN"
37,1383,470,1185,451,2.5,207100,"<1H OCEAN"
37,196,74,194,68,1.2188,218800,"<1H OCEAN"
23,1336,396,1255,359,2.5388,205000,"<1H OCEAN"
13,3487,1131,3749,1072,2.1602,221900,"<1H OCEAN"
25,5980,1856,5217,1772,2.506,184500,"<1H OCEAN"
22,2340,773,2226,754,2.5417,217500,"<1H OCEAN"
45,1971,439,1245,430,4.0272,260500,"<1H OCEAN"
52,322,88,229,89,2.125,243800,"<1H OCEAN"
36,2946,1025,2542,912,2.2244,255900,"<1H OCEAN"
21,739,265,861,246,2.4856,181300,"<1H OCEAN"
27,7714,1132,3199,1100,7.1262,446200,"<1H OCEAN"
31,3190,489,1362,480,6.981,402900,"<1H OCEAN"
36,1834,316,864,309,4.7885,302200,"<1H OCEAN"
36,3120,620,1441,612,3.9041,320400,"<1H OCEAN"
14,3615,913,1924,852,3.5083,280900,"<1H OCEAN"
52,1704,277,746,262,4.7986,326100,"<1H OCEAN"
51,1502,243,586,231,4.375,332400,"<1H OCEAN"
27,4713,1169,2372,1077,3.7015,287900,"<1H OCEAN"
52,2962,468,1364,466,4.9042,343500,"<1H OCEAN"
36,1692,263,778,278,5.0865,349600,"<1H OCEAN"
36,2110,346,984,342,6.9909,345300,"<1H OCEAN"
36,759,136,372,135,4.9886,328900,"<1H OCEAN"
36,1978,337,834,311,3.9866,294400,"<1H OCEAN"
43,1325,254,613,248,3.6071,289000,"<1H OCEAN"
43,2322,418,1106,433,4.3631,284600,"<1H OCEAN"
41,2860,682,1516,621,3.0431,262900,"<1H OCEAN"
41,1524,393,1176,375,2.875,192400,"<1H OCEAN"
14,1878,614,1874,559,2.5267,231800,"<1H OCEAN"
29,2209,444,952,403,4.375,341200,"<1H OCEAN"
37,1335,249,485,240,4.1731,352100,"<1H OCEAN"
37,1519,331,613,315,3.0179,272500,"<1H OCEAN"
42,724,149,420,150,3.0625,361700,"<1H OCEAN"
37,589,119,375,122,3.3897,222700,"<1H OCEAN"
23,7179,1985,4757,1924,3.1051,206500,"<1H OCEAN"
13,7174,1997,4293,1872,3.0973,251900,"<1H OCEAN"
37,350,115,342,111,3.0687,2e+05,"<1H OCEAN"
5,5492,1549,2997,1405,3.3205,172100,"<1H OCEAN"
11,3112,890,1700,851,3.1587,181300,"<1H OCEAN"
13,3801,1116,1986,1078,2.0875,222700,"<1H OCEAN"
49,192,41,83,38,3.0179,118800,"<1H OCEAN"
44,1594,389,832,340,3.4,212100,"<1H OCEAN"
39,1995,564,1202,544,3.5875,250000,"<1H OCEAN"
47,2589,465,1284,485,5.1008,247100,"<1H OCEAN"
48,2584,483,1118,459,4.2396,245100,"<1H OCEAN"
46,2115,463,1133,439,3.7344,222000,"<1H OCEAN"
45,2570,517,1256,510,4.6898,226000,"<1H OCEAN"
45,1505,347,799,319,3.138,217000,"<1H OCEAN"
48,814,165,490,176,3.1406,223100,"<1H OCEAN"
45,1552,315,785,316,3.7411,235500,"<1H OCEAN"
49,1969,377,977,367,3.8462,231300,"<1H OCEAN"
48,2122,385,926,362,5.6975,231400,"<1H OCEAN"
43,1029,252,613,255,2.6827,219900,"<1H OCEAN"
47,1721,343,834,334,4.1923,231200,"<1H OCEAN"
45,3046,633,1448,599,3.24,226900,"<1H OCEAN"
46,1393,301,714,295,2.8125,229900,"<1H OCEAN"
45,903,190,557,204,4.0313,209100,"<1H OCEAN"
46,1676,322,846,295,5.1814,209500,"<1H OCEAN"
46,2711,491,1277,490,4.282,224700,"<1H OCEAN"
46,1840,379,866,360,3.3056,230400,"<1H OCEAN"
44,2572,613,1280,570,3.5583,232000,"<1H OCEAN"
47,858,170,365,171,2.0385,225000,"<1H OCEAN"
42,1604,326,814,329,4.4408,216000,"<1H OCEAN"
46,1268,240,661,239,4.0742,229100,"<1H OCEAN"
45,1328,290,720,289,3.875,226900,"<1H OCEAN"
45,3566,701,1601,653,3.8668,232000,"<1H OCEAN"
49,3033,580,1284,561,4.1161,232500,"<1H OCEAN"
42,2267,478,1083,458,3.2015,250000,"<1H OCEAN"
45,1390,281,538,270,4.2212,293800,"<1H OCEAN"
49,1305,228,584,255,5.636,267900,"<1H OCEAN"
44,1934,375,750,365,2.473,251800,"<1H OCEAN"
37,2381,575,1235,499,3.7941,247800,"<1H OCEAN"
46,1718,344,756,343,3.2125,247000,"<1H OCEAN"
52,1133,212,545,222,4.875,249500,"<1H OCEAN"
44,1717,391,848,353,3.6111,254500,"<1H OCEAN"
46,1396,294,608,246,3.692,244500,"<1H OCEAN"
44,2705,649,1676,654,3.4286,247900,"<1H OCEAN"
39,493,168,259,138,2.3667,17500,"<1H OCEAN"
44,1321,303,471,301,4.2679,331800,"<1H OCEAN"
40,3068,756,1190,695,3.5637,497400,"<1H OCEAN"
16,1586,377,625,344,4.0893,450000,"<1H OCEAN"
25,6082,1763,2616,1644,3.6486,246900,"<1H OCEAN"
45,3448,690,1562,643,4.0648,258800,"<1H OCEAN"
38,2347,665,1317,547,3.2112,349300,"<1H OCEAN"
49,1074,170,403,208,6.2547,366700,"<1H OCEAN"
40,1868,356,799,403,2.9306,279300,"<1H OCEAN"
23,1359,428,770,380,3.4016,234600,"<1H OCEAN"
46,2345,453,1031,427,4.3173,278300,"<1H OCEAN"
16,1353,398,1211,357,3.1551,205000,"<1H OCEAN"
37,2144,446,860,435,3.9464,315000,"<1H OCEAN"
12,3188,931,2118,850,3.1823,218300,"<1H OCEAN"
24,2910,917,2522,873,2.4074,219400,"<1H OCEAN"
33,2443,498,1601,484,4.0223,146000,"<1H OCEAN"
37,1394,313,1111,327,3.6023,161800,"<1H OCEAN"
39,1769,410,1499,390,3.1212,153500,"<1H OCEAN"
34,1489,326,1389,313,3.4821,160300,"<1H OCEAN"
28,271,61,246,62,1.7062,164600,"<1H OCEAN"
35,2606,447,1555,404,4.6864,193800,"<1H OCEAN"
38,1704,347,1384,374,2.865,155500,"<1H OCEAN"
38,1237,298,1073,293,3.6726,154600,"<1H OCEAN"
50,1181,265,1196,269,3.2095,167000,"<1H OCEAN"
27,862,280,1243,267,2.3724,154200,"<1H OCEAN"
32,1260,382,1434,342,2.0286,122900,"<1H OCEAN"
30,1632,401,1357,401,3.1588,160100,"<1H OCEAN"
30,762,228,840,226,2.3375,154200,"<1H OCEAN"
32,527,146,582,143,1.7708,138800,"<1H OCEAN"
46,11,11,24,13,2.875,162500,"<1H OCEAN"
37,944,244,1107,235,1.9688,144100,"<1H OCEAN"
47,843,194,800,180,3.3687,151700,"<1H OCEAN"
38,1156,305,1359,289,2.5147,137100,"<1H OCEAN"
36,2602,638,2780,620,2.7155,149800,"<1H OCEAN"
17,17715,2370,7665,2312,7.9068,349100,"INLAND"
26,1279,163,412,157,6.1731,293800,"INLAND"
18,7798,1161,3710,1227,5.8819,260500,"INLAND"
8,16759,2274,7249,2156,7.4837,358700,"INLAND"
14,7876,1253,3699,1162,5.5423,248700,"INLAND"
25,5039,821,2654,802,4.7969,211700,"INLAND"
17,5153,1164,2949,1083,3.5603,174600,"INLAND"
13,2996,495,1187,464,6.2456,161700,"INLAND"
16,2426,426,1319,446,4.8125,224500,"INLAND"
18,3814,721,1881,692,4.4722,215600,"INLAND"
26,8254,1153,3460,1131,6.5253,349900,"INLAND"
20,2421,306,1023,298,8.0683,451500,"INLAND"
27,3770,573,1606,562,6.1321,309700,"INLAND"
26,3773,694,2103,688,4.6937,198000,"INLAND"
24,5745,735,2061,679,8.2827,451400,"INLAND"
14,9610,2005,4723,1907,4.0393,156800,"INLAND"
21,2056,461,1332,429,3.3942,212800,"INLAND"
29,2240,457,1187,407,3.8365,184200,"<1H OCEAN"
35,2259,505,1561,509,3.3043,155500,"<1H OCEAN"
42,2225,485,1544,464,2.2442,166700,"INLAND"
15,4644,967,2855,867,3.3654,222100,"<1H OCEAN"
23,2308,322,1001,317,7.5112,355500,"INLAND"
32,1764,365,924,329,3.875,186700,"INLAND"
33,3713,718,2106,720,4.0023,185500,"<1H OCEAN"
35,2899,429,1251,429,6.1049,297200,"INLAND"
35,1582,248,654,221,4.9091,275000,"INLAND"
33,2344,363,1098,359,6.2089,283400,"INLAND"
37,2655,415,1056,401,5.4224,269500,"INLAND"
36,3097,667,1484,634,3.1905,235300,"INLAND"
30,2495,586,1139,559,2.9375,209200,"INLAND"
31,1959,318,1021,303,4.3145,233000,"INLAND"
30,4367,1033,2524,954,3.0448,192100,"INLAND"
33,2383,428,1269,421,4.636,245500,"INLAND"
40,1304,280,607,256,2.588,209500,"INLAND"
29,630,145,378,148,3.4107,170800,"INLAND"
32,1741,373,872,333,3.4219,194500,"<1H OCEAN"
29,1677,413,873,400,3.12,194300,"<1H OCEAN"
26,3118,528,1546,545,5.27,209400,"INLAND"
25,3465,566,1722,536,4.8304,228900,"INLAND"
29,2671,437,1484,445,4.9844,203000,"INLAND"
17,3499,621,1911,621,4.8894,191700,"INLAND"
34,2026,345,1142,332,4.392,187600,"INLAND"
25,9255,1659,4944,1627,4.5708,223000,"INLAND"
13,18448,2474,7775,2397,7.7876,348900,"INLAND"
23,7063,1176,3100,1112,4.8229,192600,"INLAND"
21,3481,808,1866,746,3.6201,150400,"INLAND"
19,1935,399,1126,389,3.8929,144600,"INLAND"
18,11026,1978,5407,1923,4.075,231100,"INLAND"
28,4086,871,1973,853,2.621,202200,"INLAND"
32,2643,516,1862,478,3.7177,177200,"INLAND"
26,1664,344,1024,339,3.5192,190500,"INLAND"
16,9020,1509,3575,1486,4.2415,275700,"INLAND"
15,4260,770,2007,695,4.4609,230000,"INLAND"
22,4935,954,2874,938,3.9825,180500,"INLAND"
50,2388,494,1241,459,2.8818,167200,"INLAND"
28,1998,414,1124,389,3.75,180900,"INLAND"
23,7079,1381,3205,1327,3.0735,212300,"INLAND"
28,3494,566,1391,522,5.3637,214700,"INLAND"
25,5411,998,2243,1019,4.3148,240700,"INLAND"
26,2723,604,1847,498,2.6779,136000,"INLAND"
29,2742,488,2477,532,3.5072,121900,"INLAND"
21,8069,2174,4369,2036,3.2756,156800,"INLAND"
20,11250,1893,4952,1859,5.6785,239500,"INLAND"
26,6459,894,2487,885,6.2089,261800,"INLAND"
41,555,130,1492,123,2.2813,125000,"INLAND"
52,567,152,2688,126,1.875,212500,"INLAND"
52,2867,496,978,513,3.1477,291200,"INLAND"
32,3241,895,1592,810,2.4952,181800,"INLAND"
46,2477,458,1034,455,5.5,289700,"INLAND"
36,2637,476,1385,483,4.1739,158700,"INLAND"
26,2744,494,1411,465,4.2639,154200,"INLAND"
36,1473,328,785,299,3.2566,151800,"INLAND"
33,4979,934,2575,874,3.7958,152500,"INLAND"
30,2345,496,1897,454,2.4375,112100,"INLAND"
36,1543,297,1355,303,3.5313,117800,"INLAND"
33,1350,265,1251,257,2.9063,115200,"INLAND"
30,3199,591,2192,563,3.4871,136400,"INLAND"
33,2824,523,1797,493,3.6359,135100,"INLAND"
33,1067,194,600,201,4.0368,139100,"INLAND"
36,3094,556,1672,545,4.2143,146900,"INLAND"
37,2263,502,1677,522,2.9388,139200,"INLAND"
27,5929,932,2817,828,6.0434,214800,"INLAND"
36,2922,652,2392,629,2.8661,124000,"INLAND"
29,2976,662,2452,633,3.0638,113600,"INLAND"
52,1548,348,1131,343,2.63,127300,"INLAND"
51,1538,394,1173,388,2.3156,109800,"INLAND"
48,1157,247,677,218,2.8594,127200,"INLAND"
33,1831,486,1625,472,1.9937,103600,"INLAND"
47,508,108,384,86,1.9583,92600,"INLAND"
27,2178,629,2379,591,1.9766,108000,"INLAND"
18,3610,772,2899,765,3.9784,113500,"INLAND"
25,1712,491,1807,478,2.2258,114800,"INLAND"
33,1694,333,1689,301,3.7583,116300,"INLAND"
34,975,192,870,183,3.7933,116100,"INLAND"
33,1056,272,964,300,2.4464,128700,"INLAND"
39,2933,590,1886,550,3.9224,131300,"INLAND"
5,4536,1178,2485,909,4.1118,125900,"<1H OCEAN"
34,1081,205,1325,252,3.6298,108500,"INLAND"
21,4031,923,2558,834,3.1641,117300,"<1H OCEAN"
30,1700,504,1719,459,2.227,91900,"INLAND"
36,2910,819,3055,782,1.9029,98000,"INLAND"
35,1293,339,1494,312,1.6645,93300,"INLAND"
36,3839,1004,4711,942,2.3859,116200,"INLAND"
35,1613,298,911,293,3.4398,134300,"INLAND"
42,2504,553,1550,509,3.0294,135700,"INLAND"
48,2438,599,1508,548,2.8983,129200,"INLAND"
52,1868,316,947,328,4.2415,140100,"INLAND"
52,1279,213,444,204,5.2269,161000,"INLAND"
52,2550,586,1246,576,1.6006,146200,"INLAND"
34,2742,491,1761,496,3.2481,128800,"INLAND"
33,4100,740,2580,730,3.7321,134200,"INLAND"
28,5173,1069,3502,954,3.8438,130800,"INLAND"
34,4038,725,2716,759,4.1339,135000,"INLAND"
32,2209,654,1718,569,1.9643,113200,"INLAND"
34,344,108,315,119,3.1786,117800,"INLAND"
51,498,115,368,112,1.4063,98800,"INLAND"
33,1921,489,1430,467,2.3406,122600,"INLAND"
33,1025,261,854,269,2.2596,119400,"INLAND"
36,975,243,809,233,2.8929,118100,"INLAND"
28,2758,771,2877,694,2.0734,113300,"INLAND"
30,1185,317,1466,302,2.625,94300,"INLAND"
29,2452,700,3029,665,2.1354,110700,"INLAND"
27,852,237,1024,221,2.1141,110900,"INLAND"
46,1480,358,1511,348,1.9718,110600,"INLAND"
26,3827,814,3367,810,3.15,129700,"INLAND"
42,1967,378,1459,348,3.0375,118100,"INLAND"
33,2318,464,1904,451,3.7454,116400,"INLAND"
27,2215,440,1987,449,3.0429,129600,"INLAND"
27,3623,809,3712,754,3.4609,123300,"INLAND"
22,2948,636,2600,602,3.125,113600,"INLAND"
36,2242,448,2052,447,3.4464,113000,"INLAND"
26,2712,402,1389,377,5.6513,227900,"<1H OCEAN"
10,17820,2812,8686,2666,6.3875,310700,"<1H OCEAN"
25,4240,643,1885,637,6.2384,247600,"<1H OCEAN"
8,32054,5290,15507,5050,6.0191,253900,"<1H OCEAN"
16,9446,1650,4911,1534,5.0111,212900,"<1H OCEAN"
23,3351,591,1535,522,5.0869,230600,"<1H OCEAN"
12,9197,1642,4332,1554,4.9589,282100,"<1H OCEAN"
5,18690,2862,9427,2777,6.4266,315600,"<1H OCEAN"
26,797,117,383,114,6.8758,253800,"<1H OCEAN"
14,17527,2751,8380,2676,6.2734,267000,"<1H OCEAN"
26,3638,557,1993,593,6.1076,221200,"<1H OCEAN"
11,21533,3078,9671,2890,7.0329,368300,"<1H OCEAN"
7,27700,4179,15037,4072,6.6288,339700,"<1H OCEAN"
19,6300,937,3671,943,5.9716,262100,"<1H OCEAN"
16,3552,575,2120,573,6.4333,271500,"<1H OCEAN"
4,9959,1544,4904,1429,6.9754,402500,"<1H OCEAN"
24,3128,497,1406,472,7.5286,462700,"<1H OCEAN"
23,1160,166,467,178,8.105,386200,"<1H OCEAN"
32,761,101,295,95,11.1077,500001,"<1H OCEAN"
31,2524,349,1003,343,7.5196,380900,"<1H OCEAN"
33,4518,716,2037,764,5.6015,267200,"<1H OCEAN"
21,4723,882,2210,768,3.8167,258700,"<1H OCEAN"
22,5179,944,2315,884,4.51,189900,"<1H OCEAN"
29,3855,585,2205,609,5.5496,218200,"<1H OCEAN"
16,4556,639,2066,651,6.4667,263900,"<1H OCEAN"
26,3408,542,1664,543,6.1498,239100,"<1H OCEAN"
25,2208,477,1084,424,3.775,191700,"<1H OCEAN"
31,1484,327,927,317,3.6484,189600,"<1H OCEAN"
32,3357,621,1696,604,4.2685,216600,"<1H OCEAN"
36,1811,320,1005,332,5.5629,188300,"<1H OCEAN"
36,1267,191,640,200,5.2405,220000,"<1H OCEAN"
33,3630,800,2257,796,3.2469,206900,"<1H OCEAN"
29,3416,790,2223,728,3.5109,186000,"<1H OCEAN"
23,2535,490,1327,466,3.5977,180600,"<1H OCEAN"
29,1185,197,588,196,5.0832,196900,"<1H OCEAN"
15,6409,1363,3359,1267,3.875,173300,"<1H OCEAN"
17,7836,1624,4419,1526,3.8465,180700,"<1H OCEAN"
27,1748,403,985,416,3.1133,180600,"INLAND"
33,2059,361,1073,339,4.2454,183800,"<1H OCEAN"
33,1485,274,1006,258,5.1708,158500,"<1H OCEAN"
34,912,165,522,150,4.0417,178000,"<1H OCEAN"
34,1004,220,772,217,3.8571,174500,"<1H OCEAN"
23,4066,819,2105,737,4.6556,199600,"<1H OCEAN"
34,1324,211,799,228,4.5234,192200,"<1H OCEAN"
30,3082,602,2008,619,4.1411,182700,"<1H OCEAN"
35,1470,241,885,246,4.9239,168800,"<1H OCEAN"
35,1574,276,1088,289,4.0938,165300,"<1H OCEAN"
36,806,147,446,153,4.5221,151300,"<1H OCEAN"
18,2923,670,1751,656,3.2383,157000,"<1H OCEAN"
35,1447,272,1224,268,3.9934,141900,"<1H OCEAN"
35,1566,321,1396,317,4.05,141300,"<1H OCEAN"
27,2434,535,1623,498,3.6875,140200,"<1H OCEAN"
37,1286,255,1047,249,4.2019,140100,"<1H OCEAN"
25,2559,654,1674,623,2.8547,155600,"<1H OCEAN"
36,2029,351,1327,364,4.1836,164300,"<1H OCEAN"
34,2159,386,1443,385,4.1995,147400,"<1H OCEAN"
25,3076,856,2868,752,2.6619,117600,"<1H OCEAN"
32,1640,391,1312,358,2.6292,136100,"<1H OCEAN"
5,1126,316,819,311,1.5,139800,"<1H OCEAN"
37,1801,422,1564,425,3.1597,133000,"<1H OCEAN"
33,1788,456,1787,361,2.6629,124100,"<1H OCEAN"
33,1555,361,1571,386,4.0529,138200,"<1H OCEAN"
35,957,194,804,221,3.3322,151400,"<1H OCEAN"
34,1540,328,1037,317,2.2132,138500,"<1H OCEAN"
42,1762,398,1526,365,2.8643,132600,"INLAND"
41,2673,578,2259,592,3.7846,145500,"<1H OCEAN"
33,1391,309,1038,298,4.1944,149500,"<1H OCEAN"
32,2552,576,2161,548,2.9459,144400,"<1H OCEAN"
36,294,67,266,80,3.5385,134400,"INLAND"
23,4776,1316,4797,1187,2.1667,142600,"<1H OCEAN"
20,3158,684,2396,713,3.525,153000,"<1H OCEAN"
24,2838,695,2151,645,3.2202,126200,"<1H OCEAN"
31,1239,254,929,244,3.3625,153400,"<1H OCEAN"
18,123,28,121,26,3.0417,137500,"INLAND"
11,2399,527,2307,531,3.5625,141000,"INLAND"
31,1507,369,1548,347,3.4327,147200,"INLAND"
15,3543,888,3131,823,3.0184,139400,"INLAND"
28,441,106,504,108,2.9107,152500,"INLAND"
32,2491,616,2660,595,2.564,145800,"INLAND"
34,1696,456,1609,426,2.25,138500,"INLAND"
35,1681,360,1648,373,2.4911,145900,"INLAND"
35,1032,207,954,191,2.8906,134800,"INLAND"
8,2027,480,1781,447,3.0806,142400,"INLAND"
30,2227,474,1961,481,3.3261,164100,"INLAND"
32,2910,709,2583,670,3.7736,158400,"<1H OCEAN"
20,2063,496,1573,468,3.2,157100,"<1H OCEAN"
22,1438,364,1325,335,2.7802,162500,"<1H OCEAN"
17,3640,830,3537,807,3.4784,152200,"INLAND"
22,5661,1209,5389,1178,3.7727,159700,"INLAND"
31,3073,617,2640,594,3.5,161300,"INLAND"
27,3569,761,3339,762,4.1304,160500,"INLAND"
29,1986,448,2013,432,3.1034,140800,"INLAND"
35,4036,904,3878,846,3.2957,141600,"INLAND"
33,1558,316,1600,338,2.9712,143900,"INLAND"
26,1399,277,1285,276,4,160100,"INLAND"
30,2686,613,2477,573,3.4427,160800,"INLAND"
6,1954,534,1584,496,3.1621,131000,"INLAND"
30,2775,657,2847,642,3.2266,141800,"INLAND"
31,2779,639,2259,670,3.4032,143400,"INLAND"
21,2215,484,1792,419,2.8375,166500,"<1H OCEAN"
34,2278,476,1728,448,3.125,154100,"<1H OCEAN"
18,1179,324,1296,331,2.851,140600,"<1H OCEAN"
39,1076,338,1242,332,2.2679,151800,"<1H OCEAN"
33,4151,850,3563,848,3.1912,159900,"<1H OCEAN"
28,2831,552,2330,557,3.9741,173100,"<1H OCEAN"
21,2707,675,1742,626,2.1062,176700,"<1H OCEAN"
32,2704,514,1669,497,4.4653,195400,"<1H OCEAN"
34,1970,476,1269,406,4.064,201200,"<1H OCEAN"
35,2393,417,1336,418,4.87,187700,"<1H OCEAN"
37,1137,203,672,226,3.2969,189000,"<1H OCEAN"
37,1987,399,1279,378,4.1172,176500,"<1H OCEAN"
34,2192,431,1376,428,3.9861,163900,"<1H OCEAN"
35,782,153,499,163,4.2062,161300,"<1H OCEAN"
35,1891,353,1093,382,4.0167,165500,"<1H OCEAN"
37,1185,225,769,235,4.4625,154200,"<1H OCEAN"
36,1285,228,679,231,3.8705,191900,"<1H OCEAN"
35,2108,408,1257,414,4.1312,185200,"<1H OCEAN"
34,1409,305,819,273,3.3977,188800,"<1H OCEAN"
36,1371,246,806,241,4.5078,187100,"<1H OCEAN"
35,689,128,379,128,3.9583,206000,"<1H OCEAN"
36,1597,285,901,272,4.3947,197000,"<1H OCEAN"
36,1788,317,1139,320,4.125,185800,"<1H OCEAN"
33,2325,452,1170,445,3.6625,217100,"<1H OCEAN"
35,1443,266,861,262,3.5795,186900,"<1H OCEAN"
36,1479,251,741,245,4.2986,189600,"<1H OCEAN"
35,1860,323,1011,305,3.5536,207000,"<1H OCEAN"
35,1897,311,965,323,5.7039,199400,"<1H OCEAN"
28,3694,722,1999,718,3.2813,181100,"<1H OCEAN"
20,4327,1037,2296,963,3.0441,185400,"<1H OCEAN"
35,1810,318,1164,332,5.0123,165700,"<1H OCEAN"
33,1921,397,1492,393,4.375,150500,"<1H OCEAN"
31,3007,653,1766,616,3.7083,166000,"<1H OCEAN"
35,2746,478,1779,501,4.25,166700,"<1H OCEAN"
35,2994,603,1933,561,4.0052,160700,"<1H OCEAN"
27,3341,728,1762,679,2.9437,180400,"<1H OCEAN"
35,3185,544,1858,564,3.8304,175900,"<1H OCEAN"
34,2048,411,1456,416,3.125,168600,"<1H OCEAN"
35,2739,475,1481,483,4.5655,176600,"<1H OCEAN"
34,1562,272,825,266,4.125,220800,"<1H OCEAN"
32,2068,356,976,370,5.212,201200,"<1H OCEAN"
37,1055,280,538,206,2.4167,181300,"<1H OCEAN"
35,1205,330,583,319,2.3971,188900,"<1H OCEAN"
37,1813,394,1100,375,3.4453,176700,"<1H OCEAN"
39,1726,333,892,335,4.3409,191800,"<1H OCEAN"
30,6132,1538,3147,1449,2.7763,187800,"<1H OCEAN"
35,1711,335,825,356,3.5,215600,"<1H OCEAN"
25,2115,489,1107,477,3.1949,207400,"<1H OCEAN"
32,2374,450,1580,427,3.8837,200300,"<1H OCEAN"
32,5482,1251,3426,1117,3.2943,204400,"<1H OCEAN"
25,3652,470,1525,484,10.1248,428500,"<1H OCEAN"
23,6689,1124,3081,1047,5.9254,491200,"<1H OCEAN"
35,1313,194,599,209,7.5,287200,"<1H OCEAN"
33,1701,290,831,275,5.4469,274700,"<1H OCEAN"
33,1330,209,578,192,5.6406,266200,"<1H OCEAN"
35,1439,261,804,271,3.9808,188600,"<1H OCEAN"
35,1646,294,1056,280,3.055,172000,"<1H OCEAN"
35,834,137,392,123,4.5179,218800,"<1H OCEAN"
34,2956,469,1488,464,5.3664,268300,"<1H OCEAN"
36,1009,164,466,149,5.8519,249400,"<1H OCEAN"
36,1390,270,887,266,5.0897,189000,"<1H OCEAN"
33,2938,561,1519,549,4.5594,204200,"<1H OCEAN"
34,2819,609,1718,558,3.5547,197600,"<1H OCEAN"
36,1057,207,658,207,4.7708,191700,"<1H OCEAN"
29,1699,399,1052,411,3.2122,195500,"<1H OCEAN"
29,3250,521,1382,513,5.112,218300,"<1H OCEAN"
35,2894,467,1420,479,5.184,224900,"<1H OCEAN"
37,1505,262,798,259,5.4635,202100,"<1H OCEAN"
35,1022,183,628,187,3.9375,187500,"<1H OCEAN"
36,1340,221,848,244,4.1731,205100,"<1H OCEAN"
32,3055,623,1902,565,4.2926,190700,"<1H OCEAN"
38,175,22,129,20,9.7066,182500,"<1H OCEAN"
28,3342,688,2210,647,3.4596,202800,"<1H OCEAN"
34,1428,227,890,249,5.8722,204800,"<1H OCEAN"
32,3418,662,2003,622,4.0333,210200,"<1H OCEAN"
34,1921,422,1230,447,3.6648,193900,"<1H OCEAN"
36,1207,209,683,213,5.3559,207300,"<1H OCEAN"
25,1814,404,1187,363,3.3523,170800,"<1H OCEAN"
37,1375,260,951,272,3.2083,195200,"<1H OCEAN"
32,2252,415,1370,411,4.6312,184800,"<1H OCEAN"
35,2819,529,1508,485,4.6118,191700,"<1H OCEAN"
34,2226,381,1464,365,4.4102,183200,"<1H OCEAN"
31,2017,462,1462,457,2.067,167300,"<1H OCEAN"
33,1452,268,1274,278,3.6563,162700,"<1H OCEAN"
34,3580,684,2786,636,4.0469,166800,"<1H OCEAN"
33,1353,228,1079,237,4.5417,160300,"<1H OCEAN"
36,2391,407,1967,398,4.0274,160700,"<1H OCEAN"
35,2342,426,2176,416,3.7454,156900,"<1H OCEAN"
35,1792,317,1441,306,3.7917,151100,"<1H OCEAN"
33,2028,422,1727,371,2.8438,157600,"<1H OCEAN"
36,931,160,746,201,3.1667,158000,"<1H OCEAN"
36,1299,206,763,216,3.5179,161400,"<1H OCEAN"
34,2050,495,1832,465,2.8333,155700,"<1H OCEAN"
33,1560,315,1467,313,4.1429,159800,"<1H OCEAN"
34,2547,537,2108,498,3.4722,154600,"<1H OCEAN"
32,1507,295,1326,324,4.119,163300,"<1H OCEAN"
28,1686,417,1355,388,2.5192,157300,"<1H OCEAN"
35,1623,331,1462,312,3.9803,152600,"<1H OCEAN"
33,1453,326,1609,319,3.7578,155800,"<1H OCEAN"
35,804,159,727,179,2.7361,145700,"<1H OCEAN"
35,1254,263,1092,268,4.6364,163100,"<1H OCEAN"
36,1475,270,1149,284,3.0904,158600,"<1H OCEAN"
35,1309,276,1113,253,4.375,156500,"<1H OCEAN"
36,1044,200,982,205,4.7679,153900,"<1H OCEAN"
35,1141,212,924,212,3.1591,148300,"<1H OCEAN"
33,1458,268,1115,257,4.7955,158100,"<1H OCEAN"
34,1381,265,1020,268,4.025,146900,"<1H OCEAN"
32,1993,388,1385,380,3.7258,181900,"<1H OCEAN"
34,1729,324,1341,324,3.7708,163500,"<1H OCEAN"
36,1431,354,1367,334,3.5592,160200,"<1H OCEAN"
34,1403,274,977,257,3.8409,163000,"<1H OCEAN"
34,1519,304,1262,300,3.3409,161200,"<1H OCEAN"
31,2349,539,2028,521,3.494,154500,"<1H OCEAN"
33,1493,331,1571,354,3.8864,158900,"<1H OCEAN"
27,2610,846,2296,750,2.274,150800,"<1H OCEAN"
35,1499,289,1112,268,3.83,149000,"<1H OCEAN"
35,1375,249,1015,239,4.0521,151800,"<1H OCEAN"
33,1782,394,1517,376,3.3389,157900,"<1H OCEAN"
23,3188,836,3883,840,2.1863,157600,"<1H OCEAN"
33,1733,361,1757,375,4.2266,153800,"<1H OCEAN"
27,5026,955,3899,930,3.871,162900,"<1H OCEAN"
19,1129,258,900,228,3.875,135600,"<1H OCEAN"
22,1919,411,1203,363,4.2578,144100,"<1H OCEAN"
35,1341,233,898,216,4.1118,157300,"<1H OCEAN"
32,1819,375,1728,375,3.975,162400,"<1H OCEAN"
35,1469,306,1285,308,3.9219,159500,"<1H OCEAN"
35,2160,399,1694,403,3.8581,163100,"<1H OCEAN"
30,2246,446,1837,431,4.7917,164500,"<1H OCEAN"
23,6361,1168,4580,1109,4.9342,181000,"<1H OCEAN"
30,1336,239,905,253,4.8854,178100,"<1H OCEAN"
15,11989,2185,6652,2081,4.5554,278300,"<1H OCEAN"
33,629,76,253,75,7.6286,330400,"<1H OCEAN"
15,8749,1761,5278,1691,4.6324,168800,"<1H OCEAN"
36,2241,419,1743,448,4.6587,161900,"<1H OCEAN"
16,6756,1332,4429,1299,4.7589,178200,"<1H OCEAN"
21,5459,1086,3394,1087,3.6308,192100,"<1H OCEAN"
23,4535,955,3881,930,3.6275,154100,"<1H OCEAN"
27,1702,381,2091,352,3.7917,131100,"<1H OCEAN"
27,2383,472,2079,494,3.9702,141400,"<1H OCEAN"
17,5973,1384,4349,1229,3.2799,199300,"<1H OCEAN"
15,14058,2486,8997,2497,5.0704,226200,"<1H OCEAN"
35,3055,634,3738,615,3.375,127200,"<1H OCEAN"
29,1468,310,1390,276,3.75,190600,"<1H OCEAN"
33,349,124,460,83,2.375,133300,"<1H OCEAN"
21,797,162,484,166,2.625,191100,"<1H OCEAN"
18,8076,1789,5325,1707,3.443,171900,"<1H OCEAN"
36,116,30,193,35,3.8125,136300,"<1H OCEAN"
32,265,51,170,50,3.9375,187500,"<1H OCEAN"
22,3272,618,1784,591,4.0324,211300,"<1H OCEAN"
21,2837,515,2031,555,4.9271,209700,"<1H OCEAN"
37,682,172,813,173,3.8125,138000,"<1H OCEAN"
30,4468,959,4027,938,3.185,168300,"<1H OCEAN"
27,5640,1001,3538,978,5.065,215400,"<1H OCEAN"
25,6909,1154,3912,1121,5.257,226100,"<1H OCEAN"
32,2945,651,2044,652,3.1979,183900,"<1H OCEAN"
33,3512,632,1971,598,4.4653,193200,"<1H OCEAN"
27,2643,418,1344,381,5.7057,262100,"<1H OCEAN"
26,2988,397,1371,415,6.6988,382500,"<1H OCEAN"
21,5992,986,2647,969,5.2405,302400,"<1H OCEAN"
33,3530,700,2959,679,3.7459,152900,"<1H OCEAN"
33,2006,381,1410,346,3.7083,165500,"<1H OCEAN"
28,1983,375,1407,367,3.8319,179000,"<1H OCEAN"
22,5284,982,2613,932,4.7332,289900,"<1H OCEAN"
22,3632,538,1968,566,6.019,324900,"<1H OCEAN"
26,3343,455,1429,457,7.0778,334300,"<1H OCEAN"
27,2275,346,1039,333,6.2217,333500,"<1H OCEAN"
18,8399,1144,3727,1107,6.9695,360400,"<1H OCEAN"
34,2376,468,1858,449,4.1328,176300,"<1H OCEAN"
33,5462,952,3527,914,4.4038,186700,"<1H OCEAN"
34,2777,540,1954,522,4.5163,183800,"<1H OCEAN"
10,16414,2919,8907,2714,6.1552,362500,"<1H OCEAN"
15,16042,2602,7732,2552,5.6716,330400,"<1H OCEAN"
18,6100,1018,3112,982,4.9932,284000,"<1H OCEAN"
15,3978,692,2418,665,5.0142,269900,"<1H OCEAN"
24,1219,177,610,185,6.7978,325000,"<1H OCEAN"
25,1075,138,451,132,6.8492,332200,"<1H OCEAN"
25,1348,210,660,200,5.2852,297600,"<1H OCEAN"
25,2799,388,1348,389,6.2517,311100,"<1H OCEAN"
23,3335,570,1560,555,5.7268,300300,"<1H OCEAN"
25,1259,184,599,170,5.7407,302200,"<1H OCEAN"
16,19059,3079,10988,3061,5.5469,265200,"<1H OCEAN"
5,3088,711,1415,641,2.5125,184500,"<1H OCEAN"
20,9893,2283,7228,2159,3.253,186700,"<1H OCEAN"
23,7353,1255,4014,1124,5.4155,213200,"<1H OCEAN"
52,1171,318,1126,276,1.9762,105800,"INLAND"
52,62,9,44,16,0.4999,112500,"INLAND"
4,1391,506,727,369,1.4722,137500,"INLAND"
27,437,108,469,97,1.7206,107500,"INLAND"
37,378,92,503,103,2.1908,94600,"INLAND"
44,477,135,502,117,2.0156,112500,"INLAND"
52,24,6,46,7,1.625,67500,"INLAND"
33,859,144,421,138,4.4821,220100,"INLAND"
17,7116,1089,3538,1083,6.2654,273800,"INLAND"
33,1620,283,868,275,5.411,219400,"INLAND"
13,3859,710,2283,759,4.5594,184500,"INLAND"
33,1943,440,1526,353,3.038,137500,"INLAND"
27,2221,542,1328,523,2.5275,151700,"INLAND"
33,1994,405,993,403,3.766,163900,"INLAND"
9,907,207,619,194,3.9464,179600,"INLAND"
15,3595,964,1839,877,2.6014,150300,"INLAND"
33,1328,348,903,329,3.1094,136000,"INLAND"
42,683,127,541,138,3.4375,151700,"INLAND"
24,1596,388,1329,352,3.0417,148000,"INLAND"
33,2038,473,1546,469,3.4777,144500,"INLAND"
37,1447,309,1279,290,4.0083,142900,"INLAND"
29,2110,460,1890,448,3.6806,130500,"INLAND"
33,2474,472,1268,437,6.4576,500001,"INLAND"
35,5005,848,2112,813,4.9968,295000,"INLAND"
42,1020,156,398,157,6.101,311800,"INLAND"
47,1745,270,753,275,5.532,318500,"INLAND"
38,2981,432,1063,437,6.5254,365000,"INLAND"
40,3838,696,1851,674,4.2407,262000,"INLAND"
52,1354,227,531,206,4.8059,270600,"INLAND"
48,3436,673,1540,648,4.275,256800,"INLAND"
52,2234,472,986,439,3.9125,265500,"INLAND"
44,2419,437,1045,432,3.875,280800,"INLAND"
32,3868,548,1558,528,9.4667,500001,"INLAND"
36,1640,239,693,253,6.6888,500001,"INLAND"
43,1694,283,674,267,4.1797,486800,"INLAND"
44,2267,426,980,372,3.6,307400,"INLAND"
38,2726,398,1059,380,7.2419,410400,"INLAND"
45,2535,455,1036,437,5.0482,388900,"INLAND"
52,1885,401,764,373,4.0385,265700,"INLAND"
37,3134,532,1220,508,5.2865,455400,"INLAND"
38,1594,249,633,247,5.9582,350700,"INLAND"
36,3908,732,1688,725,4.5625,376800,"INLAND"
41,3320,713,1236,659,3.5694,278600,"INLAND"
46,1467,298,816,267,3.6705,286500,"INLAND"
34,2297,419,909,412,4.8214,362500,"INLAND"
35,3585,671,1401,623,4.125,330000,"INLAND"
36,1401,218,667,225,7.1615,484700,"INLAND"
39,2731,366,1034,338,9.8098,500001,"INLAND"
32,5131,665,1877,622,8.2004,500001,"INLAND"
37,1980,226,697,226,15.0001,500001,"INLAND"
39,2125,295,862,303,8.9728,500001,"INLAND"
40,4307,918,1769,845,3.6341,391500,"INLAND"
42,2461,379,1179,360,7.0315,437300,"INLAND"
40,2662,379,1151,387,8.4889,500001,"INLAND"
44,1446,250,721,243,4.7308,352200,"INLAND"
22,3359,643,1227,588,4.645,276200,"INLAND"
34,1523,311,676,295,3.3621,377200,"INLAND"
35,249,31,268,29,15.0001,500001,"INLAND"
23,3264,729,1475,668,3.735,218300,"INLAND"
28,12139,2873,5359,2731,3.292,227300,"INLAND"
34,1077,257,478,199,2.6316,252800,"INLAND"
32,3308,718,1803,667,3.9464,273600,"INLAND"
31,4353,1117,2338,1037,3.0727,242600,"INLAND"
36,1332,217,648,203,4.7159,365900,"INLAND"
33,2874,458,1239,431,5.2329,430900,"INLAND"
34,1966,319,980,297,7.7307,429000,"INLAND"
33,2352,373,995,359,4.9583,445700,"INLAND"
37,2250,360,989,329,6.1536,366000,"INLAND"
35,2454,458,1110,435,3.8029,414800,"INLAND"
36,1471,246,751,230,5.4555,395100,"INLAND"
38,1778,288,870,281,6.5784,408500,"INLAND"
34,2837,460,1344,458,6.5722,437400,"INLAND"
20,3350,831,1816,744,2.8352,161700,"INLAND"
23,3425,754,2202,729,3.52,187300,"INLAND"
31,6854,1578,4131,1524,3.5878,222800,"INLAND"
44,2492,611,1951,596,3.1304,185600,"INLAND"
43,2583,633,1544,617,2.5417,178300,"INLAND"
32,6597,1579,3689,1459,3.2377,184100,"INLAND"
27,6341,1289,2899,1192,3.6336,235200,"INLAND"
24,2584,520,1869,503,3.2841,167000,"INLAND"
31,1298,431,1131,425,1.0548,178100,"INLAND"
39,1302,303,800,291,3.2723,166900,"INLAND"
35,1005,224,742,221,3.5481,158100,"INLAND"
37,1568,371,1618,350,2.9605,129400,"INLAND"
37,1527,331,1504,324,3.2857,130100,"INLAND"
35,1040,231,1040,242,2.5395,139200,"INLAND"
37,1340,325,928,333,3.9219,175000,"INLAND"
42,870,170,546,164,4.625,173800,"INLAND"
38,3374,671,1906,640,4.0729,212300,"INLAND"
43,1185,207,657,198,4.5491,214800,"INLAND"
32,1937,332,922,340,3.94,278400,"INLAND"
32,1978,536,826,470,2.5114,212200,"INLAND"
43,1858,345,1054,329,3.5625,211600,"INLAND"
36,1722,320,794,322,4.2132,212200,"INLAND"
36,1928,361,1008,368,4.733,233700,"INLAND"
36,452,80,248,83,1.9688,226000,"INLAND"
39,1504,280,718,261,4.625,219000,"INLAND"
38,2301,416,1079,398,4.4236,233600,"INLAND"
30,2773,634,1376,540,2.7857,201700,"INLAND"
31,2647,539,1473,520,3.94,223900,"INLAND"
32,2668,609,1512,541,2.9422,233100,"INLAND"
38,2076,361,988,332,5.9175,416900,"INLAND"
44,773,120,405,121,5,447100,"INLAND"
37,1275,177,598,174,7.1885,500001,"INLAND"
42,3677,627,1779,622,5.1509,426500,"INLAND"
39,2485,382,1072,342,6.0878,430200,"INLAND"
39,2522,380,1113,357,5.2249,445200,"INLAND"
44,2007,288,921,307,6.5989,500001,"INLAND"
30,2170,318,984,309,5.6916,500001,"INLAND"
20,5218,959,2302,850,3.55,476700,"INLAND"
25,3891,848,1848,759,3.6639,248100,"INLAND"
34,2941,558,1660,576,4.5667,271500,"INLAND"
35,2053,369,1044,375,4.1875,275400,"INLAND"
48,1410,304,677,274,3.2596,272400,"INLAND"
36,2178,485,914,412,2.7656,239500,"INLAND"
39,2603,547,1196,487,3.0854,248700,"INLAND"
39,2302,412,1590,406,4.8017,273800,"INLAND"
36,1606,318,889,294,4.7931,272600,"INLAND"
38,3229,636,1599,609,3.8646,257100,"<1H OCEAN"
42,1576,313,697,282,4.3523,283600,"<1H OCEAN"
43,1833,355,786,334,3.5761,256700,"<1H OCEAN"
38,2438,442,1308,461,3.6995,260100,"<1H OCEAN"
38,2317,451,1155,426,4.1488,235300,"INLAND"
34,2597,461,1542,470,4.6211,248900,"INLAND"
30,2143,427,1107,416,4.2321,252200,"INLAND"
42,2065,404,1313,402,4.0179,274300,"INLAND"
38,2036,388,1096,371,4.0625,262500,"<1H OCEAN"
38,1960,330,874,308,4.8594,265900,"<1H OCEAN"
36,1239,238,717,237,3.244,258100,"<1H OCEAN"
40,1975,389,1116,378,4.2898,251600,"<1H OCEAN"
40,1745,370,1293,357,2.5474,198100,"<1H OCEAN"
35,1224,267,887,276,4.0987,202400,"<1H OCEAN"
33,2557,578,1715,530,2.9196,208800,"<1H OCEAN"
34,1823,457,1485,401,3.7222,207200,"<1H OCEAN"
32,3214,718,2316,751,3.7066,206800,"<1H OCEAN"
34,2001,388,1461,397,3.8304,183000,"INLAND"
35,1148,258,975,253,4.037,173300,"<1H OCEAN"
32,1339,334,817,349,2.8333,186000,"INLAND"
23,602,135,409,123,3.5268,146400,"<1H OCEAN"
32,1747,399,1199,402,3.4286,191800,"INLAND"
29,2741,667,2449,677,3.6944,175200,"INLAND"
24,2080,514,1976,478,2.6917,170000,"INLAND"
29,1219,338,1152,323,2.8029,180900,"INLAND"
32,1780,484,1732,454,2.4464,169600,"INLAND"
34,2249,460,1544,441,3.4005,176300,"INLAND"
29,3402,747,2331,690,3.6094,179200,"INLAND"
27,2424,542,1713,557,3.8085,181400,"INLAND"
35,2120,412,1375,405,3.4609,166300,"INLAND"
29,2003,401,1520,364,3.994,195300,"INLAND"
30,2281,522,1969,500,3.6531,166300,"INLAND"
28,2769,631,2452,581,2.6071,175900,"INLAND"
35,1852,358,1414,347,4.275,173600,"INLAND"
32,1613,361,1283,404,3.1944,181700,"INLAND"
23,1627,318,1279,289,4.6467,185100,"INLAND"
31,2402,632,2830,603,2.3333,164200,"INLAND"
37,775,179,726,183,3.25,159200,"INLAND"
42,1597,373,1311,352,2.9688,162800,"INLAND"
52,177,59,269,75,2.3611,131300,"<1H OCEAN"
34,572,154,752,182,2.0433,138800,"<1H OCEAN"
25,4909,1422,4983,1293,2.7254,143500,"<1H OCEAN"
30,1572,427,1857,428,2.4914,159200,"<1H OCEAN"
37,778,205,850,198,2.5119,180500,"<1H OCEAN"
34,1197,260,942,245,3.4202,189100,"<1H OCEAN"
42,1988,402,1239,402,3.2569,201500,"<1H OCEAN"
38,2462,553,1843,538,3.2312,211900,"<1H OCEAN"
19,1554,393,1427,370,3.125,207100,"<1H OCEAN"
37,1210,252,733,243,2.806,214600,"<1H OCEAN"
32,4492,1075,4119,1035,3.2373,183100,"<1H OCEAN"
30,2308,674,3034,691,2.3929,184400,"<1H OCEAN"
37,1091,269,905,242,3.1042,152000,"<1H OCEAN"
36,1018,305,1307,292,2.1453,162100,"<1H OCEAN"
39,1382,315,1090,308,3.8125,174000,"<1H OCEAN"
39,2451,649,2536,648,2.3098,173100,"<1H OCEAN"
22,6311,1572,6666,1456,2.9334,182600,"INLAND"
26,557,153,455,196,2.7721,155400,"INLAND"
24,5684,1485,6626,1481,2.2559,166800,"INLAND"
21,3245,959,3528,887,2.3236,156300,"INLAND"
31,1513,389,1396,364,2.4706,170600,"<1H OCEAN"
24,2343,834,3537,824,2.1094,135200,"<1H OCEAN"
27,2510,783,3481,726,2.4875,157800,"<1H OCEAN"
31,957,295,1300,287,2.1383,153400,"<1H OCEAN"
30,2019,551,2481,484,3.1875,154200,"<1H OCEAN"
39,1258,245,988,228,3.2132,176100,"<1H OCEAN"
32,2286,654,2991,655,2.1781,174500,"<1H OCEAN"
45,531,164,722,166,2.1406,162500,"<1H OCEAN"
25,1022,291,1570,297,3.023,142000,"<1H OCEAN"
28,2127,625,3160,620,2.5763,173900,"<1H OCEAN"
28,1778,605,2184,574,1.9189,165900,"<1H OCEAN"
31,1370,284,1062,277,3.5156,199300,"<1H OCEAN"
32,4089,975,3775,955,3.29,205500,"<1H OCEAN"
34,2873,718,2758,699,2.5985,168600,"<1H OCEAN"
32,1252,273,1337,263,2.6579,156800,"<1H OCEAN"
36,1084,202,920,199,3.7279,162200,"<1H OCEAN"
28,1516,363,1011,344,2.6288,160300,"<1H OCEAN"
24,2469,731,3818,712,2.5445,151400,"<1H OCEAN"
34,1058,230,1043,229,3.0536,137500,"<1H OCEAN"
35,1734,363,1527,344,3,160600,"<1H OCEAN"
32,1619,323,1492,342,3.5,165100,"<1H OCEAN"
36,21,7,21,9,2.375,175000,"<1H OCEAN"
26,2929,970,3792,817,2.2577,173800,"<1H OCEAN"
34,1610,513,2050,508,2.5562,156300,"<1H OCEAN"
36,1359,317,1557,370,2.7955,157500,"<1H OCEAN"
36,1345,331,1511,309,3.5129,142300,"<1H OCEAN"
31,1135,355,1717,368,2.1602,161700,"<1H OCEAN"
28,991,255,1145,265,2.3611,167000,"<1H OCEAN"
33,2464,627,2932,568,3.0625,165800,"<1H OCEAN"
28,6175,1449,5041,1408,2.8821,158100,"<1H OCEAN"
34,3113,409,1139,418,10.2289,500001,"INLAND"
34,4062,597,1525,566,7.8588,454800,"INLAND"
36,2415,394,1215,413,5.5418,326100,"INLAND"
35,2142,373,986,374,5.7051,326000,"INLAND"
39,2321,336,880,339,7.7108,450000,"INLAND"
50,1430,186,620,201,9.532,483300,"INLAND"
52,2405,299,970,319,8.7835,444100,"INLAND"
36,4915,725,1897,700,6.827,359400,"INLAND"
46,2676,427,1022,395,6.4288,295500,"INLAND"
48,2539,425,930,364,4.7269,303900,"INLAND"
36,1449,235,621,210,6.1824,274100,"INLAND"
45,1213,206,529,231,5.6629,234000,"INLAND"
46,1271,236,573,210,4.9312,240200,"INLAND"
43,1621,365,1015,329,2.92,242200,"INLAND"
45,3595,619,1686,607,4.73,201000,"INLAND"
39,2569,426,1282,432,5.0953,207400,"INLAND"
37,1997,361,1037,363,3.7932,210300,"INLAND"
52,1786,306,1018,322,4.1518,182100,"INLAND"
46,1505,261,857,269,4.5,184200,"INLAND"
34,2765,515,1422,438,5.4727,238900,"INLAND"
48,1854,360,1126,382,3.2216,161600,"<1H OCEAN"
47,1717,314,868,295,3.6094,160700,"<1H OCEAN"
40,1840,358,1218,347,4.25,177900,"<1H OCEAN"
43,1810,343,988,307,3.8203,176000,"<1H OCEAN"
40,1983,298,853,271,5.9845,241700,"<1H OCEAN"
32,10626,1504,4353,1482,9.8413,500001,"<1H OCEAN"
37,2260,322,941,303,8.3695,500001,"<1H OCEAN"
44,1473,250,668,239,8.72,415900,"<1H OCEAN"
41,2031,294,859,302,7.419,483700,"<1H OCEAN"
41,1602,228,680,225,6.553,500001,"<1H OCEAN"
40,1477,228,609,224,7.8375,500001,"<1H OCEAN"
42,1493,237,665,224,6.7571,443900,"<1H OCEAN"
41,1676,263,757,255,4.7734,450800,"<1H OCEAN"
34,3296,483,1268,478,8.4802,500001,"<1H OCEAN"
39,3008,386,1240,370,9.2463,500001,"<1H OCEAN"
39,2686,417,1094,402,7.0059,500001,"<1H OCEAN"
37,1376,237,618,226,5.9771,431800,"<1H OCEAN"
35,3646,552,1409,534,6.3794,500001,"<1H OCEAN"
44,2890,438,1219,429,6.987,500001,"<1H OCEAN"
34,2061,260,825,254,15.0001,500001,"<1H OCEAN"
38,2176,266,798,243,15.0001,500001,"<1H OCEAN"
43,4269,591,1467,582,9.0702,500001,"<1H OCEAN"
34,5012,746,1699,715,9.4987,500001,"<1H OCEAN"
46,2230,488,1985,456,2.2328,142100,"<1H OCEAN"
46,2553,558,1740,492,2.0278,127500,"<1H OCEAN"
44,1870,389,1345,391,1.8932,136100,"<1H OCEAN"
48,568,145,559,135,2.4135,135700,"<1H OCEAN"
52,1193,228,703,221,3.1741,163800,"<1H OCEAN"
44,1401,246,607,271,2.8472,218800,"<1H OCEAN"
42,1521,320,1118,311,3.3125,154900,"<1H OCEAN"
42,2076,462,1641,436,2.2326,149200,"<1H OCEAN"
44,2195,449,1377,417,3.5887,153500,"<1H OCEAN"
38,1280,231,828,237,4.375,166700,"<1H OCEAN"
45,1790,316,1035,312,4.0985,173100,"<1H OCEAN"
42,2203,412,1012,377,4.0714,234000,"INLAND"
47,3457,622,1700,579,3.5164,226500,"<1H OCEAN"
49,1678,277,737,287,3.7222,237000,"INLAND"
38,1750,411,1398,409,2.3967,163100,"<1H OCEAN"
47,2168,352,902,361,5.894,300900,"INLAND"
52,3571,510,1434,490,5.9009,376000,"INLAND"
44,2357,342,891,337,6.3467,352700,"INLAND"
52,3094,519,1309,488,6.4223,310900,"INLAND"
46,1774,315,753,330,4.7241,279600,"INLAND"
48,1111,229,421,202,3.2813,268100,"INLAND"
50,3374,598,1484,569,4.99,261600,"INLAND"
46,2837,592,1453,549,3.1115,234600,"INLAND"
47,2344,513,1537,481,3.4777,230600,"INLAND"
52,1464,211,603,226,5.8309,309100,"INLAND"
37,2705,676,1551,608,2.2692,225000,"INLAND"
52,1835,330,777,317,3.7159,315400,"INLAND"
52,1784,368,966,345,3.6094,261500,"<1H OCEAN"
52,1700,317,996,329,3.9688,175000,"<1H OCEAN"
52,2667,486,1681,504,4.0524,173100,"<1H OCEAN"
42,2757,713,2112,653,2.7148,166800,"<1H OCEAN"
50,1493,326,1000,323,3.3068,154400,"<1H OCEAN"
40,1054,251,1056,276,2.3,146700,"<1H OCEAN"
45,2612,664,3117,584,2.3029,148800,"<1H OCEAN"
18,1711,383,1474,415,1.2891,181300,"<1H OCEAN"
38,2471,529,1661,441,2.2765,146600,"<1H OCEAN"
44,1284,278,925,261,1.7321,178400,"<1H OCEAN"
46,1508,261,674,255,3.5909,155400,"<1H OCEAN"
43,1276,226,545,209,4.1518,230700,"<1H OCEAN"
52,1576,239,696,249,6.07,261800,"<1H OCEAN"
19,1721,290,571,278,6.6031,500001,"<1H OCEAN"
17,821,163,229,164,7.3715,263000,"<1H OCEAN"
39,2776,840,2546,773,2.575,153500,"<1H OCEAN"
52,407,160,227,148,1.5156,187500,"<1H OCEAN"
52,275,123,273,111,1.1667,500001,"<1H OCEAN"
52,1925,597,2258,594,1.6921,162500,"<1H OCEAN"
49,806,199,698,172,2.3654,137500,"<1H OCEAN"
34,2384,604,2073,540,2.3062,158000,"<1H OCEAN"
30,2598,757,2869,769,2.1377,142300,"<1H OCEAN"
20,2410,632,2135,578,1.6887,148600,"<1H OCEAN"
36,930,280,1024,300,1.0846,146400,"<1H OCEAN"
49,1962,435,1329,457,3.2898,2e+05,"<1H OCEAN"
36,2973,807,2846,784,2.6217,156300,"<1H OCEAN"
52,2687,600,1716,544,2.7201,205700,"<1H OCEAN"
36,2162,658,1337,590,2.2095,176700,"<1H OCEAN"
24,1125,341,579,321,2.8125,141700,"<1H OCEAN"
41,1256,407,855,383,1.9923,500001,"<1H OCEAN"
17,1896,674,971,652,0.8438,175000,"<1H OCEAN"
38,1843,565,1449,524,2.2174,215400,"<1H OCEAN"
30,1762,416,940,398,2.8631,188600,"<1H OCEAN"
33,2682,716,2050,692,2.4817,169500,"<1H OCEAN"
18,1665,477,1095,390,2.6038,155600,"<1H OCEAN"
19,557,216,673,212,2.1763,168800,"<1H OCEAN"
22,1671,480,1005,443,3.0119,171400,"<1H OCEAN"
9,2099,625,1252,554,3.1875,173100,"<1H OCEAN"
28,1119,334,739,323,2.5903,125000,"<1H OCEAN"
52,2948,542,1363,495,4.7098,287900,"INLAND"
52,1872,357,984,364,4,250400,"<1H OCEAN"
52,1596,314,1024,292,3.6719,227900,"<1H OCEAN"
52,1787,427,1107,410,2.5664,215000,"<1H OCEAN"
36,2875,552,1131,458,4.3083,269300,"INLAND"
44,2795,496,1235,469,4.2386,283700,"INLAND"
44,4505,894,2296,899,3.4811,300500,"INLAND"
52,2166,483,1308,467,3.0417,222600,"INLAND"
52,3158,459,1229,444,5.4223,325600,"INLAND"
52,2489,437,1101,438,4.2065,320300,"INLAND"
52,1353,274,852,306,3.4583,239900,"INLAND"
40,1950,509,1038,438,2.6172,196100,"<1H OCEAN"
26,2193,558,1186,559,3.6474,184100,"<1H OCEAN"
35,1760,447,984,384,3.4167,198200,"<1H OCEAN"
52,2218,437,1211,422,5.0237,241900,"<1H OCEAN"
46,2863,513,1412,498,5.3272,330200,"INLAND"
32,978,227,543,211,3.0096,199000,"INLAND"
14,1442,369,782,343,2.7431,177500,"INLAND"
42,3490,665,1713,620,4.5461,242400,"INLAND"
46,271,74,150,55,2.2321,237500,"INLAND"
52,670,141,268,110,3.5568,205000,"INLAND"
49,1467,259,688,260,4.3452,260100,"INLAND"
45,2199,358,942,353,5.0393,321100,"INLAND"
39,1804,265,730,276,6.4761,397500,"INLAND"
35,2459,438,970,437,4.2143,369400,"INLAND"
45,1095,237,672,234,3.4087,209200,"INLAND"
42,3200,685,1668,628,3.375,260400,"INLAND"
28,238,58,142,31,0.4999,500001,"INLAND"
45,2923,604,1903,560,3.1729,218700,"INLAND"
52,1282,189,431,187,6.1159,470800,"INLAND"
46,1238,147,377,145,8.4546,500001,"INLAND"
35,1897,279,733,291,7.4185,500001,"INLAND"
42,2690,589,1149,535,3.88,281100,"INLAND"
40,3092,549,1457,536,5.3377,373800,"INLAND"
45,1345,356,749,327,2.8007,210900,"INLAND"
45,3066,659,1287,625,3.5804,324400,"<1H OCEAN"
52,2401,332,810,308,6.0948,358700,"<1H OCEAN"
26,6262,1645,3001,1505,3.6572,213200,"<1H OCEAN"
44,3298,615,1417,643,4.1324,434800,"<1H OCEAN"
52,2337,352,981,328,5.8692,490400,"<1H OCEAN"
25,3420,977,1718,947,3.1033,217900,"<1H OCEAN"
39,2099,397,1500,380,4.8304,493200,"<1H OCEAN"
23,5465,1494,2511,1359,3.4531,210900,"<1H OCEAN"
29,3559,1034,1658,965,3.2643,163900,"<1H OCEAN"
24,10239,2823,4210,2565,3.6997,225000,"<1H OCEAN"
17,3404,1011,1694,949,2.9511,282300,"<1H OCEAN"
27,1499,426,755,414,3.875,258300,"<1H OCEAN"
45,543,191,454,181,2.3,55000,"<1H OCEAN"
52,403,117,361,105,1.625,187500,"<1H OCEAN"
27,1551,254,816,233,8.2435,500001,"<1H OCEAN"
41,3039,482,973,446,7.4817,500001,"<1H OCEAN"
45,2257,285,759,305,11.7894,500001,"<1H OCEAN"
44,2734,415,1057,424,7.9213,477800,"<1H OCEAN"
39,2902,460,1007,420,6.1953,363000,"<1H OCEAN"
38,3039,487,1131,465,7.7116,360900,"<1H OCEAN"
30,2763,520,1143,465,4.7298,500001,"<1H OCEAN"
50,2443,494,947,451,4.7344,314700,"<1H OCEAN"
36,4003,647,1337,631,7.723,500001,"<1H OCEAN"
52,2826,381,924,365,7.9976,500001,"<1H OCEAN"
46,3156,430,1109,423,10.7397,500001,"<1H OCEAN"
16,3569,821,1505,783,4.9167,251100,"<1H OCEAN"
49,4438,803,1650,741,5.1072,479700,"<1H OCEAN"
34,824,224,430,213,3.6389,215000,"<1H OCEAN"
52,2935,341,975,327,11.706,500001,"<1H OCEAN"
48,2476,313,900,303,10.6767,500001,"<1H OCEAN"
52,2954,371,1152,347,11.5609,500001,"<1H OCEAN"
52,2907,317,956,279,15.0001,500001,"<1H OCEAN"
52,2787,353,1057,364,10.2317,500001,"<1H OCEAN"
52,2568,345,1102,345,9.1373,500001,"<1H OCEAN"
52,2742,422,1153,414,8.1124,500001,"<1H OCEAN"
44,1917,265,754,257,12.4237,500001,"<1H OCEAN"
44,1745,237,693,248,9.7912,500001,"<1H OCEAN"
45,2966,415,1231,409,7.8347,500001,"<1H OCEAN"
49,3783,579,1601,539,6.3013,500001,"<1H OCEAN"
50,1835,231,636,211,11.6471,500001,"<1H OCEAN"
47,2234,276,749,260,15.0001,500001,"<1H OCEAN"
39,788,128,413,139,5.9546,396700,"INLAND"
41,1598,280,807,282,5.5067,325000,"<1H OCEAN"
38,2638,432,1284,433,5.4536,342700,"<1H OCEAN"
38,1713,285,779,286,5.6152,359900,"<1H OCEAN"
27,3787,913,1992,853,3.301,251200,"INLAND"
28,4465,985,2273,949,3.5671,228500,"INLAND"
30,2201,559,1194,531,4.1136,279900,"INLAND"
43,1554,287,802,277,4.2312,272600,"INLAND"
34,2921,641,1541,562,3.6827,264100,"<1H OCEAN"
27,1685,341,757,317,4.2434,270500,"<1H OCEAN"
41,2869,563,1627,533,5.0736,270700,"<1H OCEAN"
47,832,194,419,156,3.1576,225000,"<1H OCEAN"
42,2628,525,1494,523,3.9464,257200,"<1H OCEAN"
42,1969,353,927,354,5.5924,285300,"<1H OCEAN"
32,2830,645,1500,527,3.0819,214600,"<1H OCEAN"
36,2966,527,1231,482,4.6442,316800,"<1H OCEAN"
45,1883,275,764,289,6.5078,414800,"<1H OCEAN"
52,1788,313,792,294,3.75,280000,"<1H OCEAN"
49,3367,523,1317,495,6.706,351400,"<1H OCEAN"
50,2131,294,753,284,6.7099,352200,"<1H OCEAN"
49,2812,478,1329,490,5.2503,292900,"<1H OCEAN"
48,2124,319,785,319,5.2131,359600,"<1H OCEAN"
49,2057,430,1103,414,4.0556,282600,"<1H OCEAN"
34,2918,555,1435,568,4.2344,306300,"<1H OCEAN"
19,2742,756,1396,703,2.5663,197500,"<1H OCEAN"
21,3862,1186,2773,1102,2.7816,188200,"<1H OCEAN"
26,3050,825,2153,772,3.1103,214100,"<1H OCEAN"
20,3447,1007,2622,934,2.918,208700,"<1H OCEAN"
45,1780,289,755,328,4.825,351100,"<1H OCEAN"
24,4670,1185,2478,1107,3.1975,252400,"<1H OCEAN"
52,4061,861,2290,790,2.8919,258400,"<1H OCEAN"
52,3367,545,1427,535,5.2292,444500,"<1H OCEAN"
52,4325,823,1927,795,3.9485,419100,"<1H OCEAN"
52,2375,369,930,351,7.4111,469100,"<1H OCEAN"
52,1746,330,704,306,3.7895,364800,"<1H OCEAN"
52,1000,192,363,158,4.2981,352800,"<1H OCEAN"
36,6119,1513,2719,1402,3.8427,319700,"<1H OCEAN"
43,1810,427,742,429,3.8529,350000,"<1H OCEAN"
52,1518,344,725,296,3.4018,204500,"<1H OCEAN"
49,1789,288,848,311,6.0199,5e+05,"<1H OCEAN"
38,2231,489,940,484,5.4165,435100,"<1H OCEAN"
37,2246,481,995,459,4.2944,354700,"<1H OCEAN"
39,2618,582,1314,532,3.5875,309300,"<1H OCEAN"
39,3856,867,1847,830,3.4559,364900,"<1H OCEAN"
31,5715,1154,2639,1079,4.1661,364400,"<1H OCEAN"
48,1091,236,632,234,3.7235,263600,"<1H OCEAN"
39,1758,436,892,447,3.6406,278900,"<1H OCEAN"
26,4971,996,2370,932,4.9676,381400,"<1H OCEAN"
25,4444,647,1922,652,8.058,477300,"<1H OCEAN"
27,4073,1013,2411,933,3.108,231000,"<1H OCEAN"
27,1935,460,1456,382,2.8062,192800,"<1H OCEAN"
52,2203,430,1238,403,4.4306,225800,"<1H OCEAN"
52,1722,448,1122,425,3.1204,224000,"<1H OCEAN"
36,3514,818,2277,828,3.1211,229300,"<1H OCEAN"
44,1053,251,941,256,3.125,205600,"<1H OCEAN"
48,3697,816,2446,787,3.3988,199200,"<1H OCEAN"
28,4164,1127,2934,1014,2.7483,218800,"<1H OCEAN"
38,1745,457,1547,460,2.85,219000,"<1H OCEAN"
24,3988,1098,2909,1034,2.7036,170000,"<1H OCEAN"
30,1433,397,1110,346,2.3464,191700,"<1H OCEAN"
24,2999,786,2937,796,2.9405,217800,"<1H OCEAN"
52,695,145,523,170,3.665,220400,"<1H OCEAN"
44,2012,435,1454,456,3.3229,226600,"<1H OCEAN"
25,4870,1371,3518,1296,3.2307,188400,"<1H OCEAN"
42,700,212,662,210,3.0078,191700,"<1H OCEAN"
42,2562,781,1936,687,2.2214,219000,"<1H OCEAN"
40,1931,449,1367,446,2.575,228400,"<1H OCEAN"
27,6010,1532,3620,1445,2.7436,201700,"<1H OCEAN"
41,1379,315,1249,309,2.6553,183100,"<1H OCEAN"
36,1068,246,949,250,2.3462,188500,"<1H OCEAN"
44,2352,484,1517,463,4.2833,258000,"<1H OCEAN"
29,1937,448,1352,433,3.81,234600,"<1H OCEAN"
20,3090,802,2109,738,3.3801,192500,"<1H OCEAN"
34,2578,645,1628,617,2.34,210900,"<1H OCEAN"
34,2253,522,1262,511,3.4375,259800,"<1H OCEAN"
33,2178,445,1153,400,3.6083,212000,"<1H OCEAN"
28,676,177,543,185,3.2361,187500,"<1H OCEAN"
36,2679,548,1605,533,3.5313,213200,"<1H OCEAN"
40,1904,393,1183,364,3.6696,210400,"<1H OCEAN"
38,1889,407,1330,396,3.9219,205200,"<1H OCEAN"
43,1716,402,1343,386,2.9688,211400,"<1H OCEAN"
40,855,208,745,222,3.0125,224000,"<1H OCEAN"
34,1513,384,986,336,2.6901,235600,"<1H OCEAN"
33,1430,344,1165,328,3.0357,206000,"<1H OCEAN"
42,1003,236,769,231,3.1607,218300,"<1H OCEAN"
42,1460,289,829,273,4.875,227300,"<1H OCEAN"
37,2894,659,1977,636,2.543,208100,"<1H OCEAN"
24,4510,1296,3985,1240,2.6884,204600,"<1H OCEAN"
46,2822,525,1434,520,3.8906,238300,"<1H OCEAN"
42,3172,644,1829,642,3.3966,243200,"<1H OCEAN"
30,2350,472,945,467,3.3421,201000,"<1H OCEAN"
45,1106,226,779,205,4.5446,244800,"<1H OCEAN"
46,1130,229,698,209,5.2719,244400,"<1H OCEAN"
25,3603,1003,2719,913,2.6981,208000,"<1H OCEAN"
52,1437,290,980,282,5.3032,245700,"<1H OCEAN"
49,1782,374,1010,367,3.1583,268200,"<1H OCEAN"
34,3848,991,2814,972,2.6716,227100,"<1H OCEAN"
35,2517,662,1883,607,2.5787,223000,"<1H OCEAN"
36,2433,585,1565,563,3.2344,234900,"<1H OCEAN"
32,1880,428,1404,424,3.085,220500,"<1H OCEAN"
45,1770,423,1410,389,3.0592,212500,"<1H OCEAN"
43,1050,252,820,244,2.025,215600,"<1H OCEAN"
23,1190,347,965,327,2.2261,211800,"<1H OCEAN"
17,1714,572,1590,568,1.1875,183900,"<1H OCEAN"
20,2130,654,1870,578,2.3664,192200,"<1H OCEAN"
17,5137,1614,4945,1535,2.4599,181600,"<1H OCEAN"
19,3215,907,3072,870,2.3393,202300,"<1H OCEAN"
18,2609,721,2221,703,2.3224,192300,"<1H OCEAN"
42,1036,199,656,215,4.1902,235000,"<1H OCEAN"
39,2390,444,1246,422,3.7857,245700,"<1H OCEAN"
37,1339,258,706,238,4.7569,253800,"<1H OCEAN"
52,1983,344,887,331,3.2875,234400,"<1H OCEAN"
44,1626,383,1063,334,2.4348,220700,"<1H OCEAN"
47,2994,543,1651,561,3.8644,241500,"<1H OCEAN"
42,3836,777,2118,754,3.6364,254600,"<1H OCEAN"
40,1072,204,940,200,3.125,242700,"<1H OCEAN"
28,3855,922,2517,874,3.505,204300,"<1H OCEAN"
25,4284,741,2163,701,6.1509,315100,"<1H OCEAN"
27,1675,274,785,275,5.828,301100,"<1H OCEAN"
25,5478,1136,3062,1096,3.4118,341100,"<1H OCEAN"
31,3362,799,1939,754,3.5089,305800,"<1H OCEAN"
33,3287,649,1783,653,3.8472,293300,"<1H OCEAN"
30,1692,398,1130,365,2.8672,198500,"<1H OCEAN"
27,5257,1082,3496,1036,3.3906,237200,"<1H OCEAN"
35,3229,616,1879,595,3.9531,268400,"<1H OCEAN"
39,1880,367,954,349,3.875,236400,"<1H OCEAN"
35,1729,438,1308,412,2.5321,197200,"<1H OCEAN"
25,1137,293,800,281,2.4286,233300,"<1H OCEAN"
25,1526,388,1304,378,3.1892,214700,"<1H OCEAN"
32,1273,344,1148,368,2.1061,214700,"<1H OCEAN"
16,2416,565,1750,514,2.8229,163700,"<1H OCEAN"
14,2628,668,2208,574,2.9764,160300,"<1H OCEAN"
45,593,133,481,128,2.5938,199300,"<1H OCEAN"
38,1036,226,1058,235,3.2578,184200,"<1H OCEAN"
21,1349,352,1188,330,2.5,182100,"<1H OCEAN"
29,1179,313,1255,308,2.5964,176800,"<1H OCEAN"
39,1270,299,1073,278,3.3088,186600,"<1H OCEAN"
36,1240,349,1383,338,2.4931,170300,"<1H OCEAN"
36,3661,956,3816,931,2.5104,185000,"<1H OCEAN"
26,794,182,709,170,3.175,170800,"<1H OCEAN"
33,3437,1081,3817,1042,2.25,203700,"<1H OCEAN"
45,726,146,568,160,3.0347,183200,"<1H OCEAN"
31,1054,252,1032,258,2.3424,188500,"<1H OCEAN"
30,1980,552,2264,511,2.6094,179400,"<1H OCEAN"
38,3230,840,3485,827,2.629,171600,"<1H OCEAN"
20,5841,1146,3273,1131,4.7222,185100,"<1H OCEAN"
31,1146,289,1163,258,2.2083,185600,"<1H OCEAN"
31,2852,740,3100,725,2.9524,178800,"<1H OCEAN"
36,1463,369,1492,366,3.25,179200,"<1H OCEAN"
30,1547,436,1700,410,2.5488,187500,"<1H OCEAN"
22,1764,357,1379,363,3.5357,199000,"<1H OCEAN"
31,3559,734,2975,715,3.756,183300,"<1H OCEAN"
26,1495,328,1296,304,2.913,152300,"<1H OCEAN"
18,5580,1369,3842,1276,3.6512,168500,"<1H OCEAN"
24,1543,257,824,271,6.4385,272600,"<1H OCEAN"
23,3436,565,1729,529,5.9941,266700,"<1H OCEAN"
28,3913,696,2264,697,5.2446,258000,"<1H OCEAN"
32,3775,786,2416,792,3.6625,247600,"<1H OCEAN"
35,1038,209,598,190,5.9214,254900,"<1H OCEAN"
36,1938,364,1118,374,3.5833,227300,"<1H OCEAN"
40,1444,312,881,303,3.1083,220500,"<1H OCEAN"
38,1447,293,1042,284,4.1375,211500,"<1H OCEAN"
33,818,195,664,198,2.1944,203300,"<1H OCEAN"
43,1949,464,1216,457,3.3214,209300,"<1H OCEAN"
40,1966,391,1120,362,3.7109,198800,"<1H OCEAN"
37,1129,212,509,202,2.6146,243200,"<1H OCEAN"
36,1493,316,989,293,3.5272,213700,"<1H OCEAN"
42,2205,451,1392,423,4.3646,211400,"<1H OCEAN"
34,2103,427,1355,434,4.5795,235300,"<1H OCEAN"
35,1064,203,608,201,4.0938,246900,"<1H OCEAN"
31,3600,468,1382,435,7.4597,500001,"<1H OCEAN"
29,4943,674,1913,641,6.8189,379300,"<1H OCEAN"
33,1113,145,424,137,8.3474,500001,"<1H OCEAN"
30,4873,667,1995,638,7.2472,441900,"<1H OCEAN"
35,4055,652,1758,639,6.1898,282400,"<1H OCEAN"
36,4297,717,2038,700,5.2851,258800,"<1H OCEAN"
30,2217,284,851,291,10.4835,498600,"<1H OCEAN"
35,1431,210,505,213,6.8109,401000,"<1H OCEAN"
35,1755,322,774,290,5.0861,296700,"<1H OCEAN"
37,2414,323,878,305,9.1541,453800,"<1H OCEAN"
18,4078,484,1490,482,10.8034,500001,"<1H OCEAN"
31,40,8,25,7,2.125,375000,"<1H OCEAN"
10,6531,1036,2975,1018,6.2319,403700,"<1H OCEAN"
25,3548,639,2653,664,5.2557,188800,"<1H OCEAN"
34,1962,396,1488,332,3.9091,155100,"<1H OCEAN"
38,2245,444,1540,419,3.7986,171000,"<1H OCEAN"
36,1391,283,1025,275,3.2375,176800,"<1H OCEAN"
32,1973,401,1322,386,3.4861,158100,"<1H OCEAN"
42,1392,351,1471,348,2.63,143800,"<1H OCEAN"
35,1188,342,1373,332,2.9107,150900,"<1H OCEAN"
34,1914,549,2122,529,2.5969,150200,"<1H OCEAN"
14,3789,810,2551,793,2.9321,144200,"<1H OCEAN"
33,1091,233,890,226,2.7679,176400,"<1H OCEAN"
36,1248,322,1282,326,3.2031,147600,"<1H OCEAN"
36,1465,363,1538,342,3.5469,150600,"<1H OCEAN"
42,897,229,1094,238,2.0729,114100,"<1H OCEAN"
31,1108,238,1151,229,4.3333,149500,"<1H OCEAN"
36,1722,353,1174,335,3.045,160600,"<1H OCEAN"
35,1580,331,1290,338,4.1458,162500,"<1H OCEAN"
34,1369,270,1005,272,3.692,172600,"<1H OCEAN"
36,1529,290,1271,287,3.6875,175200,"<1H OCEAN"
35,1326,272,933,267,3.4306,162500,"<1H OCEAN"
31,965,217,599,206,2.7202,190300,"<1H OCEAN"
36,1492,282,1041,270,4.0677,165800,"<1H OCEAN"
39,1042,221,863,228,3.6033,157800,"<1H OCEAN"
37,1270,272,1092,274,3.5,160700,"<1H OCEAN"
35,2787,639,1923,614,3.5757,177900,"<1H OCEAN"
38,1683,328,1369,339,3.6196,170700,"<1H OCEAN"
37,1419,310,1125,296,2.5,162000,"<1H OCEAN"
36,2024,590,2028,573,2.8152,163900,"<1H OCEAN"
32,1165,358,997,361,0.9817,166300,"<1H OCEAN"
35,1625,302,1134,288,4.5595,164900,"<1H OCEAN"
41,1204,252,1002,248,3.0577,163300,"<1H OCEAN"
39,552,151,807,168,3.25,153300,"<1H OCEAN"
40,1723,370,1221,370,3.3562,169200,"<1H OCEAN"
40,1410,255,932,273,4.2206,178000,"<1H OCEAN"
42,1342,243,615,208,5.4381,186900,"<1H OCEAN"
50,1146,238,579,213,2.9583,172600,"<1H OCEAN"
38,1862,319,975,305,4.7266,177600,"<1H OCEAN"
34,5002,917,2597,893,3.9243,219800,"<1H OCEAN"
37,2976,636,2117,598,4.1058,167300,"<1H OCEAN"
42,2480,401,1085,438,5.193,263400,"<1H OCEAN"
36,3531,754,1613,697,3.2359,198600,"<1H OCEAN"
38,862,178,484,176,4.375,186200,"<1H OCEAN"
47,1588,309,827,292,3.7833,166100,"<1H OCEAN"
46,1203,219,637,211,3.3611,174400,"<1H OCEAN"
45,1471,255,670,250,4.5478,188000,"<1H OCEAN"
50,1951,458,1362,454,3,163200,"<1H OCEAN"
41,1406,428,1174,390,2.0147,137500,"<1H OCEAN"
41,1694,413,1222,387,2.8311,155300,"<1H OCEAN"
30,5308,854,2114,838,5.1985,279200,"<1H OCEAN"
52,2792,461,1177,439,3.4312,243800,"<1H OCEAN"
46,1974,465,880,441,2.7578,236800,"<1H OCEAN"
43,2446,764,1699,692,2.625,163300,"<1H OCEAN"
28,1617,507,1158,486,1.9688,165600,"<1H OCEAN"
25,3040,831,1580,735,2.3182,182100,"<1H OCEAN"
47,2530,565,1262,509,3.6475,197100,"<1H OCEAN"
23,1995,306,707,293,8.6677,332700,"<1H OCEAN"
32,2468,552,1190,479,3.8275,238500,"<1H OCEAN"
34,1903,293,887,306,6.148,313800,"<1H OCEAN"
36,1451,224,608,246,6.0648,290800,"<1H OCEAN"
30,6540,991,3124,953,6.0663,372600,"<1H OCEAN"
36,1805,288,882,308,5.3054,273500,"<1H OCEAN"
36,2002,361,913,311,4.5446,244700,"<1H OCEAN"
36,2071,398,988,404,4.6226,219700,"<1H OCEAN"
36,1601,290,715,284,4.8152,232400,"<1H OCEAN"
39,1996,389,1029,387,4.65,224300,"<1H OCEAN"
39,2126,434,1103,433,3.2852,196200,"<1H OCEAN"
36,2149,527,1359,481,2.824,167900,"<1H OCEAN"
29,2376,700,1968,680,2.6082,162500,"<1H OCEAN"
25,2945,914,2313,832,2.5686,177500,"<1H OCEAN"
22,2185,623,1644,606,2.593,192000,"<1H OCEAN"
38,2139,426,1138,412,4.2917,168900,"<1H OCEAN"
36,1681,329,964,311,4.108,181200,"<1H OCEAN"
37,1745,365,1022,368,4.0536,171400,"<1H OCEAN"
37,1180,256,614,242,3.117,164600,"<1H OCEAN"
34,1882,428,1034,375,3.6509,173200,"<1H OCEAN"
37,1772,321,934,326,4.1471,177800,"<1H OCEAN"
36,2722,515,1390,486,3.8214,178500,"<1H OCEAN"
37,1948,395,1163,379,3.225,154000,"<1H OCEAN"
42,1430,338,1269,321,3.3214,148800,"<1H OCEAN"
37,2622,652,2778,644,2.9714,160300,"<1H OCEAN"
34,1759,431,1282,391,3.0491,158200,"<1H OCEAN"
34,2142,390,1305,406,4.0379,172800,"<1H OCEAN"
36,2854,688,2816,673,3.6,154000,"<1H OCEAN"
37,1645,308,1077,320,4.3203,159200,"<1H OCEAN"
32,3304,714,2032,690,3.2093,167800,"<1H OCEAN"
41,1478,273,916,281,3.9688,169800,"<1H OCEAN"
39,1639,300,988,309,3.9612,175800,"<1H OCEAN"
36,1887,370,1006,329,3.1554,170700,"<1H OCEAN"
38,1026,190,789,193,4.2,163200,"<1H OCEAN"
32,3400,826,3017,793,2.4607,155600,"<1H OCEAN"
30,928,230,913,214,2.6991,147100,"<1H OCEAN"
36,1265,273,1052,253,4.8929,156200,"<1H OCEAN"
36,1620,298,1258,309,3.9773,166700,"<1H OCEAN"
35,825,155,590,144,4.6333,161200,"<1H OCEAN"
36,1678,323,1380,352,3.5481,163300,"<1H OCEAN"
39,936,194,691,211,3.6875,169500,"<1H OCEAN"
39,1473,297,1108,294,4.1389,166000,"<1H OCEAN"
35,2664,541,2033,491,3.7326,164300,"<1H OCEAN"
35,2426,529,2010,514,2.9922,163500,"<1H OCEAN"
34,1357,310,1042,287,3.4083,156700,"<1H OCEAN"
37,1226,255,1068,271,3.1607,172200,"<1H OCEAN"
33,1927,482,1623,479,3.5268,152000,"<1H OCEAN"
33,2125,500,1672,476,3.6397,166600,"<1H OCEAN"
36,446,108,410,117,3.3942,147200,"<1H OCEAN"
36,3271,603,2593,616,3.3621,169700,"<1H OCEAN"
36,1116,229,719,233,3.425,163200,"<1H OCEAN"
36,1991,396,1306,403,4.5,166600,"<1H OCEAN"
38,1657,335,1195,309,4.1711,160100,"<1H OCEAN"
36,1184,240,946,232,4.0357,162500,"<1H OCEAN"
20,1878,548,1461,516,2.9821,142500,"<1H OCEAN"
36,2013,435,1476,475,3.9549,192100,"<1H OCEAN"
40,1743,328,981,291,3.6667,173100,"<1H OCEAN"
32,1962,387,1274,398,4.8304,160600,"<1H OCEAN"
37,1743,348,1328,354,3.0944,162800,"<1H OCEAN"
35,2104,399,1659,387,4.0096,165000,"<1H OCEAN"
34,1431,310,1162,288,4.369,165400,"<1H OCEAN"
20,1911,472,1407,465,2.7647,163000,"<1H OCEAN"
32,1083,206,737,218,3.5583,170800,"<1H OCEAN"
36,2762,472,1576,493,4.0846,183400,"<1H OCEAN"
36,1585,323,1205,343,4.5306,183400,"<1H OCEAN"
33,1976,404,1379,395,3.8542,175400,"<1H OCEAN"
21,3933,949,2219,820,2.4926,171400,"<1H OCEAN"
35,1945,357,1227,359,5.2162,171900,"<1H OCEAN"
31,3808,670,2430,660,4.625,173900,"<1H OCEAN"
36,1976,368,1236,355,4.615,174000,"<1H OCEAN"
33,1954,390,1600,376,3.6125,170800,"<1H OCEAN"
34,495,120,527,130,1.9453,149000,"<1H OCEAN"
36,1045,239,1165,230,3.1979,161800,"<1H OCEAN"
31,894,203,883,190,3.6771,141500,"<1H OCEAN"
35,2107,480,2241,443,3.1513,150000,"<1H OCEAN"
33,1999,470,2170,466,3.2371,154700,"<1H OCEAN"
22,3382,800,2688,784,3.875,164700,"<1H OCEAN"
35,2075,424,1312,396,3.7969,164800,"<1H OCEAN"
30,1414,332,1307,315,3,158300,"<1H OCEAN"
35,2108,405,1243,394,3.6731,167000,"<1H OCEAN"
35,1805,387,1505,366,4.1667,151900,"<1H OCEAN"
34,1995,417,1573,407,3.4907,153500,"<1H OCEAN"
36,1726,332,1293,310,4.3849,144100,"<1H OCEAN"
35,2469,522,2151,537,3.4219,156200,"<1H OCEAN"
35,2400,398,1218,408,4.1312,193800,"<1H OCEAN"
35,2470,416,1386,411,5.2736,179500,"<1H OCEAN"
37,1699,302,889,271,4.3542,179800,"<1H OCEAN"
30,2572,521,1564,501,3.4861,177200,"<1H OCEAN"
37,1328,273,1115,275,4.2051,164400,"<1H OCEAN"
34,1748,386,917,378,3.4792,169000,"<1H OCEAN"
36,1579,290,816,276,4.4318,181100,"<1H OCEAN"
36,1705,299,871,296,4.6184,179800,"<1H OCEAN"
36,1632,295,797,283,4.2292,179500,"<1H OCEAN"
37,1165,210,627,221,4.6923,181000,"<1H OCEAN"
33,2382,404,1339,389,5.3016,192200,"<1H OCEAN"
23,4815,1081,3232,1016,3.488,191800,"<1H OCEAN"
35,2085,400,1112,391,3.4886,173900,"<1H OCEAN"
32,2562,491,1222,446,4.0985,226200,"<1H OCEAN"
27,3142,509,1520,503,6.2924,232500,"<1H OCEAN"
33,2299,431,1049,447,3.6458,208100,"<1H OCEAN"
34,1519,301,758,304,4.3125,214000,"<1H OCEAN"
30,2395,565,1214,521,3.7045,212300,"<1H OCEAN"
35,2603,482,1305,507,3.9543,214400,"<1H OCEAN"
36,2911,534,1395,486,5.1738,203700,"<1H OCEAN"
36,1921,329,969,327,4.9191,188700,"<1H OCEAN"
35,1323,235,807,247,4.2708,174800,"<1H OCEAN"
31,3395,742,1886,737,4.4118,174400,"<1H OCEAN"
33,4711,988,2984,931,3.6028,184700,"<1H OCEAN"
36,1287,233,779,229,4.8523,175800,"<1H OCEAN"
35,1288,240,758,250,4.9205,173900,"<1H OCEAN"
34,2424,468,1293,444,3.275,189900,"<1H OCEAN"
35,802,153,445,150,5.0077,185000,"<1H OCEAN"
37,903,158,444,158,3.75,174400,"<1H OCEAN"
34,4039,694,2269,663,5.2305,205100,"<1H OCEAN"
35,1606,289,829,273,5.273,187600,"<1H OCEAN"
34,1478,251,956,277,5.5238,185300,"<1H OCEAN"
26,2830,399,1204,404,6.1273,289600,"<1H OCEAN"
19,5166,770,2374,753,5.979,285200,"<1H OCEAN"
27,3708,718,1921,721,4.375,210400,"<1H OCEAN"
24,4534,967,2547,895,3.9575,215400,"<1H OCEAN"
27,5805,1152,3106,1144,4.061,222700,"<1H OCEAN"
16,10621,1782,3836,1480,5.0923,257200,"<1H OCEAN"
33,2161,383,1235,383,5.6454,202800,"<1H OCEAN"
30,1677,372,1021,332,3.5859,199700,"<1H OCEAN"
35,1065,176,574,171,5.0384,200800,"<1H OCEAN"
34,1932,315,1053,316,5.1377,213300,"<1H OCEAN"
35,1758,309,972,338,4.3831,209800,"<1H OCEAN"
35,1942,332,1127,325,4.5144,206300,"<1H OCEAN"
26,2968,674,1655,628,4.6094,201000,"<1H OCEAN"
34,1653,292,1003,310,4.6,203400,"<1H OCEAN"
33,2046,327,1018,320,4.2292,212800,"<1H OCEAN"
35,1011,183,578,171,3.9861,188700,"<1H OCEAN"
36,2417,421,1276,426,5.5601,205200,"<1H OCEAN"
34,2678,511,1540,497,4.4954,202900,"<1H OCEAN"
36,1589,265,804,272,4.6354,202900,"<1H OCEAN"
34,2169,418,1169,406,3.2222,218700,"<1H OCEAN"
32,2722,571,2541,462,4.2305,221400,"<1H OCEAN"
36,1382,257,685,255,5.125,211700,"<1H OCEAN"
35,2182,390,1248,399,5.4236,216700,"<1H OCEAN"
34,1636,358,977,357,3.5938,209900,"<1H OCEAN"
35,1434,279,744,252,3.7308,202400,"<1H OCEAN"
35,1337,234,692,235,5.1155,213700,"<1H OCEAN"
34,2518,429,1309,421,4.7861,210700,"<1H OCEAN"
32,4040,832,2526,798,3.2143,160100,"<1H OCEAN"
35,2323,406,1741,398,4.2437,164100,"<1H OCEAN"
36,1143,193,826,188,5.3184,171100,"<1H OCEAN"
36,15,5,15,6,0.4999,162500,"<1H OCEAN"
27,3797,597,2043,614,5.5,276800,"<1H OCEAN"
28,1984,313,1099,343,4.5526,250200,"<1H OCEAN"
33,4853,1105,2855,1006,3.2622,208600,"<1H OCEAN"
33,1143,172,508,174,4.9107,279900,"<1H OCEAN"
17,9559,1911,5279,1844,5.1515,318900,"<1H OCEAN"
25,2655,558,1466,525,3.0529,265800,"<1H OCEAN"
20,2595,428,1751,479,5.6112,308000,"<1H OCEAN"
29,2077,564,2087,543,2.66,189200,"<1H OCEAN"
23,1724,576,1336,542,1.3365,183300,"<1H OCEAN"
42,1436,298,1005,298,3.4297,195800,"<1H OCEAN"
37,1022,232,653,238,3.0625,189400,"<1H OCEAN"
40,1727,309,932,313,3.95,210200,"<1H OCEAN"
43,1539,386,1122,377,2.4605,196000,"<1H OCEAN"
36,1595,383,1105,359,2.4286,205600,"<1H OCEAN"
32,1789,528,1429,517,1.8906,224500,"<1H OCEAN"
31,4267,1070,3176,1071,3.0212,208200,"<1H OCEAN"
38,1243,310,788,286,2.5852,185100,"<1H OCEAN"
40,2988,690,2144,667,2.3359,189300,"<1H OCEAN"
41,734,190,565,191,2.2813,192000,"<1H OCEAN"
43,396,91,261,73,2.9044,172900,"<1H OCEAN"
45,1307,283,967,254,2.75,178300,"<1H OCEAN"
44,2003,390,1291,392,4.0625,201100,"<1H OCEAN"
42,2203,467,1470,488,2.8385,192200,"<1H OCEAN"
45,1569,359,1203,359,2.4612,180500,"<1H OCEAN"
43,2172,605,2386,597,2.8239,150600,"<1H OCEAN"
43,2006,472,1687,463,1.7991,158800,"<1H OCEAN"
41,1377,293,1142,272,3.1724,141600,"<1H OCEAN"
44,603,207,588,218,2.0536,186400,"<1H OCEAN"
42,1481,411,1206,394,2.6806,189300,"<1H OCEAN"
39,1099,263,787,269,3.7794,194600,"<1H OCEAN"
44,647,142,457,143,3.6875,162500,"<1H OCEAN"
45,332,70,302,60,3.1895,156300,"<1H OCEAN"
22,2991,791,2486,754,1.5078,181900,"<1H OCEAN"
38,1076,286,1535,323,2.7026,145000,"<1H OCEAN"
11,852,215,806,202,1.3971,134400,"<1H OCEAN"
31,1014,252,1064,247,2.4167,125500,"<1H OCEAN"
38,385,102,402,95,1.625,129700,"<1H OCEAN"
46,705,167,655,149,3.5938,141100,"<1H OCEAN"
36,871,201,2862,181,2.1845,123800,"<1H OCEAN"
35,1256,294,2990,302,3.1528,121800,"<1H OCEAN"
41,389,102,455,107,2.7031,109200,"<1H OCEAN"
44,1856,461,1853,452,2.5033,131900,"<1H OCEAN"
33,278,71,266,56,0.8941,98200,"<1H OCEAN"
37,1715,456,2052,440,2.3125,116100,"<1H OCEAN"
45,934,228,893,192,2.53,140300,"<1H OCEAN"
52,1070,231,925,220,1.825,133000,"<1H OCEAN"
42,1291,345,1535,332,1.9083,119200,"<1H OCEAN"
35,1296,307,1423,276,2.7432,135200,"<1H OCEAN"
47,1273,264,1193,260,2.4375,122900,"<1H OCEAN"
38,3272,731,3299,726,2.8295,126500,"<1H OCEAN"
41,762,147,817,176,3.75,123100,"<1H OCEAN"
41,616,196,814,180,3.3333,115100,"<1H OCEAN"
36,1807,630,2118,669,1.55,129000,"<1H OCEAN"
44,1079,275,1249,249,3.0417,141700,"<1H OCEAN"
34,1011,274,1164,262,2.8542,146900,"<1H OCEAN"
39,1074,323,1613,308,2.3015,131700,"<1H OCEAN"
29,855,199,785,169,2.6964,122200,"<1H OCEAN"
44,691,155,613,142,1.9667,133900,"<1H OCEAN"
39,563,138,682,137,2.75,150000,"<1H OCEAN"
39,609,145,690,134,2.9167,145800,"<1H OCEAN"
43,908,232,1005,224,1.75,134000,"<1H OCEAN"
45,911,238,1005,229,2.8167,114000,"<1H OCEAN"
39,962,229,999,221,3.375,126000,"<1H OCEAN"
45,733,178,715,165,2.5962,124100,"<1H OCEAN"
26,859,255,835,232,1.1929,143800,"<1H OCEAN"
27,1346,340,1177,295,1.7995,153400,"<1H OCEAN"
40,1279,316,1438,329,2.1774,157600,"<1H OCEAN"
43,1682,422,1706,409,2.1029,153300,"<1H OCEAN"
31,525,136,627,145,2.6964,125000,"<1H OCEAN"
37,2115,580,2842,572,2.239,121300,"<1H OCEAN"
42,2250,629,2588,609,1.9719,134200,"<1H OCEAN"
40,2631,698,2920,677,2.0764,145600,"<1H OCEAN"
45,1535,432,1820,419,1.7801,142800,"<1H OCEAN"
36,1138,296,1484,320,2.2813,150700,"<1H OCEAN"
37,2631,734,3228,701,2.15,132200,"<1H OCEAN"
40,474,124,546,121,2.3438,137500,"<1H OCEAN"
35,661,142,720,143,2.8977,142500,"<1H OCEAN"
34,1478,369,1735,348,1.8875,136700,"<1H OCEAN"
33,832,226,987,220,3.0972,125000,"<1H OCEAN"
43,887,219,965,217,2.625,133900,"<1H OCEAN"
42,1845,497,2191,492,2.3462,127300,"<1H OCEAN"
41,2099,530,2325,528,2.1979,140800,"<1H OCEAN"
43,1636,506,1855,502,2.2902,152400,"<1H OCEAN"
42,882,292,1248,281,2.761,120000,"<1H OCEAN"
44,1629,420,1893,387,2.2991,137500,"<1H OCEAN"
41,676,216,851,199,2.3077,140600,"<1H OCEAN"
34,760,219,968,202,1.7813,145000,"<1H OCEAN"
39,759,215,883,226,2.125,143800,"<1H OCEAN"
33,346,103,488,107,1.8681,112500,"<1H OCEAN"
45,894,231,925,222,2.6042,145000,"<1H OCEAN"
40,2201,636,2682,595,2.359,143400,"<1H OCEAN"
35,1734,493,2053,508,2.1442,149200,"<1H OCEAN"
41,1256,391,1511,381,1.7981,166000,"<1H OCEAN"
47,1055,298,1303,302,2.6964,138800,"<1H OCEAN"
42,946,272,1191,261,2.45,132000,"<1H OCEAN"
34,1474,511,1962,501,1.8715,139600,"<1H OCEAN"
42,2729,725,3004,722,2.3438,154300,"<1H OCEAN"
37,2344,631,2195,610,2.7022,151900,"<1H OCEAN"
42,814,216,773,208,2.5313,156900,"<1H OCEAN"
37,690,261,952,255,1.6354,158900,"<1H OCEAN"
44,1218,374,1175,342,1.9688,173900,"<1H OCEAN"
44,1715,460,1740,423,2.7019,153300,"<1H OCEAN"
40,1912,502,2077,500,2.6,180600,"<1H OCEAN"
36,984,275,1024,284,2.125,153500,"<1H OCEAN"
42,1007,277,1060,268,3.0179,153700,"<1H OCEAN"
42,1384,458,1825,455,1.4178,145500,"<1H OCEAN"
46,1746,447,1296,392,2.3929,156800,"<1H OCEAN"
42,1973,510,1841,502,2.5326,156500,"<1H OCEAN"
45,1179,268,736,252,2.7083,161800,"<1H OCEAN"
40,2412,629,2119,600,2.075,151100,"<1H OCEAN"
43,782,207,827,223,3.1538,154300,"<1H OCEAN"
41,815,252,775,231,2.2847,190000,"<1H OCEAN"
31,3281,768,2385,733,2.7308,173800,"<1H OCEAN"
40,1417,338,1068,331,2.4259,164600,"<1H OCEAN"
33,1956,478,1472,464,1.9867,166300,"<1H OCEAN"
32,2122,591,1929,539,2.7311,169300,"<1H OCEAN"
24,2403,590,2103,547,2.7292,193800,"<1H OCEAN"
38,2573,484,1568,459,3.0208,193700,"<1H OCEAN"
33,2886,726,2650,728,2.625,178700,"<1H OCEAN"
22,1141,332,1189,321,2.2042,162500,"<1H OCEAN"
27,2316,559,2012,544,2.8155,176800,"<1H OCEAN"
26,2296,534,1777,507,2.5395,191000,"<1H OCEAN"
44,932,179,717,180,3.6875,178100,"<1H OCEAN"
24,1705,479,2037,459,2.4219,137500,"<1H OCEAN"
36,702,210,834,216,2.25,162500,"<1H OCEAN"
17,3361,925,3264,914,2.2813,145600,"<1H OCEAN"
32,3218,739,2368,730,3.1406,175300,"<1H OCEAN"
37,1341,336,1233,306,3.6583,150500,"<1H OCEAN"
30,1228,358,1603,323,3.0225,130800,"<1H OCEAN"
36,931,246,732,235,1.7679,142800,"<1H OCEAN"
36,1657,425,1689,418,2.7799,149300,"<1H OCEAN"
39,322,82,319,90,2.6364,148800,"<1H OCEAN"
39,47,16,51,23,3.2188,112500,"<1H OCEAN"
35,167,60,267,55,1.5227,350000,"<1H OCEAN"
37,378,176,714,156,2.1912,112500,"<1H OCEAN"
24,1402,482,1976,466,2.6964,163200,"<1H OCEAN"
6,1499,437,1754,447,4.3164,143200,"<1H OCEAN"
4,1849,577,1529,418,2.7708,186300,"<1H OCEAN"
34,2283,809,3032,832,2.4387,175000,"<1H OCEAN"
27,1095,340,1300,318,2.6548,123200,"<1H OCEAN"
15,1011,274,899,219,2.7045,190600,"<1H OCEAN"
25,986,310,1439,251,2.39,183300,"<1H OCEAN"
5,706,203,839,199,4.5208,165000,"<1H OCEAN"
30,2562,959,3909,955,1.9929,150600,"<1H OCEAN"
28,312,89,498,87,2.4107,96400,"<1H OCEAN"
30,861,250,1062,231,1.75,115400,"<1H OCEAN"
33,885,294,1270,282,2.1615,118800,"<1H OCEAN"
41,2215,544,2054,480,1.5272,100300,"<1H OCEAN"
41,1486,509,2312,541,1.3963,92900,"<1H OCEAN"
47,617,162,754,144,2.2969,116700,"<1H OCEAN"
44,1087,335,1441,310,1.6667,112500,"<1H OCEAN"
40,1867,633,2223,609,1.7207,105100,"<1H OCEAN"
37,1045,361,1666,337,1.7929,97200,"<1H OCEAN"
39,1553,461,2271,437,1.7378,121900,"<1H OCEAN"
37,1503,392,1886,401,2.5637,125000,"<1H OCEAN"
37,1196,364,1622,327,2.125,108900,"<1H OCEAN"
45,972,249,1288,261,2.2054,125000,"<1H OCEAN"
45,173,42,230,57,3.0724,110700,"<1H OCEAN"
30,1971,645,2650,605,2.0357,169900,"<1H OCEAN"
42,626,143,625,156,3.125,166300,"<1H OCEAN"
32,2643,737,2784,711,2.5352,184400,"<1H OCEAN"
36,1514,453,1496,448,2.1044,148200,"<1H OCEAN"
18,1781,765,1913,702,1.2059,255000,"<1H OCEAN"
34,2225,753,2980,736,1.6685,128800,"<1H OCEAN"
35,1366,496,2160,497,2.2059,150000,"<1H OCEAN"
38,867,243,950,235,1.8929,163100,"<1H OCEAN"
35,1863,537,2274,510,2.1005,171300,"<1H OCEAN"
39,1315,306,1257,298,3.2788,169000,"<1H OCEAN"
37,788,215,883,221,2.6818,164600,"<1H OCEAN"
35,1705,562,2212,539,2.325,161500,"<1H OCEAN"
35,1705,523,2252,508,2.3421,154200,"<1H OCEAN"
33,1134,375,1615,354,2.1468,141700,"<1H OCEAN"
38,1212,272,1129,263,2.6673,142300,"<1H OCEAN"
40,1547,434,1930,427,3.3869,157300,"<1H OCEAN"
40,973,272,1257,258,2.8214,158000,"<1H OCEAN"
42,1429,436,1537,389,3.0114,157500,"<1H OCEAN"
37,2073,614,2544,598,2.9054,156300,"<1H OCEAN"
35,1608,465,2140,488,3.1979,154700,"<1H OCEAN"
30,1474,459,1844,464,2.551,160000,"<1H OCEAN"
35,1172,436,1741,408,2.4596,154700,"<1H OCEAN"
34,1022,286,1058,275,2.6042,156700,"<1H OCEAN"
36,1273,379,1398,353,2.4516,147800,"<1H OCEAN"
31,1186,387,2087,409,1.9132,154600,"<1H OCEAN"
43,1091,320,1418,316,2.1522,159400,"<1H OCEAN"
33,151,83,380,83,1.4224,189600,"<1H OCEAN"
30,1790,556,1827,520,1.7562,181300,"<1H OCEAN"
34,2700,763,2815,767,2.4196,178400,"<1H OCEAN"
32,1403,399,1506,375,2,172700,"<1H OCEAN"
30,2369,753,3259,770,2.1964,158500,"<1H OCEAN"
30,1911,562,2055,534,2.3917,154600,"<1H OCEAN"
36,988,337,1508,351,2.4375,154800,"<1H OCEAN"
38,1010,315,1157,301,1.6341,161800,"<1H OCEAN"
27,1871,556,2542,581,2.8427,164400,"<1H OCEAN"
24,1880,642,2646,605,2.1836,162000,"<1H OCEAN"
30,1735,573,2237,545,2.3444,156100,"<1H OCEAN"
35,1230,407,1512,364,2.152,170800,"<1H OCEAN"
41,428,111,585,139,3.1786,132100,"<1H OCEAN"
31,3388,1059,3558,957,2.4049,159000,"<1H OCEAN"
33,2410,641,2106,593,2.2422,168200,"<1H OCEAN"
36,627,177,834,175,2.9844,163600,"<1H OCEAN"
36,903,266,1068,251,3.0398,165400,"<1H OCEAN"
30,2887,866,2806,830,2.2122,169400,"<1H OCEAN"
34,3214,899,3086,808,2.0057,189400,"<1H OCEAN"
40,1698,431,1280,405,2.625,206300,"<1H OCEAN"
38,1477,374,1514,408,2.5703,178600,"<1H OCEAN"
37,1184,290,1320,276,2.3,165600,"<1H OCEAN"
32,1174,373,1758,361,2.4263,158100,"<1H OCEAN"
33,1903,469,1882,435,2.4071,170500,"<1H OCEAN"
23,1516,457,1977,435,2.3068,157800,"<1H OCEAN"
30,2419,715,3208,719,2.1743,176000,"<1H OCEAN"
29,1846,530,2576,528,2.63,156000,"<1H OCEAN"
31,1161,267,1175,282,3.0114,177000,"<1H OCEAN"
38,590,139,620,132,2.1731,143800,"<1H OCEAN"
32,927,250,970,248,2.1591,181500,"<1H OCEAN"
31,2064,612,2461,573,2.0524,160800,"<1H OCEAN"
36,1407,385,1763,350,2.6364,150000,"<1H OCEAN"
33,1196,313,1448,320,2.9375,162500,"<1H OCEAN"
39,1444,447,1890,416,2.1181,176600,"<1H OCEAN"
32,1347,434,1756,438,1.9464,190600,"<1H OCEAN"
31,1363,428,1897,364,2.3929,191100,"<1H OCEAN"
13,221,63,286,64,1.9063,175000,"<1H OCEAN"
31,1236,329,1486,337,3.0938,155400,"<1H OCEAN"
33,1201,340,1482,334,2.4821,150000,"<1H OCEAN"
33,1471,451,2272,482,2.5385,160900,"<1H OCEAN"
25,2249,681,2621,628,2.3,164200,"<1H OCEAN"
24,1635,507,2480,481,2.4432,187500,"<1H OCEAN"
25,3297,1066,5027,1041,2.2817,164200,"<1H OCEAN"
29,2913,787,3803,740,2.5556,146500,"<1H OCEAN"
20,427,118,402,105,1.4167,137500,"<1H OCEAN"
28,3507,969,3740,970,2.0162,142000,"<1H OCEAN"
26,6895,1877,8551,1808,2.3175,154500,"<1H OCEAN"
27,2911,972,3559,945,1.9485,146300,"<1H OCEAN"
28,2474,702,2830,694,2.754,166200,"<1H OCEAN"
43,825,212,820,184,1.8897,174300,"<1H OCEAN"
44,3114,779,2959,776,3.1875,171700,"<1H OCEAN"
38,2090,519,1871,504,2.4688,169000,"<1H OCEAN"
49,1409,313,1268,317,3.9408,170600,"<1H OCEAN"
43,1751,400,1558,379,3.0313,166100,"<1H OCEAN"
52,4220,908,3731,892,3.1901,167600,"<1H OCEAN"
43,381,67,259,60,3.0313,166100,"<1H OCEAN"
47,1147,297,1097,307,2.6384,162900,"<1H OCEAN"
44,2748,715,2962,703,2.6951,169300,"<1H OCEAN"
44,3186,876,3913,842,3.0143,148200,"<1H OCEAN"
47,1688,386,1663,381,4.0609,171300,"<1H OCEAN"
47,1058,295,1097,274,2.881,183300,"<1H OCEAN"
47,932,295,1226,264,1.6065,111400,"<1H OCEAN"
38,1657,467,2033,443,2.1429,118500,"<1H OCEAN"
43,1357,349,1657,331,2.0819,111800,"<1H OCEAN"
41,1182,346,1644,346,2.1473,115100,"<1H OCEAN"
37,1053,263,1354,292,2.5833,112500,"<1H OCEAN"
32,879,257,1057,230,1.6776,114800,"<1H OCEAN"
36,1026,294,1316,268,1.7708,102600,"<1H OCEAN"
39,1346,380,1520,356,1.1635,108700,"<1H OCEAN"
43,1735,535,2288,524,1.9119,98800,"<1H OCEAN"
37,1212,314,1403,279,2.5536,117200,"<1H OCEAN"
30,859,221,912,191,1.9041,105100,"<1H OCEAN"
37,794,210,814,213,2.2917,112000,"<1H OCEAN"
43,1876,454,1571,458,2.0323,112500,"<1H OCEAN"
38,1231,346,1217,354,1.8661,106600,"<1H OCEAN"
34,1724,432,1876,416,2.1078,100600,"<1H OCEAN"
48,1052,234,793,216,1.6585,92900,"<1H OCEAN"
42,1326,295,918,258,2.3864,98800,"<1H OCEAN"
43,2015,419,1543,399,1.8672,98100,"<1H OCEAN"
48,1766,424,1655,420,0.9751,95500,"<1H OCEAN"
41,1576,339,1252,302,1.9798,98100,"<1H OCEAN"
39,405,163,686,164,1.695,94800,"<1H OCEAN"
36,1062,270,1136,273,1.6597,109100,"<1H OCEAN"
44,1338,366,1765,388,1.7778,109900,"<1H OCEAN"
39,643,186,821,191,2.5729,97300,"<1H OCEAN"
34,946,254,1101,239,1.7396,105900,"<1H OCEAN"
37,1602,388,1553,342,2.0655,93400,"<1H OCEAN"
42,705,173,739,140,0.9166,99000,"<1H OCEAN"
27,504,142,789,167,0.9518,91400,"<1H OCEAN"
39,2050,529,1959,485,2.1389,168900,"<1H OCEAN"
39,2265,628,2323,599,2.1522,155300,"<1H OCEAN"
32,2232,603,2361,608,2.5966,170900,"<1H OCEAN"
36,1542,458,1711,468,1.9028,164200,"<1H OCEAN"
35,1437,474,2113,484,2.6179,158800,"<1H OCEAN"
42,1380,331,1290,288,2.8,161800,"<1H OCEAN"
38,1889,565,2087,559,1.7778,154000,"<1H OCEAN"
36,1679,483,2249,487,2.8167,160400,"<1H OCEAN"
42,3896,981,4496,993,3.153,150900,"<1H OCEAN"
42,1977,570,2406,557,2.5913,151600,"<1H OCEAN"
43,1683,520,2190,494,2.2391,152800,"<1H OCEAN"
42,1046,287,1218,289,2.6538,143400,"<1H OCEAN"
42,1115,297,1412,325,3.0903,153500,"<1H OCEAN"
38,788,224,1155,208,3.3542,153800,"<1H OCEAN"
41,928,249,1108,236,3.4323,144600,"<1H OCEAN"
44,2144,477,1760,452,2.3221,161600,"<1H OCEAN"
43,1233,306,1190,282,2.8371,161300,"<1H OCEAN"
41,1512,400,1690,367,3.055,167000,"<1H OCEAN"
37,2127,533,2021,480,2.9773,164600,"<1H OCEAN"
43,1686,446,1590,474,2.3241,159300,"<1H OCEAN"
48,284,104,422,119,1.2826,145500,"<1H OCEAN"
43,1500,419,1726,440,1.8641,165100,"<1H OCEAN"
35,1924,520,2101,541,2.4267,151500,"<1H OCEAN"
41,679,184,788,185,2.1406,165300,"<1H OCEAN"
32,1116,328,1265,302,2.295,155200,"<1H OCEAN"
35,2134,650,2248,587,2.2988,153400,"<1H OCEAN"
35,2129,614,2376,618,2.0372,160800,"<1H OCEAN"
42,618,163,680,179,3.3472,154200,"<1H OCEAN"
45,1818,408,1705,373,4.0441,157500,"<1H OCEAN"
40,2227,594,2244,580,2.4459,143800,"<1H OCEAN"
41,1807,442,1628,443,2.84,156100,"<1H OCEAN"
44,1436,271,850,269,3.2768,179100,"<1H OCEAN"
45,1871,371,1315,382,3.3661,160800,"<1H OCEAN"
45,1403,315,1111,311,3.3846,168100,"<1H OCEAN"
41,1368,309,1244,312,3.0833,164800,"<1H OCEAN"
42,1651,463,1559,436,2.3882,148100,"<1H OCEAN"
44,1413,298,1200,307,3.5125,169300,"<1H OCEAN"
45,1570,328,1321,300,3.7361,171800,"<1H OCEAN"
43,1934,511,1895,493,2.5029,159700,"<1H OCEAN"
40,979,296,934,292,2.6354,151800,"<1H OCEAN"
42,2309,685,2609,673,2.7206,162100,"<1H OCEAN"
32,2210,456,1270,484,4.7708,178600,"<1H OCEAN"
35,757,151,474,132,3.7361,179800,"<1H OCEAN"
44,1337,245,968,240,3.4688,183600,"<1H OCEAN"
39,2121,579,1991,528,2.9094,152200,"<1H OCEAN"
42,2608,610,2062,616,3.5341,167500,"<1H OCEAN"
43,2724,612,2340,570,2.7,165000,"<1H OCEAN"
17,1145,209,499,202,4.6389,165500,"<1H OCEAN"
23,1991,584,1380,535,1.9107,181900,"<1H OCEAN"
36,2447,503,1532,498,4.3667,171800,"<1H OCEAN"
43,2099,398,1276,387,3.1528,166800,"<1H OCEAN"
44,1368,277,899,271,3.5938,161300,"<1H OCEAN"
41,1806,408,1146,374,2.9643,162200,"<1H OCEAN"
39,1157,273,877,305,3.1087,171000,"<1H OCEAN"
32,2035,519,2282,480,3.2734,136400,"<1H OCEAN"
29,749,185,708,196,2.4583,136900,"<1H OCEAN"
36,1356,314,1469,300,2.0785,139800,"<1H OCEAN"
31,1516,400,1820,398,2.1641,122900,"<1H OCEAN"
35,952,271,949,261,2.4297,147200,"<1H OCEAN"
40,1334,276,1226,278,3.4712,144300,"<1H OCEAN"
42,1829,391,1614,377,3.1912,146400,"<1H OCEAN"
40,1929,417,1780,419,3.4402,149400,"<1H OCEAN"
44,1613,345,1227,342,3.1667,145700,"<1H OCEAN"
43,2339,487,1732,449,3.0987,139400,"<1H OCEAN"
42,1411,314,1432,322,3.0871,138800,"<1H OCEAN"
38,1626,307,1280,295,3.5313,146500,"<1H OCEAN"
34,892,318,1443,341,2.1903,162500,"<1H OCEAN"
34,710,205,1134,233,2.7734,141100,"<1H OCEAN"
30,2831,862,3649,883,1.9668,152100,"<1H OCEAN"
36,2210,634,2341,553,2.1715,131100,"<1H OCEAN"
33,2739,801,3423,741,2.2847,132700,"<1H OCEAN"
41,857,201,934,227,2.6339,145700,"<1H OCEAN"
36,1191,345,1193,295,2.5185,138800,"<1H OCEAN"
36,1337,382,1769,393,2.6953,121000,"<1H OCEAN"
39,354,73,184,58,2.7679,108900,"<1H OCEAN"
39,1921,483,2286,470,3.0167,130000,"<1H OCEAN"
40,930,258,1203,244,2.5938,115400,"<1H OCEAN"
23,545,131,610,126,1.4861,95100,"<1H OCEAN"
30,1147,260,1219,210,2.0658,93200,"<1H OCEAN"
30,443,170,903,189,2.1964,125000,"<1H OCEAN"
41,619,138,636,145,2.5083,118100,"<1H OCEAN"
37,1705,403,1839,410,2.5833,132700,"<1H OCEAN"
35,1669,445,1870,412,3.0417,117300,"<1H OCEAN"
28,2949,1003,4551,930,1.9026,131900,"<1H OCEAN"
43,1195,256,1251,262,3.4539,125000,"<1H OCEAN"
37,239,49,308,52,1.4028,105400,"<1H OCEAN"
35,1149,277,909,214,1.7411,96700,"<1H OCEAN"
32,2698,640,1953,613,1.2222,107200,"<1H OCEAN"
19,325,74,354,87,2.75,90600,"<1H OCEAN"
42,328,100,605,87,2.4464,97400,"<1H OCEAN"
44,1079,210,601,182,2.2411,106400,"<1H OCEAN"
38,180,43,246,56,2.85,90000,"<1H OCEAN"
27,581,135,647,131,3.2917,83100,"<1H OCEAN"
42,763,191,754,174,2.0486,101800,"<1H OCEAN"
46,723,154,411,165,2.0893,96500,"<1H OCEAN"
44,1737,363,1184,343,2.5363,95900,"<1H OCEAN"
44,1137,235,747,225,2,92600,"<1H OCEAN"
42,3320,682,2105,632,1.9809,104600,"<1H OCEAN"
44,892,139,440,159,2.8859,120800,"<1H OCEAN"
34,1178,260,1166,244,1.9185,93300,"<1H OCEAN"
35,1818,374,1444,372,2.745,106800,"<1H OCEAN"
39,1472,302,1036,318,3,110000,"<1H OCEAN"
37,742,151,729,144,3.055,105400,"<1H OCEAN"
42,1786,358,1318,373,2.625,101100,"<1H OCEAN"
37,3018,547,1720,512,2.7269,124100,"<1H OCEAN"
32,2238,471,1292,467,1.1705,110600,"<1H OCEAN"
32,1969,397,1349,370,4.4659,138100,"<1H OCEAN"
21,6108,1130,3244,1113,4.2768,181400,"<1H OCEAN"
42,1386,320,1163,319,2.4271,89500,"<1H OCEAN"
38,1566,318,981,318,4.0234,111900,"<1H OCEAN"
22,894,232,754,222,2.0096,110700,"<1H OCEAN"
36,949,164,502,163,4.1042,124400,"<1H OCEAN"
36,1950,365,1125,374,3.1111,119300,"<1H OCEAN"
36,1135,231,614,227,2.5521,113100,"<1H OCEAN"
35,1479,272,963,292,3.4917,109500,"<1H OCEAN"
39,935,210,711,193,2.4375,101900,"<1H OCEAN"
33,954,241,655,218,2.5882,92800,"<1H OCEAN"
39,967,256,903,256,1.9038,93100,"<1H OCEAN"
40,972,240,761,225,1.4688,88200,"<1H OCEAN"
38,745,152,721,160,1.875,102900,"<1H OCEAN"
36,1446,316,1286,314,2.7083,103600,"<1H OCEAN"
37,1607,377,1526,375,1.7158,94300,"<1H OCEAN"
40,1772,369,1122,324,3.2768,96100,"<1H OCEAN"
32,1735,430,1699,386,1.1793,103800,"<1H OCEAN"
34,661,146,742,143,2.1734,88200,"<1H OCEAN"
33,677,182,984,174,2.5893,88900,"<1H OCEAN"
34,789,200,1041,191,3.119,90300,"<1H OCEAN"
27,1694,393,1890,373,3.0341,89100,"<1H OCEAN"
32,1263,333,1789,346,1.9957,89300,"<1H OCEAN"
31,571,153,841,158,2.6154,89200,"<1H OCEAN"
34,1060,276,1215,250,2.0804,84700,"<1H OCEAN"
24,1555,406,1665,361,1.6437,98800,"<1H OCEAN"
23,926,409,1856,408,2.1366,1e+05,"<1H OCEAN"
24,1545,391,1807,388,2.6429,105300,"<1H OCEAN"
26,2422,632,2601,583,1.7824,110200,"<1H OCEAN"
38,796,159,679,167,3.6607,110400,"<1H OCEAN"
28,1847,500,2263,473,1.5161,103200,"<1H OCEAN"
26,1000,275,1178,263,2.12,105000,"<1H OCEAN"
35,2420,579,2010,540,2.0817,104600,"<1H OCEAN"
41,941,233,973,253,1.9583,102300,"<1H OCEAN"
35,1649,424,1786,388,1.4091,105600,"<1H OCEAN"
30,1007,260,1112,238,1.7262,115600,"<1H OCEAN"
36,414,104,477,130,3.6719,130400,"<1H OCEAN"
39,1050,217,895,207,3.1538,155600,"<1H OCEAN"
37,1073,265,1197,250,2.7109,133000,"<1H OCEAN"
41,1722,363,1432,326,3.2976,151200,"<1H OCEAN"
36,602,150,645,145,3.1964,115400,"<1H OCEAN"
41,1260,299,1535,322,3.0134,128100,"<1H OCEAN"
36,1138,238,878,224,2.0625,134400,"<1H OCEAN"
43,1531,357,1509,376,2.6354,128100,"<1H OCEAN"
33,915,225,826,212,2.7708,117400,"<1H OCEAN"
35,915,241,1153,252,3.305,115800,"<1H OCEAN"
35,2695,748,2935,706,2.0134,132400,"<1H OCEAN"
43,1381,278,1494,298,3.5878,118400,"<1H OCEAN"
33,1435,322,1298,299,2.7813,105100,"<1H OCEAN"
36,2283,499,1836,462,2.8793,118100,"<1H OCEAN"
36,1073,271,1385,288,2.3214,104800,"<1H OCEAN"
32,2762,652,2677,632,2.5719,105600,"<1H OCEAN"
36,2326,543,2073,494,1.9952,112900,"<1H OCEAN"
31,886,224,1154,247,2.1071,99500,"<1H OCEAN"
32,1696,438,1639,376,2.0357,107300,"<1H OCEAN"
37,2394,568,2499,551,2.5321,105100,"<1H OCEAN"
34,1552,444,2093,413,2.2125,103200,"<1H OCEAN"
38,4018,986,3702,927,2.9293,113600,"<1H OCEAN"
40,2538,564,2170,541,2.7212,107900,"<1H OCEAN"
42,1254,225,929,235,4.3646,116200,"<1H OCEAN"
39,1565,364,1389,360,2.7443,113900,"<1H OCEAN"
42,1739,370,1104,297,2.2125,120700,"<1H OCEAN"
43,1810,357,1335,358,3.1189,118800,"<1H OCEAN"
45,1211,234,1128,261,3.4792,110700,"<1H OCEAN"
38,929,166,686,183,3.4485,119400,"<1H OCEAN"
29,1976,444,1254,371,2.1782,126800,"<1H OCEAN"
26,266,75,252,59,2.1211,138100,"<1H OCEAN"
41,990,228,776,207,2.125,120200,"<1H OCEAN"
37,797,190,485,166,2.7434,95200,"<1H OCEAN"
36,873,240,1086,217,2.25,126600,"<1H OCEAN"
16,5003,1180,4145,1159,2.1389,133400,"<1H OCEAN"
34,1479,332,1166,322,2.6165,100900,"<1H OCEAN"
27,500,159,732,162,2.7426,103100,"<1H OCEAN"
22,312,107,583,119,1.9423,98400,"<1H OCEAN"
40,1802,496,2096,468,2.3542,97900,"<1H OCEAN"
31,2143,522,2276,519,1.8095,100800,"<1H OCEAN"
34,2462,553,2334,502,1.641,96800,"<1H OCEAN"
28,1108,284,1498,289,2.4706,88800,"<1H OCEAN"
45,1285,238,840,211,3.4107,112500,"<1H OCEAN"
38,2055,442,1518,425,2.3382,103000,"<1H OCEAN"
35,1079,247,1055,243,2.375,93600,"<1H OCEAN"
39,642,129,475,123,1.2083,92600,"<1H OCEAN"
37,2119,442,1372,406,1.9605,106200,"<1H OCEAN"
40,1308,272,901,257,2.8269,98000,"<1H OCEAN"
38,1201,223,733,206,3.3804,105800,"<1H OCEAN"
35,1582,391,1957,404,2.4537,91500,"<1H OCEAN"
32,1132,266,1211,279,2.1838,98300,"<1H OCEAN"
41,1476,286,1086,278,2.4632,111700,"<1H OCEAN"
36,406,71,268,77,3.9,115800,"<1H OCEAN"
34,1367,288,1183,286,2.6812,104100,"<1H OCEAN"
36,2230,417,1395,381,2.8493,109600,"<1H OCEAN"
36,923,165,603,191,3.5687,120700,"<1H OCEAN"
37,1843,366,1207,351,2.4821,111000,"<1H OCEAN"
37,1027,217,1042,254,2.2121,98600,"<1H OCEAN"
37,1042,213,699,196,2.9643,103200,"<1H OCEAN"
36,1527,309,1154,279,3.3095,105500,"<1H OCEAN"
39,1756,320,1055,322,3.2375,105200,"<1H OCEAN"
40,519,102,330,95,3.0972,108500,"<1H OCEAN"
36,1212,222,775,224,5.5591,136500,"<1H OCEAN"
37,1149,280,1016,250,2.125,101900,"<1H OCEAN"
35,998,313,1335,311,1.6574,102500,"<1H OCEAN"
35,1255,344,1782,343,2.1949,95100,"<1H OCEAN"
35,842,201,763,189,2.6719,109800,"<1H OCEAN"
41,1941,367,1204,323,3.0417,113700,"<1H OCEAN"
36,2598,514,1872,514,3.1667,117700,"<1H OCEAN"
16,8732,1489,3944,1493,5.1948,203500,"<1H OCEAN"
25,9594,1489,5237,1496,5.9684,193300,"<1H OCEAN"
25,1106,207,888,216,5.3307,207000,"<1H OCEAN"
22,7368,1367,4721,1342,4.8438,213100,"<1H OCEAN"
19,1731,420,1032,364,3.8125,208100,"<1H OCEAN"
18,6812,1263,3704,1216,4.25,169200,"<1H OCEAN"
26,3022,476,1852,452,6.0531,186400,"<1H OCEAN"
25,2324,326,1087,328,5.293,207000,"<1H OCEAN"
24,9071,1335,4558,1327,5.542,197500,"<1H OCEAN"
33,1685,333,1484,318,4.3527,167000,"<1H OCEAN"
29,2587,489,2115,475,3.7466,168600,"<1H OCEAN"
26,1097,167,701,188,6.5799,196600,"<1H OCEAN"
27,489,98,403,97,5.144,180800,"<1H OCEAN"
27,2326,533,1697,546,3.8633,187900,"<1H OCEAN"
18,5923,1409,3887,1322,3.4712,194400,"<1H OCEAN"
11,2274,617,1897,622,3.5094,162900,"<1H OCEAN"
33,896,208,843,200,3.5,183000,"<1H OCEAN"
34,2617,558,1396,515,5.061,218000,"<1H OCEAN"
23,3626,799,2321,731,4.7393,237900,"<1H OCEAN"
24,4092,893,2819,893,4.1378,216500,"<1H OCEAN"
26,4586,1042,3680,1027,4.174,205100,"<1H OCEAN"
21,4383,901,2689,913,3.4375,218800,"<1H OCEAN"
19,7023,1538,3993,1412,5.0532,218200,"<1H OCEAN"
21,9944,1623,4185,1582,4.526,329400,"<1H OCEAN"
30,3615,760,2813,752,5.3849,217700,"<1H OCEAN"
29,2755,508,2046,488,5.2034,212400,"<1H OCEAN"
36,1593,334,1427,320,4.4015,166900,"<1H OCEAN"
33,1596,337,1650,329,4.3687,173500,"<1H OCEAN"
37,943,218,803,216,5.2287,191100,"<1H OCEAN"
10,1881,571,1769,553,3.9286,114000,"<1H OCEAN"
42,865,208,811,218,3.8621,165300,"<1H OCEAN"
38,1607,337,1130,334,4.4821,190700,"<1H OCEAN"
39,1357,249,763,229,4.25,200300,"<1H OCEAN"
28,4698,902,3287,881,4.8508,215900,"<1H OCEAN"
24,6303,1277,3728,1252,3.9227,208600,"<1H OCEAN"
28,880,168,717,142,4.5469,175700,"<1H OCEAN"
28,2152,415,1623,429,4.35,200500,"<1H OCEAN"
34,1124,245,717,242,3.1667,186900,"<1H OCEAN"
28,1642,434,1575,420,4.1292,201900,"<1H OCEAN"
28,5091,1074,4753,1033,3.6477,117400,"<1H OCEAN"
28,4112,861,3211,841,4.4539,192200,"<1H OCEAN"
28,822,205,627,192,3.4583,166300,"<1H OCEAN"
35,1131,273,1007,269,4.0219,168300,"<1H OCEAN"
38,1928,429,1358,399,4.0687,160300,"<1H OCEAN"
42,1370,299,1018,328,4.4474,160200,"<1H OCEAN"
44,1792,404,1115,358,3.9091,174400,"<1H OCEAN"
43,1426,272,871,276,3.7083,175200,"<1H OCEAN"
38,793,193,601,187,2.8837,176100,"NEAR OCEAN"
5,906,187,1453,158,4.125,171900,"<1H OCEAN"
39,859,164,673,172,3.7143,158200,"<1H OCEAN"
39,1478,324,1127,320,3.525,158000,"<1H OCEAN"
39,1631,322,1034,328,4.5382,165700,"<1H OCEAN"
36,1560,320,1348,314,3.622,174000,"<1H OCEAN"
34,2118,437,1414,442,3.7238,166800,"<1H OCEAN"
33,2263,511,1626,457,3.5556,172800,"<1H OCEAN"
34,1558,375,1179,337,3.2188,165100,"<1H OCEAN"
36,2381,419,1669,444,4.6976,171100,"<1H OCEAN"
36,847,185,713,194,4.8542,167400,"<1H OCEAN"
36,1226,211,711,219,4.5699,170800,"<1H OCEAN"
33,879,181,547,169,5.3146,168600,"<1H OCEAN"
31,1983,419,1157,390,3.5455,168300,"<1H OCEAN"
37,1950,356,1183,338,4.1449,175300,"<1H OCEAN"
35,2017,383,1388,386,4.0774,171600,"<1H OCEAN"
36,1124,217,707,234,4.375,174500,"<1H OCEAN"
33,1474,325,1205,335,3.1397,166800,"<1H OCEAN"
32,1016,190,729,177,4.3,151300,"<1H OCEAN"
34,1414,263,983,264,4.1767,156600,"<1H OCEAN"
33,639,129,460,118,3.1607,189000,"<1H OCEAN"
35,1622,302,845,284,4.5769,186100,"<1H OCEAN"
34,3635,781,2171,720,3.7308,196900,"<1H OCEAN"
27,1666,365,995,354,4.5694,204300,"<1H OCEAN"
36,2049,334,1105,363,4.8036,261300,"<1H OCEAN"
34,1947,284,841,277,6.1814,453600,"<1H OCEAN"
34,2319,334,941,356,6.4319,452300,"<1H OCEAN"
34,1723,279,617,252,6.7501,4e+05,"<1H OCEAN"
33,3099,839,2025,750,3.183,191100,"<1H OCEAN"
38,1301,264,877,275,4.625,191300,"<1H OCEAN"
29,2784,582,1278,550,4.3882,261600,"<1H OCEAN"
35,1604,280,802,280,5.752,291000,"<1H OCEAN"
34,2863,451,1243,466,6.0723,297200,"<1H OCEAN"
38,2105,348,956,350,4.4125,246000,"<1H OCEAN"
36,1426,235,698,240,4.8523,267300,"<1H OCEAN"
35,708,145,471,153,3.2,197400,"<1H OCEAN"
36,1759,295,837,267,4.6992,251900,"<1H OCEAN"
36,1933,341,958,335,4.4732,266000,"<1H OCEAN"
38,1040,202,557,228,4,254700,"<1H OCEAN"
34,2744,541,1333,503,4.0536,277200,"<1H OCEAN"
35,1500,250,706,250,4.5625,253500,"<1H OCEAN"
34,1736,297,823,292,5.4042,241600,"<1H OCEAN"
37,1709,333,778,344,3.9036,326600,"<1H OCEAN"
44,1812,338,822,314,6.7744,294100,"<1H OCEAN"
42,1413,228,630,219,6.8564,3e+05,"<1H OCEAN"
37,1462,243,600,236,5.2015,302000,"<1H OCEAN"
36,1942,355,891,348,3.6635,282100,"<1H OCEAN"
33,2418,485,1397,477,3.1083,285500,"<1H OCEAN"
31,1053,230,686,211,4,263200,"<1H OCEAN"
36,2752,459,1211,452,5.0526,269800,"<1H OCEAN"
35,1813,313,825,316,5.2485,323800,"<1H OCEAN"
33,2394,576,1166,548,2.7317,264700,"<1H OCEAN"
34,522,138,373,139,3.5481,265000,"<1H OCEAN"
24,6662,1852,3792,1735,3.1104,230000,"<1H OCEAN"
35,2670,493,1196,488,3.8427,283500,"<1H OCEAN"
37,1434,262,786,256,4.4375,244900,"<1H OCEAN"
32,2098,378,1036,385,5.0258,255400,"<1H OCEAN"
31,2210,519,1047,472,3.3292,271300,"<1H OCEAN"
33,2206,393,973,364,4.675,283000,"<1H OCEAN"
36,1949,319,909,325,5.1587,296600,"<1H OCEAN"
17,1205,347,736,342,3.2011,162500,"<1H OCEAN"
27,6336,1628,4673,1505,2.5893,183700,"<1H OCEAN"
27,580,143,466,133,3.0909,187500,"<1H OCEAN"
28,3069,864,1932,835,2.4925,177200,"<1H OCEAN"
38,2040,458,1775,445,3.5227,202400,"<1H OCEAN"
36,984,183,615,206,4.1786,201500,"<1H OCEAN"
31,3731,853,2313,801,3.2237,218200,"<1H OCEAN"
31,3205,727,1647,664,3.3681,223900,"<1H OCEAN"
32,2065,438,1075,442,4.4279,226400,"<1H OCEAN"
30,3096,628,1676,587,4.6583,207300,"<1H OCEAN"
34,2122,517,1578,488,3.1496,191900,"<1H OCEAN"
19,1793,447,1222,452,2.6862,195800,"<1H OCEAN"
31,2841,774,1612,708,2.9205,196600,"<1H OCEAN"
35,2987,601,1561,606,4.0039,226500,"<1H OCEAN"
36,1948,341,992,363,4.2594,242400,"<1H OCEAN"
37,1594,321,1003,323,3.3289,199700,"<1H OCEAN"
35,2753,702,1592,614,2.7875,209000,"<1H OCEAN"
25,3341,789,1685,751,3.6936,238300,"<1H OCEAN"
25,1948,433,1128,429,3.7614,255900,"<1H OCEAN"
25,5675,1224,3317,1119,3.9352,232900,"<1H OCEAN"
42,1839,346,1034,339,4.9808,212300,"<1H OCEAN"
34,1745,404,1084,410,3.3411,220500,"<1H OCEAN"
36,2062,351,1134,358,4.4881,218900,"<1H OCEAN"
35,2378,559,1799,546,3.9327,190500,"<1H OCEAN"
36,1890,400,1232,386,4.375,184200,"<1H OCEAN"
40,1335,281,804,282,4.3194,198400,"<1H OCEAN"
28,1038,252,912,245,2.5875,161200,"<1H OCEAN"
30,915,234,646,211,2.5208,182800,"<1H OCEAN"
19,3056,759,1561,740,3.1369,196900,"<1H OCEAN"
34,682,132,491,144,4.6389,173800,"<1H OCEAN"
35,620,122,381,124,3.7917,183900,"<1H OCEAN"
35,1518,279,857,251,3.6917,197500,"<1H OCEAN"
35,561,104,261,105,4.9375,183800,"<1H OCEAN"
34,916,162,552,164,4.9107,222000,"<1H OCEAN"
36,1096,204,569,201,4.475,182300,"<1H OCEAN"
34,2011,472,1087,423,3.0465,187800,"<1H OCEAN"
40,513,100,399,99,4.875,167600,"<1H OCEAN"
36,1080,201,719,201,4.2679,175800,"<1H OCEAN"
35,1151,248,809,246,4.7813,160000,"<1H OCEAN"
29,889,166,597,163,4.9609,186700,"<1H OCEAN"
22,1981,472,1231,457,4.0878,153700,"<1H OCEAN"
29,505,113,411,113,2.6397,164400,"<1H OCEAN"
14,2369,604,1546,464,3.7969,159400,"<1H OCEAN"
34,1582,343,1356,324,3.4211,141100,"<1H OCEAN"
36,1442,271,990,268,4.0517,162200,"<1H OCEAN"
35,1994,419,1491,428,3.7383,166200,"<1H OCEAN"
35,1592,335,1238,320,4.9732,165000,"<1H OCEAN"
36,1551,297,1100,322,5.1187,168100,"<1H OCEAN"
30,1366,460,920,410,0.9946,159900,"<1H OCEAN"
36,1215,279,862,285,3.7604,158700,"<1H OCEAN"
37,1112,222,771,224,4.2132,164600,"<1H OCEAN"
35,1653,325,1072,301,3.2708,159700,"<1H OCEAN"
30,3259,942,2744,895,2.8608,165600,"<1H OCEAN"
29,2387,570,1978,548,3.1957,159200,"<1H OCEAN"
18,1573,396,1200,365,2.895,146900,"<1H OCEAN"
24,4880,1044,4516,1050,4.1387,157700,"<1H OCEAN"
21,2863,701,1489,621,3.2031,180700,"<1H OCEAN"
36,1360,271,909,275,4.6731,173300,"<1H OCEAN"
35,2228,463,1558,427,4.023,157700,"<1H OCEAN"
41,550,129,642,125,1.875,119900,"<1H OCEAN"
36,1047,227,975,239,3.1897,155000,"<1H OCEAN"
37,1161,254,882,236,4.4167,158000,"<1H OCEAN"
26,2483,412,1538,449,5.1104,220500,"<1H OCEAN"
29,1138,217,964,222,4.537,185300,"<1H OCEAN"
17,2223,544,2008,512,3.0777,160800,"<1H OCEAN"
35,1145,274,1651,265,3.125,120300,"<1H OCEAN"
28,1035,275,1545,269,3.0357,123400,"<1H OCEAN"
35,1071,290,1412,274,3.1917,114900,"<1H OCEAN"
37,1152,259,981,225,3.2857,153600,"<1H OCEAN"
39,2502,546,1849,518,3.8846,164100,"<1H OCEAN"
42,1007,224,776,228,3.8672,162700,"<1H OCEAN"
45,1776,353,1180,337,4.6406,169200,"<1H OCEAN"
44,1167,237,733,237,4.2083,168300,"<1H OCEAN"
42,1768,372,1155,368,3.558,161100,"<1H OCEAN"
37,1147,258,742,242,4.0461,153500,"<1H OCEAN"
33,3326,720,2533,689,3.1441,176300,"<1H OCEAN"
43,1237,243,776,246,4.325,166000,"<1H OCEAN"
40,1880,377,1229,378,4.4167,174600,"<1H OCEAN"
41,834,166,603,179,3.7321,167500,"<1H OCEAN"
42,1150,215,708,204,3.6875,171500,"<1H OCEAN"
27,3399,882,2465,811,3.099,166600,"<1H OCEAN"
34,2242,436,1483,443,4.4934,185600,"<1H OCEAN"
37,1061,202,768,206,4.75,161900,"<1H OCEAN"
37,796,175,740,183,3.6,156400,"<1H OCEAN"
36,769,142,498,137,4.7159,182100,"<1H OCEAN"
35,994,203,602,185,3.5865,178000,"<1H OCEAN"
35,2604,495,1465,470,4.4896,184600,"<1H OCEAN"
26,4173,893,2471,863,3.5052,196000,"<1H OCEAN"
35,1139,197,772,233,4.375,204700,"<1H OCEAN"
35,1623,304,868,272,3.5893,276000,"<1H OCEAN"
34,2508,594,1549,545,3.2069,236500,"<1H OCEAN"
35,1323,269,1084,240,5.0753,178000,"<1H OCEAN"
36,1347,278,748,278,5.1423,183100,"<1H OCEAN"
36,1088,231,617,211,3.8824,193100,"<1H OCEAN"
36,1432,265,749,261,3.5772,207400,"<1H OCEAN"
36,2053,386,1023,394,3,216600,"<1H OCEAN"
38,1475,269,827,265,4.7663,191600,"<1H OCEAN"
36,1967,316,910,306,4.4948,190600,"<1H OCEAN"
37,932,171,578,175,4.375,177600,"<1H OCEAN"
26,2145,471,1150,429,3.5972,225800,"<1H OCEAN"
34,1766,410,974,404,3.0703,180800,"<1H OCEAN"
32,1981,472,1371,431,3.1204,204200,"<1H OCEAN"
35,1590,350,1299,335,4.0313,163200,"<1H OCEAN"
38,901,205,760,208,2.9643,147400,"<1H OCEAN"
20,2850,737,1855,662,2.809,144600,"<1H OCEAN"
28,2410,616,2399,594,2.7339,156700,"<1H OCEAN"
28,2922,739,3013,673,2.9531,127100,"<1H OCEAN"
35,1403,338,1415,367,3.0967,144000,"<1H OCEAN"
35,574,116,610,147,3.3182,133300,"<1H OCEAN"
25,2053,578,1721,507,2.3456,146100,"<1H OCEAN"
6,3445,847,2467,712,3.1507,144000,"<1H OCEAN"
12,3653,993,3215,854,2.8681,114200,"<1H OCEAN"
42,856,167,748,195,3.8,145800,"<1H OCEAN"
37,1499,288,1237,344,3.9333,162300,"<1H OCEAN"
25,1709,442,1177,410,2.4333,155000,"<1H OCEAN"
32,1452,365,1888,366,3.5461,146400,"<1H OCEAN"
32,778,227,933,209,2.7292,143800,"<1H OCEAN"
31,2536,603,2625,576,3.0909,150900,"<1H OCEAN"
34,1248,320,1960,338,3.1012,140400,"<1H OCEAN"
38,483,113,389,108,2.1859,143800,"<1H OCEAN"
6,1655,536,1201,487,1.7344,145800,"<1H OCEAN"
52,63,12,47,8,7.2423,350000,"<1H OCEAN"
11,3605,880,3637,873,2.6328,160700,"<1H OCEAN"
25,5896,1464,4149,1362,2.6742,131900,"<1H OCEAN"
30,4426,995,4196,921,3.274,148300,"<1H OCEAN"
24,4232,1092,2688,1035,2.52,146000,"<1H OCEAN"
33,2848,641,2319,647,3.407,190800,"<1H OCEAN"
46,940,219,599,214,3.2813,190900,"<1H OCEAN"
30,1694,398,1181,383,2.9779,169500,"<1H OCEAN"
36,1814,350,886,347,3.4868,208400,"<1H OCEAN"
33,3668,867,2368,845,2.8906,204900,"<1H OCEAN"
33,2867,786,1774,705,2.9292,183400,"<1H OCEAN"
36,599,125,361,139,5.0395,225800,"<1H OCEAN"
36,1477,305,788,291,3.625,195800,"<1H OCEAN"
39,1379,282,883,291,3.3375,180100,"<1H OCEAN"
35,1458,261,686,236,3.9038,202700,"<1H OCEAN"
35,3478,730,1885,673,2.9375,206500,"<1H OCEAN"
22,6876,1960,5162,1879,2.9293,170800,"<1H OCEAN"
29,2666,848,2030,781,2.5432,180900,"<1H OCEAN"
38,1222,282,756,256,4.125,173900,"<1H OCEAN"
25,1768,559,983,488,2.6184,243800,"<1H OCEAN"
40,2344,571,1305,544,3.1923,191900,"<1H OCEAN"
32,3088,1024,1981,956,2.2027,192700,"<1H OCEAN"
29,2823,737,1723,678,2.7121,165500,"<1H OCEAN"
37,1159,238,740,243,4.9107,179600,"<1H OCEAN"
39,1744,339,1048,330,4.5735,195500,"<1H OCEAN"
30,2596,580,1662,539,4.0507,179500,"<1H OCEAN"
33,1250,276,866,268,4.1708,175000,"<1H OCEAN"
41,1531,343,1119,341,4.3646,161400,"<1H OCEAN"
24,3305,982,2085,881,2.6641,168200,"<1H OCEAN"
29,2690,659,1747,617,3.3713,198200,"<1H OCEAN"
19,3203,708,1761,667,4.0911,239700,"<1H OCEAN"
33,1379,254,795,297,4.6713,231800,"<1H OCEAN"
15,3254,598,1772,618,5.0417,240800,"<1H OCEAN"
21,3764,1081,1919,977,2.5057,156300,"<1H OCEAN"
36,1083,218,557,210,3.0795,218400,"<1H OCEAN"
32,1788,459,1131,461,3.5278,166100,"<1H OCEAN"
20,3638,868,2326,822,3.3304,194600,"<1H OCEAN"
21,6618,1773,4396,1649,3.0989,171400,"<1H OCEAN"
17,4807,838,3059,853,5.7619,297300,"<1H OCEAN"
17,2358,396,1387,364,6.299,285800,"<1H OCEAN"
17,7187,1073,3844,1068,6.5901,337400,"<1H OCEAN"
18,4928,773,2952,754,5.8855,313800,"<1H OCEAN"
16,4934,825,2668,810,5.748,284200,"<1H OCEAN"
17,2407,539,1422,524,4.2619,139700,"<1H OCEAN"
18,2436,375,1303,386,6.1968,344700,"<1H OCEAN"
18,3405,556,1945,509,5.7652,299100,"<1H OCEAN"
17,2259,383,1378,386,5.8733,287000,"<1H OCEAN"
19,4261,678,2621,661,6.2427,288700,"<1H OCEAN"
17,3666,562,2104,579,5.6818,338900,"<1H OCEAN"
16,3771,606,2196,564,7.0113,319700,"<1H OCEAN"
16,5603,938,3045,893,5.0778,293700,"<1H OCEAN"
16,2851,626,1985,603,5.4089,265600,"<1H OCEAN"
16,2306,393,1368,387,5.93,277600,"<1H OCEAN"
18,4626,822,2794,763,5.6917,275100,"<1H OCEAN"
21,2870,437,1671,470,7.2628,322700,"<1H OCEAN"
16,2676,391,1377,395,6.5513,350400,"<1H OCEAN"
16,4851,726,2527,704,6.0142,437400,"<1H OCEAN"
18,8046,1221,4276,1228,6.5515,319600,"<1H OCEAN"
21,3052,624,1588,568,4.3397,268100,"<1H OCEAN"
19,8120,1371,5026,1345,6.3093,286500,"<1H OCEAN"
19,993,174,572,175,5.7039,277600,"<1H OCEAN"
27,3065,736,1840,719,3.6417,208100,"<1H OCEAN"
27,3119,635,1887,567,3.8654,195300,"<1H OCEAN"
32,1819,386,1679,360,3.5562,146000,"<1H OCEAN"
33,2131,435,2045,426,4,145700,"<1H OCEAN"
27,923,186,1014,204,3.825,159500,"<1H OCEAN"
30,1901,519,2685,496,3.2639,120100,"<1H OCEAN"
26,1507,270,931,275,5.1645,244900,"<1H OCEAN"
23,2536,552,2012,556,4.1406,200800,"<1H OCEAN"
28,2399,436,1613,429,3.6339,220100,"<1H OCEAN"
31,3498,728,2098,697,3.9837,246000,"<1H OCEAN"
31,2943,518,1703,472,3.7091,225900,"<1H OCEAN"
28,1789,352,1347,330,3.425,189700,"<1H OCEAN"
26,778,173,539,186,3.2679,236500,"<1H OCEAN"
29,3260,783,1969,737,3.5268,215500,"<1H OCEAN"
29,1018,235,684,248,3.3333,198800,"<1H OCEAN"
31,2377,600,2042,593,3.625,170400,"<1H OCEAN"
31,2906,578,1806,553,4.8448,194600,"<1H OCEAN"
23,4412,910,2380,825,4.54,213100,"<1H OCEAN"
27,1594,295,1061,320,4.7917,217700,"<1H OCEAN"
22,1055,204,682,216,6,191300,"<1H OCEAN"
28,4216,948,2997,896,3.7961,162700,"<1H OCEAN"
25,3696,953,2827,860,3.3438,153300,"<1H OCEAN"
26,6960,1454,4367,1437,4.7953,210900,"<1H OCEAN"
20,5643,1231,3841,1195,4.0542,168400,"<1H OCEAN"
27,3481,576,1660,560,5.7965,228200,"<1H OCEAN"
26,4259,588,1644,581,6.2519,345700,"<1H OCEAN"
30,2188,556,2727,525,2.7759,136800,"<1H OCEAN"
30,2636,652,3412,649,2.8095,118300,"<1H OCEAN"
17,4822,1168,3868,1117,2.5978,142900,"<1H OCEAN"
33,2389,410,1229,393,5.3889,234900,"<1H OCEAN"
35,1255,252,685,279,4.2,226900,"<1H OCEAN"
44,2663,511,1277,462,4.3194,199500,"<1H OCEAN"
43,1633,355,837,350,3.0405,188000,"<1H OCEAN"
45,1606,300,735,295,4.6765,198400,"<1H OCEAN"
45,1320,256,645,256,4.4,209500,"<1H OCEAN"
45,1866,343,919,344,3.5833,200200,"<1H OCEAN"
44,1661,315,985,319,4.3942,219500,"<1H OCEAN"
43,2104,382,1071,396,5,208900,"<1H OCEAN"
44,1436,257,745,233,4.625,213400,"<1H OCEAN"
44,1276,234,538,213,4.8667,218300,"<1H OCEAN"
44,1607,271,799,283,5.084,214100,"<1H OCEAN"
36,1578,312,827,311,4.8942,194100,"<1H OCEAN"
34,2403,413,1385,386,4.4934,213800,"<1H OCEAN"
33,2180,522,1634,467,3.0114,167000,"<1H OCEAN"
33,2373,552,1673,571,3.0685,181800,"<1H OCEAN"
32,1854,471,1363,478,2.6406,156700,"<1H OCEAN"
18,2287,662,1804,537,1.9903,170300,"<1H OCEAN"
29,815,206,590,183,3.0052,166700,"<1H OCEAN"
42,1645,371,1161,351,3.0893,162700,"<1H OCEAN"
47,882,185,536,174,4.625,163000,"<1H OCEAN"
44,1308,267,783,237,4.7361,167700,"<1H OCEAN"
42,2326,503,1832,501,3.1713,161000,"<1H OCEAN"
27,4701,1359,2571,1216,2.5417,184100,"<1H OCEAN"
35,1769,436,1166,386,2.875,178300,"<1H OCEAN"
42,1999,431,1060,399,3.7031,167100,"<1H OCEAN"
46,1824,438,1200,451,3.4375,156700,"<1H OCEAN"
38,2009,524,1449,451,2.7045,155400,"<1H OCEAN"
35,1133,296,774,271,2.2381,137500,"<1H OCEAN"
36,2013,546,1659,522,3.1215,153600,"<1H OCEAN"
27,2732,867,1690,794,2.6465,160200,"<1H OCEAN"
42,1213,269,628,229,3.6987,152100,"<1H OCEAN"
40,1699,346,1188,329,4.2083,147300,"<1H OCEAN"
40,2945,725,2858,690,3.2368,136900,"<1H OCEAN"
31,1332,417,1405,363,2.0125,143000,"<1H OCEAN"
32,1507,379,1082,350,3.225,138200,"<1H OCEAN"
26,703,202,757,212,2.525,155500,"<1H OCEAN"
42,1482,310,1052,317,3.9469,158200,"<1H OCEAN"
36,1554,273,974,264,4.2135,161400,"<1H OCEAN"
40,2462,587,1821,536,3.5646,162600,"<1H OCEAN"
44,1701,396,1091,384,3.025,162300,"<1H OCEAN"
49,1937,445,1339,440,3.0319,162800,"<1H OCEAN"
48,2258,509,1395,492,3.765,164800,"<1H OCEAN"
45,2110,494,1404,454,2.9803,165900,"<1H OCEAN"
44,2137,461,1126,439,3.4408,172900,"<1H OCEAN"
44,1832,401,1056,405,4.0658,175100,"<1H OCEAN"
38,2664,626,1627,604,3.7527,161900,"<1H OCEAN"
26,6607,1663,4066,1558,2.5068,156300,"<1H OCEAN"
10,1664,508,1369,493,2.9886,175000,"<1H OCEAN"
39,2247,526,1670,525,3.07,173000,"<1H OCEAN"
38,3596,862,2416,832,3.6897,169800,"<1H OCEAN"
43,2752,645,1674,614,3.6719,161300,"<1H OCEAN"
39,2925,732,1702,642,2.375,160800,"<1H OCEAN"
40,1301,342,954,336,2.3804,158000,"<1H OCEAN"
37,1404,257,652,258,4.2062,195400,"<1H OCEAN"
30,4071,1067,2144,970,2.7268,218100,"<1H OCEAN"
36,1435,249,606,234,4.1439,212600,"<1H OCEAN"
36,1491,259,699,266,4.0781,217300,"<1H OCEAN"
32,2630,559,1069,491,2.4659,209000,"<1H OCEAN"
36,2668,473,1315,478,4.0714,215600,"<1H OCEAN"
36,1979,339,952,339,4.0815,216200,"<1H OCEAN"
37,2259,425,1183,413,5.1805,201600,"<1H OCEAN"
36,2110,416,1128,403,4.6019,208400,"<1H OCEAN"
36,1885,391,1049,405,3.55,212800,"<1H OCEAN"
36,1774,348,934,333,4.8571,203300,"<1H OCEAN"
36,1703,325,845,308,5.0106,210800,"<1H OCEAN"
28,2825,470,1352,469,5.2639,242000,"<1H OCEAN"
36,1473,253,713,257,5.9493,228000,"<1H OCEAN"
36,956,159,416,157,4.6429,223700,"<1H OCEAN"
36,887,163,482,157,4.125,219500,"<1H OCEAN"
36,2418,389,1138,387,4.8393,216300,"<1H OCEAN"
36,2750,487,1386,458,4.9904,221700,"<1H OCEAN"
34,2116,427,972,396,4.8516,213600,"<1H OCEAN"
37,2584,453,1333,481,4.3661,219900,"<1H OCEAN"
37,2386,409,1101,399,4.6908,218200,"<1H OCEAN"
35,1790,269,924,263,5.296,226200,"<1H OCEAN"
36,1915,316,850,319,4.7222,225800,"<1H OCEAN"
37,2059,349,825,334,4.0603,225200,"<1H OCEAN"
36,1726,287,820,288,5.5767,218100,"<1H OCEAN"
36,1557,270,697,251,4.5417,219600,"<1H OCEAN"
36,2572,421,1318,434,5.1836,219700,"<1H OCEAN"
36,690,109,316,104,3.7813,209100,"<1H OCEAN"
37,1588,272,692,245,4.8594,220300,"<1H OCEAN"
36,1756,297,798,287,5.5581,218300,"<1H OCEAN"
37,2143,382,1047,377,4.4423,216000,"<1H OCEAN"
37,2706,462,1331,476,5.0719,220000,"<1H OCEAN"
36,1074,188,496,196,4.625,217400,"<1H OCEAN"
36,1523,263,717,278,4.875,218900,"<1H OCEAN"
36,1784,303,964,299,4.2703,220900,"<1H OCEAN"
44,1712,314,691,293,4.3594,221300,"<1H OCEAN"
37,1242,221,565,213,4.1094,215800,"<1H OCEAN"
36,1463,257,722,260,4.8438,226300,"<1H OCEAN"
35,3008,674,1584,671,3.5465,213200,"<1H OCEAN"
46,2439,429,944,374,4.2841,312400,"<1H OCEAN"
44,1710,333,786,344,4.2917,314700,"<1H OCEAN"
43,2107,439,876,429,3.2024,339400,"<1H OCEAN"
48,1895,294,881,293,6.3364,307400,"<1H OCEAN"
45,1908,361,890,342,4.575,336000,"<1H OCEAN"
44,3043,619,1316,607,4.4286,254900,"<1H OCEAN"
36,3002,484,1322,471,4.933,228900,"<1H OCEAN"
29,2448,354,894,349,7.6526,481300,"<1H OCEAN"
36,2987,491,1360,497,4.8013,224100,"<1H OCEAN"
37,1508,252,635,241,3.75,221300,"<1H OCEAN"
36,2444,432,1199,424,4.1538,218800,"<1H OCEAN"
36,1348,234,643,221,3.6447,211000,"<1H OCEAN"
36,2831,573,1462,569,3.8646,214600,"<1H OCEAN"
36,2220,367,1002,351,5.0719,219500,"<1H OCEAN"
37,3714,708,1956,694,4.2218,200500,"<1H OCEAN"
45,1533,331,791,335,3.4605,186600,"<1H OCEAN"
29,4716,1372,2515,1272,2.726,208700,"<1H OCEAN"
45,1853,328,945,320,5.0787,219200,"<1H OCEAN"
45,2019,363,880,339,4.1023,217300,"NEAR OCEAN"
40,2597,582,1285,559,3.975,213800,"<1H OCEAN"
35,1415,294,591,291,2.9798,315600,"NEAR OCEAN"
44,2731,577,1396,555,4.1771,219100,"NEAR OCEAN"
24,1228,320,537,273,2.25,192000,"NEAR OCEAN"
30,2548,717,2086,700,0.7007,134400,"<1H OCEAN"
44,1890,465,1378,430,3.8819,143200,"<1H OCEAN"
30,3533,1061,2678,1033,2.2417,151900,"NEAR OCEAN"
49,1073,260,725,272,3.8026,149700,"NEAR OCEAN"
45,1167,302,773,287,3.2798,150300,"NEAR OCEAN"
33,2557,731,2286,700,2.3041,149100,"<1H OCEAN"
46,1854,462,1360,429,2.4844,158200,"<1H OCEAN"
35,3405,779,1953,671,2.7813,159200,"NEAR OCEAN"
35,3737,613,1305,583,7.2096,490300,"NEAR OCEAN"
43,2641,411,1011,444,6.4468,444200,"NEAR OCEAN"
42,1773,360,815,299,4.9,406300,"NEAR OCEAN"
45,1808,315,800,302,4.8693,277700,"NEAR OCEAN"
46,1362,214,531,222,4.3125,290500,"NEAR OCEAN"
44,1497,277,542,274,5.0052,321800,"NEAR OCEAN"
45,1535,274,591,276,4.2411,371700,"NEAR OCEAN"
39,3622,745,1330,648,3.3125,425500,"NEAR OCEAN"
43,2561,544,1063,537,3.835,418600,"NEAR OCEAN"
50,3587,693,1513,651,5.5106,252200,"NEAR OCEAN"
52,2539,497,1152,488,4.1354,268200,"NEAR OCEAN"
52,2569,484,1030,451,4.1301,268400,"NEAR OCEAN"
52,2618,472,943,440,3.7895,254000,"NEAR OCEAN"
43,284,65,167,68,4.25,207500,"NEAR OCEAN"
30,2246,552,1032,548,3.5871,347100,"NEAR OCEAN"
19,2953,895,1914,855,3.5521,290000,"NEAR OCEAN"
21,2251,452,913,420,4.6042,272200,"NEAR OCEAN"
43,1758,347,954,312,5.2606,198900,"NEAR OCEAN"
11,872,203,422,221,4.6364,156300,"NEAR OCEAN"
21,1835,427,1038,384,4.4559,198500,"NEAR OCEAN"
43,3013,574,1525,529,4.95,194000,"NEAR OCEAN"
34,2807,768,2217,744,2.4286,204800,"NEAR OCEAN"
23,954,390,804,373,2.5833,181300,"NEAR OCEAN"
45,944,178,533,193,3.4808,206900,"NEAR OCEAN"
46,1388,254,742,241,4.6458,212100,"NEAR OCEAN"
47,2347,437,1219,420,5.3096,209900,"NEAR OCEAN"
34,1719,398,1444,372,2.8438,139300,"NEAR OCEAN"
43,905,199,764,204,3.3214,162200,"NEAR OCEAN"
40,1815,428,1807,413,3.0882,160700,"NEAR OCEAN"
33,1278,311,1157,320,3.5054,146800,"NEAR OCEAN"
30,1680,469,1779,429,3.6086,146300,"NEAR OCEAN"
45,455,92,394,89,4.9562,165700,"NEAR OCEAN"
43,1005,199,723,191,4.3424,162500,"NEAR OCEAN"
17,5357,1332,3030,1266,1.9311,138100,"NEAR OCEAN"
45,1693,337,1255,333,3.6923,159700,"NEAR OCEAN"
45,1816,398,1524,388,3.8586,157900,"NEAR OCEAN"
38,1486,359,1345,326,3.3988,147800,"NEAR OCEAN"
41,726,166,602,183,3.7885,156900,"NEAR OCEAN"
45,1160,274,1095,269,2.7308,139000,"NEAR OCEAN"
41,1251,279,1053,278,3.2778,150800,"NEAR OCEAN"
36,1285,347,1291,337,3.7708,157100,"NEAR OCEAN"
33,1984,477,1764,440,3.875,165100,"NEAR OCEAN"
28,3008,629,2537,596,2.3,137500,"NEAR OCEAN"
39,1598,458,1691,399,2.3605,141800,"NEAR OCEAN"
32,2020,613,2557,562,2.1397,145300,"NEAR OCEAN"
44,1387,280,984,302,4.25,143100,"NEAR OCEAN"
38,2010,595,1535,525,1.9848,160400,"NEAR OCEAN"
29,3497,1096,2994,919,1.8109,137500,"NEAR OCEAN"
47,767,195,569,195,2.9514,185200,"NEAR OCEAN"
48,2105,592,1807,539,2.7183,190400,"NEAR OCEAN"
47,2549,626,1388,606,3.0135,192700,"NEAR OCEAN"
52,1786,445,1090,430,2.8988,194900,"NEAR OCEAN"
41,2125,591,1604,555,2.9943,190600,"NEAR OCEAN"
42,4577,1146,2749,1094,2.5012,197500,"NEAR OCEAN"
45,2456,495,1300,450,3.9792,210200,"NEAR OCEAN"
52,1009,216,614,231,4.0074,200800,"NEAR OCEAN"
42,2301,621,2114,561,2.0579,132700,"NEAR OCEAN"
36,2326,729,2635,657,2.1985,141800,"NEAR OCEAN"
42,1571,435,1631,417,1.6384,128000,"NEAR OCEAN"
41,2114,612,2357,529,1.7938,142600,"NEAR OCEAN"
43,1823,600,2339,560,1.6792,130600,"NEAR OCEAN"
30,2734,758,2951,691,1.7689,117600,"NEAR OCEAN"
36,948,303,1042,301,1.55,1e+05,"NEAR OCEAN"
43,2210,469,1042,418,3.5,216700,"NEAR OCEAN"
27,471,132,315,96,1.75,154200,"NEAR OCEAN"
9,3564,835,1530,807,5.1806,175000,"NEAR OCEAN"
25,5463,1265,3010,1179,3.233,199100,"NEAR OCEAN"
26,1589,380,883,366,3.5313,187500,"NEAR OCEAN"
15,2407,589,1591,506,3.0513,148100,"NEAR OCEAN"
45,1579,278,687,285,5.0424,225900,"<1H OCEAN"
45,1734,331,797,293,4.8917,222800,"<1H OCEAN"
43,1544,286,701,298,4.1375,226000,"<1H OCEAN"
42,1493,277,671,267,3.2794,224500,"<1H OCEAN"
44,1619,280,815,284,5.5449,232200,"<1H OCEAN"
44,1785,307,779,291,4.3056,228600,"<1H OCEAN"
45,3087,574,1474,567,5.5196,227600,"<1H OCEAN"
36,1408,250,702,251,4.875,222500,"<1H OCEAN"
36,1462,233,664,220,5.1171,225300,"<1H OCEAN"
36,1999,390,887,379,3.8162,221900,"<1H OCEAN"
36,1742,340,857,341,4.6875,218200,"<1H OCEAN"
37,1249,202,517,189,4.4196,223100,"<1H OCEAN"
36,1820,313,899,295,4.918,225200,"<1H OCEAN"
36,2734,448,1308,441,5.9265,227300,"<1H OCEAN"
36,2422,420,1193,421,4.8462,225700,"<1H OCEAN"
36,1930,354,915,328,5.2713,244400,"<1H OCEAN"
36,2000,343,956,352,5.3735,234400,"<1H OCEAN"
20,6295,937,2292,874,7.6084,402500,"<1H OCEAN"
36,2219,393,1042,396,5.2299,239800,"<1H OCEAN"
36,1878,323,846,325,7.1937,254400,"<1H OCEAN"
36,1111,184,444,177,3.7031,245300,"<1H OCEAN"
36,856,146,451,164,5.1993,246000,"<1H OCEAN"
36,1252,209,558,214,3.9722,235600,"<1H OCEAN"
37,1987,347,1095,357,4.3203,232800,"<1H OCEAN"
36,1946,346,871,336,5.2155,254800,"<1H OCEAN"
37,1756,345,836,335,4.375,218200,"<1H OCEAN"
36,2565,458,1155,443,4.6087,224600,"<1H OCEAN"
37,1798,331,860,340,4.2143,228500,"<1H OCEAN"
37,1013,199,493,183,4.7845,231400,"<1H OCEAN"
37,1228,237,572,242,4.325,223900,"<1H OCEAN"
37,1530,290,711,283,5.1795,225400,"<1H OCEAN"
36,665,114,273,112,3.7321,223700,"<1H OCEAN"
34,1903,343,928,349,5.395,241900,"<1H OCEAN"
36,1749,322,855,319,4.6473,227100,"<1H OCEAN"
36,1026,182,505,176,4.3438,233600,"<1H OCEAN"
36,1496,271,743,265,4.4312,226000,"<1H OCEAN"
41,1509,325,821,314,4.0893,223000,"<1H OCEAN"
44,1886,399,1167,372,3.1042,219800,"NEAR OCEAN"
36,1774,299,784,298,5.0447,249200,"<1H OCEAN"
36,1665,291,721,294,4.6875,250700,"<1H OCEAN"
35,1835,435,774,418,2.7092,256300,"<1H OCEAN"
36,1257,205,530,211,5.3701,251400,"<1H OCEAN"
36,1837,319,810,305,4.3897,235000,"<1H OCEAN"
36,1993,354,884,337,5.587,244900,"<1H OCEAN"
36,2223,370,1039,370,5.7942,257000,"<1H OCEAN"
36,1371,250,666,257,5.0795,243300,"<1H OCEAN"
36,1724,322,838,328,4.4831,253900,"<1H OCEAN"
36,1680,291,744,280,4.66,244800,"<1H OCEAN"
35,1034,180,444,177,5.4602,231600,"<1H OCEAN"
37,1694,280,776,271,6.2187,257900,"<1H OCEAN"
36,1962,325,786,315,5.62,239600,"<1H OCEAN"
37,1814,329,850,328,5.0574,240800,"<1H OCEAN"
36,4210,657,1911,631,5.8491,247300,"<1H OCEAN"
35,4466,740,2134,743,5.7389,251800,"<1H OCEAN"
35,2370,379,996,380,5.7368,287200,"<1H OCEAN"
36,3359,596,1522,565,5.1805,249400,"<1H OCEAN"
16,3985,567,1327,564,7.9767,500001,"<1H OCEAN"
29,2937,524,1132,528,4.6133,500001,"NEAR OCEAN"
31,3039,739,1199,697,3.7232,500001,"NEAR OCEAN"
36,1245,211,508,221,5.3441,480600,"NEAR OCEAN"
43,1471,301,767,311,4.3317,232400,"<1H OCEAN"
41,1762,314,738,300,4.1687,240700,"<1H OCEAN"
44,2153,375,947,364,5.0072,236200,"NEAR OCEAN"
45,2317,448,1057,428,4.375,234800,"NEAR OCEAN"
45,1519,263,681,267,4.6452,212500,"NEAR OCEAN"
20,6678,1797,3625,1599,3.7716,242900,"NEAR OCEAN"
43,2506,531,1230,543,3.4211,203900,"NEAR OCEAN"
5,3700,993,1657,848,3.7826,196300,"NEAR OCEAN"
23,2573,688,1478,604,3.4833,209400,"NEAR OCEAN"
44,2388,619,1461,592,3.1711,215400,"NEAR OCEAN"
44,2101,496,1038,500,3.108,217900,"NEAR OCEAN"
25,4013,1097,2297,969,3.0453,185900,"NEAR OCEAN"
17,1584,435,904,406,2.0875,181300,"NEAR OCEAN"
14,1709,558,1939,520,1.9808,139100,"NEAR OCEAN"
33,2048,585,2074,597,2.0156,152700,"NEAR OCEAN"
25,3742,1180,3916,1063,2.4,153700,"NEAR OCEAN"
26,3061,844,2135,769,2.875,164000,"NEAR OCEAN"
32,2171,672,3002,648,2.375,139700,"NEAR OCEAN"
30,1349,519,2646,552,1.9318,115900,"NEAR OCEAN"
36,1697,550,1379,434,1.2746,129700,"NEAR OCEAN"
27,1580,510,1896,448,2.0186,130000,"NEAR OCEAN"
28,1219,408,1816,348,1.7589,118300,"NEAR OCEAN"
20,1255,360,1201,318,1.2206,162500,"NEAR OCEAN"
29,1170,369,1398,373,2.2543,156300,"NEAR OCEAN"
37,1834,551,1967,476,2.137,126600,"NEAR OCEAN"
30,3107,994,3543,850,1.9387,141700,"NEAR OCEAN"
24,225,72,439,71,2.8533,137500,"NEAR OCEAN"
25,2851,968,3744,906,2.0675,116700,"NEAR OCEAN"
33,32,18,96,36,4.5938,112500,"NEAR OCEAN"
44,121,29,153,30,2.1964,150000,"NEAR OCEAN"
48,143,41,222,50,1.7,104200,"NEAR OCEAN"
21,49,14,29,16,5,87500,"NEAR OCEAN"
21,2741,1029,2924,969,1.3274,218800,"NEAR OCEAN"
35,1511,593,914,539,0.9318,187500,"NEAR OCEAN"
46,1889,651,1545,587,1.7064,175000,"NEAR OCEAN"
48,1766,497,1908,466,1.9872,168800,"NEAR OCEAN"
52,2662,893,3018,763,2.3305,162500,"NEAR OCEAN"
35,1574,603,820,514,1.2321,137500,"NEAR OCEAN"
40,2034,899,1257,797,1.2864,131300,"NEAR OCEAN"
24,2404,819,1566,753,1.5076,145800,"NEAR OCEAN"
22,1118,437,1190,399,1.9797,143800,"NEAR OCEAN"
52,1375,457,1089,317,2.2344,2e+05,"NEAR OCEAN"
41,1158,396,1209,336,2.7813,129200,"NEAR OCEAN"
42,517,233,995,212,2.225,106300,"NEAR OCEAN"
45,1434,627,735,518,1.5,162500,"NEAR OCEAN"
25,1442,392,632,385,4.6629,162500,"NEAR OCEAN"
52,1562,616,692,512,1.4048,2e+05,"NEAR OCEAN"
39,1645,547,1339,499,1.5536,155000,"NEAR OCEAN"
36,1833,688,1128,620,1.1483,112500,"NEAR OCEAN"
21,2103,727,1064,603,1.6178,137500,"NEAR OCEAN"
31,1711,691,1092,568,1.0714,150000,"NEAR OCEAN"
20,1852,556,1712,556,1.4565,152500,"NEAR OCEAN"
17,1419,436,1300,360,2.0769,1e+05,"NEAR OCEAN"
52,1180,381,1046,332,1.5603,162500,"NEAR OCEAN"
31,1648,484,898,457,1.5844,162500,"NEAR OCEAN"
8,992,393,694,331,2.5544,162500,"NEAR OCEAN"
29,1013,392,1083,316,1.8438,162500,"NEAR OCEAN"
42,1021,300,533,187,1.8036,175000,"NEAR OCEAN"
29,2920,962,3580,772,1.7393,140200,"NEAR OCEAN"
23,3768,1261,3940,1098,1.9647,186200,"NEAR OCEAN"
26,3042,1253,4812,1141,1.7701,146200,"NEAR OCEAN"
44,2364,746,3184,672,1.918,147500,"NEAR OCEAN"
36,2933,881,2077,838,2.2538,181300,"NEAR OCEAN"
45,2508,797,1340,720,2.6786,191100,"NEAR OCEAN"
38,2239,721,984,684,2.346,165600,"NEAR OCEAN"
39,2953,878,1379,785,2.1378,180400,"NEAR OCEAN"
12,4409,1401,3068,1262,2.2808,154700,"NEAR OCEAN"
29,1776,606,1391,488,1.1295,137500,"NEAR OCEAN"
30,1418,439,720,417,2.6371,159400,"NEAR OCEAN"
37,1127,327,492,331,2.675,241700,"NEAR OCEAN"
30,5915,1750,2136,1503,4.0968,310000,"NEAR OCEAN"
45,2151,643,1047,579,3.1149,218800,"NEAR OCEAN"
45,2143,697,1004,594,3.0153,220000,"NEAR OCEAN"
37,2653,754,1087,698,2.3523,325000,"NEAR OCEAN"
41,2048,601,852,533,2.5726,193800,"NEAR OCEAN"
49,2297,759,1105,629,1.8388,175000,"NEAR OCEAN"
49,3382,787,1314,756,3.8125,382100,"NEAR OCEAN"
36,2006,453,807,426,3.7838,500001,"NEAR OCEAN"
30,4439,1105,1749,1011,3.8984,306300,"NEAR OCEAN"
39,2428,634,1312,612,2.7212,266300,"NEAR OCEAN"
30,2800,757,1292,742,2.7614,272200,"NEAR OCEAN"
38,3235,769,1284,752,2.9384,304100,"NEAR OCEAN"
29,3078,786,1460,736,2.875,232500,"NEAR OCEAN"
25,4405,1262,2178,1090,3.0503,225000,"NEAR OCEAN"
15,4798,1374,3087,1212,2.127,163300,"NEAR OCEAN"
39,4075,1085,2470,1025,2.3317,222500,"NEAR OCEAN"
52,3248,853,1819,815,3.1739,222900,"NEAR OCEAN"
29,3684,1301,3891,1143,1.6955,179700,"NEAR OCEAN"
13,3056,861,1600,824,3.3003,207800,"NEAR OCEAN"
12,4436,1133,2176,1002,3.5812,198600,"NEAR OCEAN"
35,2768,752,1277,651,3.6193,250000,"NEAR OCEAN"
42,1898,488,940,483,3.4107,233300,"NEAR OCEAN"
45,1016,172,361,163,7.5,434500,"NEAR OCEAN"
49,2792,690,1301,648,3.2917,307400,"NEAR OCEAN"
51,2812,621,1171,566,3.875,342900,"NEAR OCEAN"
52,2204,498,899,445,4.1765,393900,"NEAR OCEAN"
41,3448,896,1621,838,4.5,339800,"NEAR OCEAN"
27,3043,787,1398,747,3.5528,271100,"NEAR OCEAN"
37,3242,698,1080,629,3.901,432500,"NEAR OCEAN"
29,2743,708,1059,651,3.625,5e+05,"NEAR OCEAN"
36,2916,785,1183,749,3.5985,500001,"NEAR OCEAN"
36,4366,1211,1912,1172,3.5292,361800,"NEAR OCEAN"
52,2216,526,940,530,4.5469,381000,"NEAR OCEAN"
44,1543,463,652,406,4.25,439300,"NEAR OCEAN"
39,1995,634,867,567,4.0795,4e+05,"NEAR OCEAN"
52,2677,642,1144,624,4.3889,378000,"NEAR OCEAN"
50,2960,761,1179,718,3.5214,398100,"NEAR OCEAN"
44,1633,536,741,513,3.385,408300,"NEAR OCEAN"
52,2208,409,791,408,5.8408,5e+05,"NEAR OCEAN"
50,914,167,322,165,4.7361,418800,"NEAR OCEAN"
46,2834,673,1175,670,4.7875,363800,"NEAR OCEAN"
44,2532,621,961,550,3.9352,406900,"NEAR OCEAN"
43,3070,668,1240,646,3.7813,461500,"NEAR OCEAN"
47,3330,569,1220,557,7.3672,500001,"NEAR OCEAN"
45,3035,516,1127,527,7.0796,500001,"NEAR OCEAN"
41,2072,491,742,414,3.9934,500001,"NEAR OCEAN"
36,2484,525,792,446,5.1815,500001,"NEAR OCEAN"
15,4690,1002,1879,974,5.6051,267400,"NEAR OCEAN"
15,9103,1847,3333,1712,5.1508,367300,"NEAR OCEAN"
20,4534,954,1941,892,6.0362,463500,"NEAR OCEAN"
10,7264,1137,2528,1057,10.2233,500001,"NEAR OCEAN"
52,3697,691,1436,671,4.6852,395200,"NEAR OCEAN"
37,4365,926,1661,868,5.3046,360700,"NEAR OCEAN"
32,3508,917,2794,839,1.554,1e+05,"<1H OCEAN"
36,1786,418,1367,393,1.5078,99600,"<1H OCEAN"
31,2839,792,2390,729,2,109800,"<1H OCEAN"
41,2057,550,1805,506,1.2455,100800,"<1H OCEAN"
27,1774,444,1622,402,2.2031,96900,"<1H OCEAN"
35,1182,305,977,283,1.5898,94000,"<1H OCEAN"
38,2407,630,1774,562,1.5615,108600,"<1H OCEAN"
36,3504,862,2521,836,2.5679,114900,"<1H OCEAN"
36,2041,531,1390,464,2.0114,99300,"<1H OCEAN"
32,2701,708,1880,590,1.6716,123800,"<1H OCEAN"
32,1815,488,1715,475,1.7244,111200,"<1H OCEAN"
35,1300,356,1216,326,1.2,99200,"<1H OCEAN"
36,2196,633,2017,583,1.3962,124300,"<1H OCEAN"
40,2434,477,1646,453,3.2024,128000,"<1H OCEAN"
37,1282,244,852,249,4.2917,127900,"<1H OCEAN"
44,1854,367,976,335,3.6583,126700,"<1H OCEAN"
40,1917,438,1021,383,2.2448,175000,"<1H OCEAN"
40,1323,243,684,229,3.2206,145800,"<1H OCEAN"
42,1173,201,602,186,5.5787,142000,"<1H OCEAN"
43,1834,292,997,295,4.9464,150300,"<1H OCEAN"
37,2740,504,1468,479,4.5368,168800,"<1H OCEAN"
37,2379,462,1327,445,4.25,172100,"<1H OCEAN"
37,1831,356,925,338,4.4091,148400,"<1H OCEAN"
38,694,112,412,119,6.0718,156000,"<1H OCEAN"
35,1213,284,742,253,4.0625,159900,"<1H OCEAN"
37,1487,296,863,291,3.1563,186200,"<1H OCEAN"
38,1067,170,499,169,4.6389,183800,"<1H OCEAN"
36,1722,280,830,261,4.0536,189000,"<1H OCEAN"
36,1153,224,639,226,4,192000,"<1H OCEAN"
31,3757,1102,3288,964,1.9309,137500,"<1H OCEAN"
47,1453,247,721,276,5.5176,191000,"<1H OCEAN"
43,3819,708,1505,712,3.1719,183500,"<1H OCEAN"
24,6513,1290,2636,1271,4.2099,189800,"<1H OCEAN"
44,2023,325,992,326,4.6667,175600,"<1H OCEAN"
44,2131,360,1040,330,5.0912,169800,"<1H OCEAN"
33,1923,459,1412,361,5.4359,194100,"<1H OCEAN"
52,1590,302,844,295,2.7139,164900,"<1H OCEAN"
47,1885,361,954,357,3.8512,171300,"<1H OCEAN"
47,1297,292,704,264,3.3214,166500,"<1H OCEAN"
46,1504,270,814,306,4.3919,157100,"<1H OCEAN"
45,2230,364,949,344,5.5,188200,"<1H OCEAN"
42,1686,361,737,319,2.3,189200,"<1H OCEAN"
42,2084,517,1062,451,2.0057,198200,"<1H OCEAN"
33,1495,474,1272,447,2.0694,143500,"<1H OCEAN"
25,1864,616,1710,575,2.2303,159400,"<1H OCEAN"
26,1725,431,1130,404,3.2708,128100,"<1H OCEAN"
26,3832,1074,2340,904,2.6734,143400,"<1H OCEAN"
33,1884,477,1518,449,3.1194,152800,"<1H OCEAN"
42,3081,680,1785,609,3.745,170800,"<1H OCEAN"
47,2649,684,2374,607,2.3882,137700,"<1H OCEAN"
40,2108,526,1922,544,3.163,137800,"<1H OCEAN"
45,1298,294,1064,268,3.7067,136600,"<1H OCEAN"
30,1548,330,757,349,3.8056,323800,"<1H OCEAN"
21,2714,881,1549,853,1.2094,157500,"<1H OCEAN"
26,2773,681,1560,631,3.1354,164300,"<1H OCEAN"
28,4770,1328,3201,1196,2.681,147700,"<1H OCEAN"
25,3762,1281,4015,1178,2.1587,143800,"<1H OCEAN"
30,2661,765,2324,724,3.0519,137500,"<1H OCEAN"
42,1779,431,1507,380,2.8892,159800,"<1H OCEAN"
45,1076,213,781,238,3.95,164000,"<1H OCEAN"
42,1116,303,1082,299,3.7237,170800,"<1H OCEAN"
21,1802,556,1286,557,2.7284,146900,"<1H OCEAN"
25,1849,518,1498,451,2.8378,170000,"<1H OCEAN"
26,3231,1089,3193,1020,2.6535,177200,"<1H OCEAN"
45,1559,305,891,341,4.4038,259400,"<1H OCEAN"
46,1425,283,782,273,5.057,246300,"<1H OCEAN"
39,813,185,344,154,3.5833,218800,"<1H OCEAN"
26,6672,1729,3333,1557,2.9646,179800,"<1H OCEAN"
18,1284,283,990,289,4.0179,195800,"<1H OCEAN"
21,3616,1060,2515,945,2.7464,153100,"<1H OCEAN"
29,2861,816,1715,775,2.7712,160900,"<1H OCEAN"
19,4651,1281,2917,1121,2.6823,142500,"<1H OCEAN"
17,3431,934,2365,810,3.0393,129200,"<1H OCEAN"
37,2146,573,2009,592,3.6583,177300,"<1H OCEAN"
26,138,23,100,20,4.875,175000,"<1H OCEAN"
35,924,349,1376,358,2.2297,262500,"<1H OCEAN"
42,1139,302,1283,306,4.1635,163900,"<1H OCEAN"
42,2532,627,2038,591,2.875,177500,"<1H OCEAN"
32,1067,286,1053,277,2.8438,181700,"<1H OCEAN"
52,836,175,747,166,4.125,174000,"<1H OCEAN"
39,1390,410,1666,371,3.3056,156800,"<1H OCEAN"
38,2169,688,3036,639,2.3125,148500,"<1H OCEAN"
29,2265,813,3425,781,2.3675,149400,"<1H OCEAN"
30,1132,347,1433,341,2.68,170000,"<1H OCEAN"
40,1625,500,2036,476,2.6298,156500,"<1H OCEAN"
33,939,284,1309,250,3.4063,152300,"<1H OCEAN"
36,1528,486,1824,470,2.2679,153900,"<1H OCEAN"
35,1050,252,918,236,1.7344,146900,"<1H OCEAN"
34,617,189,810,180,1.9766,162500,"<1H OCEAN"
33,2040,576,2649,561,2.3375,170600,"<1H OCEAN"
35,1451,435,1888,420,2.8462,149100,"<1H OCEAN"
38,1794,508,2188,454,2.6654,142200,"<1H OCEAN"
36,2225,601,2755,610,2.5547,150400,"<1H OCEAN"
42,1028,278,1369,261,3.3125,144600,"<1H OCEAN"
37,3107,903,3456,734,2.182,147500,"<1H OCEAN"
36,2796,1041,4033,944,2.4886,160700,"<1H OCEAN"
37,4916,1134,3533,1035,3.2862,152300,"<1H OCEAN"
33,4294,1224,4512,1189,2.8304,143700,"<1H OCEAN"
32,1254,399,1281,386,2.2976,155700,"<1H OCEAN"
37,1638,407,1341,369,3.0677,167700,"<1H OCEAN"
26,3156,857,2394,787,3.01,191900,"<1H OCEAN"
31,2746,697,1973,598,3.5139,192800,"<1H OCEAN"
25,2260,692,1603,673,2.11,223300,"<1H OCEAN"
27,4445,1231,3340,1113,3.1656,204500,"<1H OCEAN"
29,1475,349,965,370,3.3558,199600,"<1H OCEAN"
24,2728,845,2023,773,2.75,239700,"<1H OCEAN"
29,736,232,584,231,3.6167,2e+05,"<1H OCEAN"
26,3695,1144,2308,1009,2.6667,229300,"<1H OCEAN"
46,1231,231,793,256,4.1023,226800,"<1H OCEAN"
19,2807,883,1546,815,2.6375,233800,"<1H OCEAN"
19,3103,918,2033,738,2.6961,212500,"<1H OCEAN"
10,199,41,61,56,2.8958,245800,"<1H OCEAN"
44,938,181,502,171,4.4722,218300,"<1H OCEAN"
36,1075,197,509,197,4.9688,238900,"<1H OCEAN"
40,928,187,521,185,5.5255,242700,"<1H OCEAN"
39,1073,206,556,204,4.8611,245600,"<1H OCEAN"
46,1130,201,503,196,4.4861,246300,"<1H OCEAN"
46,442,88,255,94,4.4474,246900,"<1H OCEAN"
44,520,116,392,106,3.0132,202500,"<1H OCEAN"
41,2048,439,1191,429,3.8,222500,"<1H OCEAN"
42,1949,422,1184,423,4.3333,225600,"<1H OCEAN"
42,1935,388,1136,379,4.74,230000,"<1H OCEAN"
40,1271,276,725,234,5.0452,231900,"<1H OCEAN"
41,1869,427,1334,435,3.9355,227800,"<1H OCEAN"
35,1742,283,812,282,5.6704,303700,"<1H OCEAN"
35,1651,269,707,252,5.6482,294800,"<1H OCEAN"
32,332,103,177,102,3.3409,256300,"<1H OCEAN"
36,2904,515,1463,534,5.8374,289600,"<1H OCEAN"
19,1949,559,1282,498,2.7813,231300,"<1H OCEAN"
31,2583,663,1675,612,3.5234,265000,"<1H OCEAN"
28,2108,534,1485,536,4.0775,241400,"<1H OCEAN"
26,2159,523,1331,520,3.87,264500,"<1H OCEAN"
25,1884,554,1337,549,2.8512,272800,"<1H OCEAN"
25,3309,902,2299,837,3.0417,237000,"<1H OCEAN"
32,1660,366,928,398,4.3187,269700,"<1H OCEAN"
29,2461,535,1236,482,4.8409,244000,"<1H OCEAN"
34,2055,448,1134,408,3.825,235400,"<1H OCEAN"
36,2064,474,1366,421,4.1,243100,"<1H OCEAN"
32,1056,225,565,231,3.9485,230000,"<1H OCEAN"
39,1166,222,640,206,3.5313,230400,"<1H OCEAN"
23,969,288,670,251,3.267,185400,"<1H OCEAN"
39,1224,312,1106,333,3.3491,181800,"<1H OCEAN"
17,3724,1023,2536,971,3.2649,202100,"<1H OCEAN"
35,1092,302,962,297,3.5903,183300,"<1H OCEAN"
8,3937,1404,2691,1142,2.4741,185700,"<1H OCEAN"
6,1047,271,740,248,3.425,193800,"<1H OCEAN"
12,9975,3638,7429,3405,2.6689,192300,"<1H OCEAN"
8,10731,3335,7211,3028,2.455,192700,"<1H OCEAN"
31,1415,339,874,289,3.8173,177900,"<1H OCEAN"
36,961,173,625,179,4.2596,181100,"<1H OCEAN"
33,1729,396,1073,344,4.2083,180500,"<1H OCEAN"
35,940,197,640,215,4.2,181300,"<1H OCEAN"
35,881,159,605,170,3.6654,184500,"<1H OCEAN"
34,3041,677,1920,640,4.5304,181300,"<1H OCEAN"
34,1068,198,757,231,5.7528,180500,"<1H OCEAN"
35,3189,680,1882,651,3.6625,188000,"<1H OCEAN"
35,1307,246,672,219,4.8456,146400,"<1H OCEAN"
35,1580,266,926,282,5.0653,158000,"<1H OCEAN"
34,1536,273,804,287,4.9615,157800,"<1H OCEAN"
35,1281,219,710,184,4.8304,152800,"<1H OCEAN"
31,3894,1017,3590,962,2.0437,137200,"<1H OCEAN"
34,1799,362,1293,355,3.692,145200,"<1H OCEAN"
34,1374,240,906,248,5.3292,155500,"<1H OCEAN"
34,2053,382,1258,380,3.0139,154700,"<1H OCEAN"
29,2228,396,1140,352,3.7969,169400,"<1H OCEAN"
30,1842,476,1491,420,3.0147,155100,"<1H OCEAN"
34,1617,493,1530,500,2.6182,172600,"<1H OCEAN"
28,1576,400,891,378,2.6312,171300,"<1H OCEAN"
28,1501,446,1028,418,2.3043,177500,"<1H OCEAN"
27,1013,394,1067,400,1.7714,159400,"<1H OCEAN"
29,2617,668,1868,647,3.6,208800,"<1H OCEAN"
27,3267,762,2099,647,3.4,224100,"<1H OCEAN"
13,2455,661,1975,618,2.9559,173600,"<1H OCEAN"
19,2421,689,1726,660,3.287,181400,"<1H OCEAN"
30,2756,858,1806,787,3.0329,207800,"<1H OCEAN"
37,2132,565,1369,565,3.285,218100,"<1H OCEAN"
38,1400,399,1131,405,3.5417,198400,"<1H OCEAN"
33,2138,567,1072,528,2.7428,208900,"<1H OCEAN"
32,2355,583,1605,571,4.2171,218200,"<1H OCEAN"
36,1751,438,1175,419,3.0739,218600,"<1H OCEAN"
21,4946,1231,3186,1167,3.3281,237000,"<1H OCEAN"
27,3144,722,1510,680,3.1597,214700,"<1H OCEAN"
31,1398,261,823,263,5.0641,234900,"<1H OCEAN"
26,1221,312,807,330,4.0536,253600,"<1H OCEAN"
29,850,229,563,204,3.7375,247700,"<1H OCEAN"
30,1348,333,885,322,3.2574,195300,"<1H OCEAN"
35,3227,749,1881,696,2.8445,242100,"<1H OCEAN"
32,2421,671,1491,587,3.5644,242300,"<1H OCEAN"
35,1939,412,1036,400,3.5556,238000,"<1H OCEAN"
21,1490,430,686,400,2.3812,237500,"<1H OCEAN"
30,2407,581,1724,531,3.4792,194700,"<1H OCEAN"
37,2278,508,1257,498,3.7639,220600,"<1H OCEAN"
35,2144,423,1192,417,4.1458,231500,"<1H OCEAN"
36,1520,300,831,291,4.0473,212100,"<1H OCEAN"
36,1741,412,1245,423,4.1344,210300,"<1H OCEAN"
37,1664,401,1316,409,3.0526,216400,"<1H OCEAN"
45,1928,453,1323,458,4.2813,210100,"<1H OCEAN"
44,1300,252,695,249,5.1669,220600,"<1H OCEAN"
34,2675,560,1270,492,4.5053,242000,"<1H OCEAN"
21,6603,1984,5546,1745,2.6091,163900,"<1H OCEAN"
23,2395,498,1309,493,4.9779,224600,"<1H OCEAN"
37,542,105,355,118,5.5133,227300,"<1H OCEAN"
36,1158,219,628,253,4.7426,242700,"<1H OCEAN"
36,1342,259,706,261,4.1776,236600,"<1H OCEAN"
39,1880,361,982,357,4.1953,226900,"<1H OCEAN"
42,1816,338,897,306,5.1874,230800,"<1H OCEAN"
36,2392,444,1346,445,6.0088,245900,"<1H OCEAN"
36,2274,411,1232,423,5.373,244500,"<1H OCEAN"
13,2887,853,2197,800,2.8777,207900,"<1H OCEAN"
31,981,222,734,239,4.875,232400,"<1H OCEAN"
29,2940,708,2175,684,3.6486,229000,"<1H OCEAN"
34,1740,387,1249,375,4.1552,233900,"<1H OCEAN"
41,1355,349,655,329,2.9551,205000,"<1H OCEAN"
22,1127,287,697,241,3.3971,220300,"<1H OCEAN"
30,1143,299,776,273,4.2829,240000,"<1H OCEAN"
37,1719,426,1266,424,3.375,228000,"<1H OCEAN"
34,760,174,723,198,5.3169,227600,"<1H OCEAN"
18,3380,922,2276,854,4.0727,214000,"<1H OCEAN"
27,2837,684,2141,648,3.1325,215000,"<1H OCEAN"
33,2408,534,1644,523,4.2454,236800,"<1H OCEAN"
28,1313,319,827,308,2.65,260800,"<1H OCEAN"
25,2845,710,1611,628,3.2049,267400,"<1H OCEAN"
22,1388,336,930,287,2.7981,275000,"<1H OCEAN"
26,1375,286,829,278,3.9844,230700,"<1H OCEAN"
25,1769,440,1371,414,3.0833,232700,"<1H OCEAN"
36,1583,411,1097,350,4.0737,238200,"<1H OCEAN"
42,725,183,493,172,3.2589,233300,"<1H OCEAN"
44,822,180,480,177,4.4,225800,"<1H OCEAN"
36,1567,362,1054,386,3.2594,233900,"<1H OCEAN"
25,1459,362,1150,354,3.35,237500,"<1H OCEAN"
40,1896,416,950,383,2.425,255000,"NEAR OCEAN"
28,1065,215,887,217,3.9375,270500,"NEAR OCEAN"
41,80,20,61,23,5.25,247200,"<1H OCEAN"
25,1453,271,695,283,5.9499,345800,"<1H OCEAN"
32,2828,629,1313,534,4.5987,363800,"<1H OCEAN"
35,2217,447,1000,450,4.7319,376100,"<1H OCEAN"
38,3328,625,1455,619,5.0596,363900,"<1H OCEAN"
32,2590,607,1132,555,4.2333,358000,"<1H OCEAN"
22,2340,584,1141,554,4.5729,337500,"<1H OCEAN"
22,2514,605,1225,568,4.1818,339700,"<1H OCEAN"
38,1437,272,590,250,5.2338,358000,"<1H OCEAN"
29,1436,401,674,343,3.6389,275000,"<1H OCEAN"
25,3521,852,1524,764,3.8086,361300,"<1H OCEAN"
41,1621,279,756,277,5.0594,346000,"<1H OCEAN"
39,2988,605,1466,610,4.9286,341400,"<1H OCEAN"
28,4603,993,2191,943,4.5743,382200,"<1H OCEAN"
29,1929,523,686,455,5.5347,500001,"<1H OCEAN"
27,1536,377,553,326,5.4088,500001,"<1H OCEAN"
34,2674,435,1087,431,7.3151,492200,"<1H OCEAN"
37,2458,400,920,375,7.8924,500001,"<1H OCEAN"
39,2311,404,1044,380,8.468,472100,"<1H OCEAN"
39,2040,336,926,351,7.5552,500001,"<1H OCEAN"
35,2020,451,724,399,6.6494,500001,"NEAR OCEAN"
37,1576,345,662,340,5.308,500001,"<1H OCEAN"
43,1394,321,552,296,5.9596,500001,"<1H OCEAN"
31,1428,320,677,331,7.2316,500001,"<1H OCEAN"
35,1194,292,507,295,9.0812,500001,"<1H OCEAN"
38,4166,828,1600,770,6.3861,500001,"<1H OCEAN"
34,2959,639,1143,593,6.348,500001,"<1H OCEAN"
31,702,161,236,144,5.0497,500001,"<1H OCEAN"
38,2868,466,1098,438,7.9059,477100,"<1H OCEAN"
36,2334,430,1033,407,6.6321,481500,"<1H OCEAN"
31,2926,492,1149,476,7.9611,500001,"<1H OCEAN"
36,2127,314,807,306,8.1596,500001,"<1H OCEAN"
7,4314,725,1699,718,8.2037,500001,"<1H OCEAN"
35,1778,330,732,312,6.5745,379300,"<1H OCEAN"
30,2532,464,1056,419,6.3434,460400,"<1H OCEAN"
38,1851,332,750,314,7.3356,422700,"<1H OCEAN"
40,826,143,389,147,7.1845,438100,"<1H OCEAN"
40,756,122,371,130,5.0299,329200,"<1H OCEAN"
44,1362,237,709,247,4.4271,336200,"<1H OCEAN"
44,1325,245,669,253,4.4211,324000,"<1H OCEAN"
21,966,172,417,158,5.5335,342600,"<1H OCEAN"
33,1313,244,561,217,5.2999,359400,"<1H OCEAN"
21,2696,548,1142,473,5.6091,356800,"<1H OCEAN"
20,2439,474,1219,497,5.9619,335900,"<1H OCEAN"
31,2518,543,1107,508,4.7404,295800,"<1H OCEAN"
19,2512,575,1275,544,4.9375,293000,"<1H OCEAN"
19,757,148,361,141,6.02,304200,"<1H OCEAN"
27,1688,331,811,327,4.5357,334200,"<1H OCEAN"
27,2287,491,1101,466,4.675,316900,"<1H OCEAN"
27,3039,606,1421,564,5.5771,345500,"<1H OCEAN"
26,2620,530,1282,525,4.4828,340700,"<1H OCEAN"
17,1082,291,598,281,3.9868,281900,"<1H OCEAN"
22,2114,541,1300,538,3.4208,290000,"<1H OCEAN"
18,2516,485,1128,433,5.0114,338600,"<1H OCEAN"
13,2907,726,1573,694,3.5048,294000,"<1H OCEAN"
35,2126,434,1044,433,5.5456,297400,"<1H OCEAN"
37,1768,314,802,290,5.0784,295900,"<1H OCEAN"
34,1865,345,963,302,5.543,305900,"<1H OCEAN"
28,2685,581,1243,529,4.119,324000,"<1H OCEAN"
23,1829,331,891,356,6.5755,359900,"<1H OCEAN"
21,4151,1018,2054,925,4.9821,292900,"<1H OCEAN"
17,2791,579,1467,583,5.7415,321900,"<1H OCEAN"
23,2387,418,1008,415,5.8518,337900,"<1H OCEAN"
19,3303,584,1329,569,7.521,340400,"<1H OCEAN"
12,4235,735,1798,683,6.4242,365500,"<1H OCEAN"
29,2787,475,1182,444,6.7613,352700,"<1H OCEAN"
24,3124,560,1312,542,6.3021,333800,"<1H OCEAN"
15,1778,311,908,330,7.674,329300,"<1H OCEAN"
33,1993,371,918,361,6.9021,337600,"<1H OCEAN"
39,1489,282,743,270,4.8611,456100,"<1H OCEAN"
34,1830,315,822,307,5.0602,453700,"<1H OCEAN"
33,2496,387,1098,404,7.6685,474300,"<1H OCEAN"
34,1973,367,843,345,6.077,472700,"<1H OCEAN"
33,2543,439,1098,416,5.9683,495500,"<1H OCEAN"
31,1448,244,607,259,8.1513,500001,"<1H OCEAN"
35,1267,216,521,191,6.0441,470000,"<1H OCEAN"
36,2501,443,1031,422,4.75,442100,"<1H OCEAN"
36,3022,482,1278,494,7.2651,500001,"<1H OCEAN"
36,1543,214,474,187,9.3399,500001,"<1H OCEAN"
35,1753,296,615,275,7.5,500001,"<1H OCEAN"
34,540,107,213,104,6.3403,500001,"<1H OCEAN"
35,1060,191,444,196,8.0015,500001,"<1H OCEAN"
43,2492,449,1033,437,7.9614,500001,"<1H OCEAN"
40,925,254,371,227,5.2533,500001,"<1H OCEAN"
34,1471,308,498,264,7.0842,500001,"<1H OCEAN"
41,847,173,344,170,6.822,500001,"NEAR OCEAN"
26,6712,1441,2803,1394,5.2276,434500,"<1H OCEAN"
34,2395,469,1087,438,5.9683,394600,"<1H OCEAN"
34,358,87,162,84,7.1264,500001,"NEAR OCEAN"
42,1516,341,634,327,6.2356,472700,"<1H OCEAN"
40,1679,372,719,385,6.435,479500,"<1H OCEAN"
38,2398,431,911,392,5.2319,500001,"<1H OCEAN"
45,2093,497,842,472,6.3231,500001,"<1H OCEAN"
34,3145,786,1352,727,5.0976,469800,"<1H OCEAN"
45,2181,505,965,471,5.3816,500001,"<1H OCEAN"
34,2361,442,915,437,5.687,392400,"<1H OCEAN"
28,3619,764,1735,789,6.1404,368400,"<1H OCEAN"
24,2386,582,1152,568,4.8971,400700,"<1H OCEAN"
18,5152,1365,2286,1243,5.1677,380800,"<1H OCEAN"
29,2085,533,919,489,5.6017,430000,"<1H OCEAN"
41,2237,597,938,523,4.7105,500001,"<1H OCEAN"
43,1584,477,799,433,5.0322,435000,"NEAR OCEAN"
28,4430,928,2131,885,4.9384,378100,"<1H OCEAN"
31,3533,729,1647,679,5.5843,384600,"<1H OCEAN"
24,4373,871,1830,824,5.7128,366200,"<1H OCEAN"
16,6123,1989,2853,1789,4.425,336400,"NEAR OCEAN"
17,1610,379,670,341,4.3594,349000,"<1H OCEAN"
25,5775,1149,2637,1117,5.4968,379800,"<1H OCEAN"
20,2270,498,1070,521,4.4615,384800,"<1H OCEAN"
40,3070,570,1264,506,5.1626,432700,"<1H OCEAN"
26,2869,567,1157,538,6.0382,355300,"<1H OCEAN"
16,2472,572,965,529,5.137,348600,"<1H OCEAN"
19,6206,1611,2455,1472,5.145,420200,"NEAR OCEAN"
32,2075,539,954,519,5.637,500001,"NEAR OCEAN"
30,3433,918,1526,828,4.5817,500001,"NEAR OCEAN"
34,2112,614,946,574,4.6048,500001,"NEAR OCEAN"
32,2815,607,1338,609,4.5687,381200,"<1H OCEAN"
35,3053,623,1311,589,5.1589,439200,"NEAR OCEAN"
38,1318,237,547,225,6.0308,416700,"NEAR OCEAN"
35,2152,454,902,414,4.5179,427200,"<1H OCEAN"
33,2147,505,1371,498,2.4219,260700,"<1H OCEAN"
28,3763,762,1967,724,5.3244,271900,"<1H OCEAN"
35,1818,339,828,319,4.3036,282100,"<1H OCEAN"
34,1803,341,947,333,5.5538,280300,"<1H OCEAN"
37,1402,254,722,251,6.4781,269000,"<1H OCEAN"
30,1856,444,899,435,3.1505,270000,"<1H OCEAN"
36,1271,346,811,345,3.2417,283300,"<1H OCEAN"
44,724,133,373,133,3.9167,265600,"<1H OCEAN"
28,4605,1188,2558,1093,3.6988,266600,"<1H OCEAN"
31,3122,727,1885,715,3.8657,298400,"<1H OCEAN"
27,3348,695,1545,625,4.7543,296300,"<1H OCEAN"
29,2243,361,1051,352,6.6632,325200,"<1H OCEAN"
32,3485,678,1715,649,4.6563,291700,"<1H OCEAN"
35,2380,404,1212,422,5.6254,283800,"<1H OCEAN"
34,1069,217,601,212,4.6406,255900,"<1H OCEAN"
36,2219,406,1219,403,4.2614,267100,"<1H OCEAN"
35,743,128,385,137,6.4891,278100,"<1H OCEAN"
34,495,90,269,93,6.4391,252300,"<1H OCEAN"
38,914,176,519,174,6.0335,255400,"<1H OCEAN"
36,854,160,473,150,6.3992,259600,"<1H OCEAN"
38,1059,218,561,205,4,248600,"<1H OCEAN"
36,2223,360,1162,376,5.259,279400,"<1H OCEAN"
35,1936,343,1008,346,5.4791,285900,"<1H OCEAN"
28,2948,566,1445,524,5.3743,286500,"<1H OCEAN"
37,1420,286,886,290,4.5833,261300,"<1H OCEAN"
34,2823,500,1429,483,5.5,279600,"<1H OCEAN"
28,2319,579,1369,564,3.6169,257000,"<1H OCEAN"
28,2075,463,1216,446,3.9732,281500,"<1H OCEAN"
24,2139,481,971,418,4.3859,271300,"<1H OCEAN"
36,1561,252,740,253,6.2778,309700,"<1H OCEAN"
36,1364,251,668,245,5.3131,314100,"<1H OCEAN"
36,1407,231,676,231,5.269,331900,"<1H OCEAN"
34,1761,329,965,329,5.399,358500,"<1H OCEAN"
35,1818,353,853,321,5.8972,350900,"<1H OCEAN"
37,1249,218,583,214,5.7422,330700,"<1H OCEAN"
34,1770,291,916,289,5,354200,"<1H OCEAN"
35,1248,206,551,185,5.6426,348200,"<1H OCEAN"
36,1390,230,683,219,4.8906,334400,"<1H OCEAN"
36,681,122,360,128,5.2799,332600,"<1H OCEAN"
34,2415,404,1278,414,6.1599,341200,"<1H OCEAN"
34,1086,197,509,158,6.1133,349300,"<1H OCEAN"
25,5622,998,2537,1009,5.785,395300,"<1H OCEAN"
22,13133,3680,7180,3522,3.5414,354700,"<1H OCEAN"
22,11016,3170,6664,2838,3.703,361300,"<1H OCEAN"
29,3662,586,1626,611,6.3974,410000,"<1H OCEAN"
27,3245,605,1572,556,5.3773,379000,"<1H OCEAN"
36,1102,193,522,172,6.1187,342000,"<1H OCEAN"
36,1660,300,943,300,5.1984,353600,"<1H OCEAN"
35,1577,279,743,274,5.7654,343000,"<1H OCEAN"
35,1792,322,978,326,4.9583,342800,"<1H OCEAN"
35,1378,247,645,217,5.9143,343400,"<1H OCEAN"
35,2828,487,1439,490,5.6013,350200,"<1H OCEAN"
35,1207,207,601,213,4.7308,353400,"<1H OCEAN"
32,1751,328,819,323,6.7105,339000,"<1H OCEAN"
5,13038,2679,5272,2523,5.5023,286400,"<1H OCEAN"
42,3146,770,1859,740,3.5073,234800,"<1H OCEAN"
52,1819,464,1068,424,3.625,270700,"<1H OCEAN"
51,2399,516,1160,514,3.8456,318900,"<1H OCEAN"
42,1486,420,897,377,1.6228,376100,"<1H OCEAN"
50,696,311,382,234,2.775,225000,"<1H OCEAN"
45,2929,755,1635,652,2.9375,273000,"<1H OCEAN"
35,3462,814,1902,700,3.402,279900,"<1H OCEAN"
19,3792,790,2105,834,5.2363,310000,"<1H OCEAN"
39,2198,425,1160,436,4.1406,323700,"<1H OCEAN"
26,2345,408,1195,377,5.4925,361700,"<1H OCEAN"
23,3942,748,1679,711,4.1169,362600,"<1H OCEAN"
30,1773,356,905,352,4.3056,336000,"<1H OCEAN"
25,2587,512,1219,509,4.4271,382100,"<1H OCEAN"
22,2508,402,1254,395,7.0935,379500,"<1H OCEAN"
28,2142,445,1140,422,4.8438,346200,"<1H OCEAN"
27,2113,380,1109,360,4.7062,357000,"<1H OCEAN"
26,5591,934,2824,939,6.5861,417800,"<1H OCEAN"
25,4177,832,2123,789,5.0814,446800,"<1H OCEAN"
28,7591,1710,3420,1635,4.0708,328900,"<1H OCEAN"
36,1784,311,901,293,6.2247,339000,"<1H OCEAN"
39,2794,444,1319,441,5.878,387800,"<1H OCEAN"
36,2463,447,1125,424,6.0176,352700,"<1H OCEAN"
36,2416,394,1115,386,6.256,366900,"<1H OCEAN"
36,1083,187,522,187,5.7765,339500,"<1H OCEAN"
26,5166,1313,2738,1239,3.3565,360800,"<1H OCEAN"
28,67,15,49,11,6.1359,330000,"<1H OCEAN"
25,9042,2022,4458,1944,4.5592,378800,"<1H OCEAN"
26,1575,300,881,309,5.1778,359900,"<1H OCEAN"
36,2031,339,817,337,5.1271,458300,"NEAR OCEAN"
33,2349,407,954,373,6.4956,483600,"NEAR OCEAN"
20,1975,306,703,292,8.5491,410300,"NEAR OCEAN"
33,3994,990,1647,931,5.0106,500001,"NEAR OCEAN"
34,1822,364,750,366,5.9907,500001,"NEAR OCEAN"
34,2211,502,1113,488,4.7026,356800,"<1H OCEAN"
33,5057,790,2021,748,6.8553,482200,"NEAR OCEAN"
36,1283,209,563,209,6.9296,500001,"NEAR OCEAN"
41,1889,301,802,278,6.015,488500,"NEAR OCEAN"
39,2400,373,877,372,5.7361,500001,"NEAR OCEAN"
35,1008,165,391,167,3.7778,487500,"NEAR OCEAN"
36,1018,148,329,169,10.5045,500001,"NEAR OCEAN"
29,4389,873,2069,901,4.1071,365600,"<1H OCEAN"
36,716,123,388,124,5.0254,350000,"<1H OCEAN"
34,1730,427,1008,393,3.9408,327700,"<1H OCEAN"
33,2194,469,987,397,5.0951,318900,"<1H OCEAN"
32,1434,296,672,285,4.875,311700,"<1H OCEAN"
19,6224,1105,3152,1076,5.9541,500001,"<1H OCEAN"
29,2795,572,1469,557,3.7167,308900,"<1H OCEAN"
29,3254,717,1593,680,4.0536,285800,"<1H OCEAN"
35,2290,563,1374,530,3.2472,254700,"<1H OCEAN"
31,4464,991,2420,947,4.0425,277900,"<1H OCEAN"
39,1415,298,729,278,3.1648,244800,"<1H OCEAN"
35,2924,658,1675,602,3.8287,279900,"<1H OCEAN"
32,2381,467,1264,488,4.1477,315100,"<1H OCEAN"
29,4317,1037,2102,959,3.1275,286400,"<1H OCEAN"
38,1601,352,711,304,3.3958,250000,"<1H OCEAN"
30,4573,819,2411,819,3.5804,383800,"<1H OCEAN"
21,6638,1634,3240,1568,3.6797,271100,"<1H OCEAN"
25,11016,1626,4168,1584,8.1782,500001,"NEAR OCEAN"
34,5166,704,2071,668,8.3609,500001,"NEAR OCEAN"
36,1596,234,654,223,8.2064,500001,"NEAR OCEAN"
38,2553,400,1042,393,6.9742,500001,"NEAR OCEAN"
34,2629,369,966,375,10.1241,500001,"NEAR OCEAN"
36,4421,702,1433,624,8.0838,500001,"NEAR OCEAN"
31,4803,575,1490,577,11.9993,500001,"NEAR OCEAN"
30,4402,563,1582,551,10.898,500001,"NEAR OCEAN"
24,4787,562,1653,548,12.9758,500001,"NEAR OCEAN"
27,2141,260,635,240,11.6648,500001,"NEAR OCEAN"
22,7554,991,2808,946,10.06,500001,"NEAR OCEAN"
28,3065,406,1101,391,10.5536,500001,"NEAR OCEAN"
36,2093,303,802,300,8.0957,500001,"NEAR OCEAN"
26,6339,876,2540,880,10.1447,500001,"NEAR OCEAN"
21,11353,1537,4649,1504,9.821,500001,"NEAR OCEAN"
17,10950,2207,4713,2043,6.3064,418300,"NEAR OCEAN"
32,10445,1620,4474,1576,7.7042,500001,"NEAR OCEAN"
26,5005,776,2357,790,8.5421,500001,"NEAR OCEAN"
22,17591,2604,6897,2492,8.2831,500001,"NEAR OCEAN"
34,5586,674,1871,636,15.0001,500001,"NEAR OCEAN"
25,8272,1132,3392,1132,10.0973,500001,"NEAR OCEAN"
23,8277,1290,3176,1159,7.6986,500001,"NEAR OCEAN"
18,1193,233,475,228,7.5594,500001,"NEAR OCEAN"
4,311,51,128,46,9.8091,500001,"NEAR OCEAN"
20,5776,956,2757,936,6.6447,416800,"<1H OCEAN"
26,4486,709,1873,719,6.5704,414700,"<1H OCEAN"
36,2715,474,1303,457,4.6042,357300,"NEAR OCEAN"
34,2338,393,1031,373,6.287,396400,"NEAR OCEAN"
33,4244,595,1534,557,9.8214,500001,"NEAR OCEAN"
33,2996,398,1048,387,9.267,500001,"NEAR OCEAN"
37,1080,135,366,142,11.6677,500001,"NEAR OCEAN"
24,6097,794,2248,806,10.1357,500001,"NEAR OCEAN"
37,627,95,259,106,6.887,500001,"<1H OCEAN"
37,1442,501,998,503,2.4432,2e+05,"<1H OCEAN"
35,1989,634,1108,593,1.6081,288900,"<1H OCEAN"
35,2705,785,1526,793,3.0349,266700,"<1H OCEAN"
35,2234,689,1334,662,2.5444,236100,"<1H OCEAN"
34,2832,883,1594,843,1.7558,312500,"<1H OCEAN"
36,1616,465,773,429,2.6,313600,"<1H OCEAN"
33,3463,1170,1845,1134,2.0205,243800,"<1H OCEAN"
30,2353,728,1365,718,2.0702,283300,"<1H OCEAN"
37,7097,2010,2913,1939,2.875,3e+05,"<1H OCEAN"
36,1390,458,874,468,2.5812,2e+05,"<1H OCEAN"
28,1111,300,526,294,2.6136,383300,"<1H OCEAN"
38,1349,344,547,309,3.2159,383300,"<1H OCEAN"
38,4408,1295,1690,1229,3.0156,3e+05,"<1H OCEAN"
33,3180,865,1347,841,4.0651,500001,"<1H OCEAN"
31,6348,1827,2559,1755,3.2818,225000,"<1H OCEAN"
22,4247,1253,1766,1170,3.1517,341700,"<1H OCEAN"
24,630,172,257,147,5.5224,4e+05,"<1H OCEAN"
28,4376,1202,1847,1128,2.6713,312500,"<1H OCEAN"
52,1479,360,652,346,2.945,431400,"<1H OCEAN"
30,4524,1312,1910,1243,2.8889,335300,"<1H OCEAN"
52,1244,304,444,282,3.5114,430800,"<1H OCEAN"
48,1226,288,370,264,3.9375,450000,"<1H OCEAN"
24,8264,2437,3148,2274,3.5659,281300,"<1H OCEAN"
28,4001,1352,1799,1220,2.5784,272900,"<1H OCEAN"
27,4312,1214,1634,1097,3.6207,362500,"<1H OCEAN"
28,2347,608,785,548,4.4167,425000,"<1H OCEAN"
28,833,230,349,210,3.067,375000,"<1H OCEAN"
27,3979,510,1351,520,15.0001,500001,"<1H OCEAN"
45,2686,283,857,259,15.0001,500001,"<1H OCEAN"
52,3759,464,1407,422,15.0001,500001,"<1H OCEAN"
52,3815,439,1266,413,15.0001,500001,"<1H OCEAN"
37,2716,302,809,291,15.0001,500001,"<1H OCEAN"
40,3552,392,1024,370,15.0001,500001,"<1H OCEAN"
48,2413,261,770,248,15.0001,500001,"<1H OCEAN"
52,3562,394,1163,361,15.0001,500001,"<1H OCEAN"
52,1202,142,408,138,15.0001,500001,"<1H OCEAN"
48,2799,596,1235,561,4.4896,500001,"<1H OCEAN"
33,5301,1281,2243,1159,4.2386,500001,"<1H OCEAN"
45,3143,553,1153,564,5.7762,500001,"<1H OCEAN"
27,6605,1710,2665,1520,3.8088,500001,"<1H OCEAN"
22,2170,593,850,520,2.9107,500001,"<1H OCEAN"
36,1661,395,690,365,3.3438,500001,"<1H OCEAN"
50,1509,291,690,259,6.2344,500001,"<1H OCEAN"
52,1213,194,503,194,8.0095,500001,"<1H OCEAN"
52,1311,217,578,205,7.6771,500001,"<1H OCEAN"
43,1879,397,873,382,3.8158,500001,"<1H OCEAN"
37,2975,705,1291,654,5.3316,500001,"<1H OCEAN"
39,3299,831,1649,759,3.3295,500001,"<1H OCEAN"
37,3781,873,1725,838,4.1455,500001,"<1H OCEAN"
47,3652,967,1438,887,3.6964,500001,"<1H OCEAN"
52,1871,326,646,284,8.2961,500001,"<1H OCEAN"
52,2501,362,748,349,6.6343,500001,"<1H OCEAN"
43,2665,556,1015,506,4.1411,500001,"<1H OCEAN"
43,4994,1057,1830,969,5.5321,500001,"<1H OCEAN"
47,2979,626,1076,571,3.9904,500001,"<1H OCEAN"
52,204,34,1154,28,9.337,500001,"<1H OCEAN"
52,2416,291,810,270,13.8556,500001,"<1H OCEAN"
50,2597,340,964,339,13.3036,500001,"<1H OCEAN"
48,2381,345,859,306,8.0257,500001,"<1H OCEAN"
52,3000,374,1143,375,15.0001,500001,"<1H OCEAN"
52,2233,317,769,277,8.3839,500001,"<1H OCEAN"
31,4066,951,1532,868,4.8125,500001,"<1H OCEAN"
30,4061,927,1487,865,4.1827,435100,"<1H OCEAN"
40,1382,167,483,178,11.7045,500001,"<1H OCEAN"
52,1506,208,547,186,7.8705,500001,"<1H OCEAN"
52,1711,245,671,242,7.7572,500001,"<1H OCEAN"
44,2146,394,851,355,6.48,500001,"<1H OCEAN"
37,4072,905,1468,923,3.8571,500001,"<1H OCEAN"
24,7418,1755,2713,1577,5.0867,500001,"<1H OCEAN"
31,4949,1293,1985,1244,4.252,436700,"<1H OCEAN"
32,6365,1784,2767,1698,3.6451,383300,"<1H OCEAN"
28,5109,1482,2313,1451,3.3266,483300,"<1H OCEAN"
24,2924,1013,1492,943,2.775,291700,"<1H OCEAN"
35,2914,934,1334,870,2.9934,350000,"<1H OCEAN"
25,2757,738,1014,633,3.1433,500001,"<1H OCEAN"
32,3851,900,1456,836,4.5208,442100,"<1H OCEAN"
31,3155,808,1208,745,3.6769,450000,"<1H OCEAN"
27,4725,1185,1945,1177,4.1365,470800,"<1H OCEAN"
32,1793,476,1143,448,2.8981,353600,"<1H OCEAN"
28,2545,752,1548,679,2.9125,475000,"<1H OCEAN"
29,2709,799,1238,793,3.1563,330000,"<1H OCEAN"
47,1956,277,724,277,8.9616,500001,"<1H OCEAN"
49,3780,741,1435,690,4.3158,500001,"<1H OCEAN"
40,1395,285,610,262,3.9659,500001,"<1H OCEAN"
36,2539,535,979,500,3.6667,500001,"<1H OCEAN"
32,2909,748,1310,706,4.516,350000,"<1H OCEAN"
32,3024,784,1323,740,3.3889,347900,"<1H OCEAN"
39,1530,401,1074,375,3.5076,381800,"<1H OCEAN"
29,3287,882,1523,823,3.7381,290600,"<1H OCEAN"
31,2642,681,1303,625,3.5987,340500,"<1H OCEAN"
19,902,284,414,272,1.3333,310000,"<1H OCEAN"
22,1249,483,1106,481,2.5261,375000,"<1H OCEAN"
29,1585,542,1019,487,2.7072,375000,"<1H OCEAN"
30,2075,687,1026,592,3.1635,366700,"<1H OCEAN"
27,1965,631,1042,596,2.75,327300,"<1H OCEAN"
39,1244,283,886,284,3.125,325000,"<1H OCEAN"
29,2329,833,1953,800,2.6639,233300,"<1H OCEAN"
38,2163,651,1759,584,2.3382,297500,"<1H OCEAN"
11,72,16,150,20,2.625,250000,"<1H OCEAN"
35,3057,774,2223,732,2.0745,332500,"<1H OCEAN"
30,2027,609,1425,562,2.2917,330800,"<1H OCEAN"
25,1583,460,983,422,2.7019,293800,"<1H OCEAN"
28,1394,582,716,543,1.5132,450000,"<1H OCEAN"
28,651,252,333,174,1.9722,500001,"<1H OCEAN"
52,1241,502,679,459,2.3098,500001,"<1H OCEAN"
31,2851,804,1410,782,4.0893,381500,"<1H OCEAN"
41,2584,743,1058,668,3.2061,370000,"<1H OCEAN"
30,3078,954,1561,901,3.4852,425000,"<1H OCEAN"
32,3407,1071,1463,986,3.0369,500001,"<1H OCEAN"
31,1829,458,719,392,4.4,353800,"<1H OCEAN"
28,1259,302,668,280,4.2813,384400,"<1H OCEAN"
42,1271,301,574,312,3.1304,340500,"<1H OCEAN"
25,4149,1067,1749,1000,3.9722,450000,"<1H OCEAN"
29,1727,479,741,431,3.6121,5e+05,"<1H OCEAN"
52,1359,395,521,368,2.6736,500001,"<1H OCEAN"
22,3484,975,1268,952,3.2609,500001,"<1H OCEAN"
41,2136,549,986,557,2.7254,444400,"<1H OCEAN"
44,2175,475,1019,448,4.793,470800,"<1H OCEAN"
41,2704,557,1047,478,4.4211,462900,"<1H OCEAN"
40,2198,611,1023,567,3.755,398300,"<1H OCEAN"
41,752,201,482,207,2.5417,418200,"<1H OCEAN"
48,1640,322,664,301,4,500001,"<1H OCEAN"
46,1379,239,688,269,6.8901,500001,"<1H OCEAN"
44,2017,343,958,382,6.1014,480100,"<1H OCEAN"
43,1160,304,393,250,2.9167,461100,"<1H OCEAN"
27,1782,471,837,422,3.7727,413000,"<1H OCEAN"
41,2956,700,1212,645,3.4583,421900,"<1H OCEAN"
45,1230,201,565,219,6.3521,493400,"<1H OCEAN"
45,3803,970,1690,871,3.0476,456200,"<1H OCEAN"
46,2571,502,1225,501,6.0436,473000,"<1H OCEAN"
39,3599,776,1569,763,5.2571,405400,"<1H OCEAN"
39,213,44,138,52,2.125,196400,"<1H OCEAN"
44,1913,441,1295,432,3.9537,266400,"<1H OCEAN"
45,2098,486,1343,481,3.9615,268600,"<1H OCEAN"
38,2447,636,1312,574,3.5909,279400,"<1H OCEAN"
45,1577,421,1042,375,3.4375,314500,"<1H OCEAN"
18,9528,2075,3922,1920,4.7612,304100,"<1H OCEAN"
25,1101,285,543,294,2.3571,340600,"<1H OCEAN"
38,2521,647,1091,597,4.1296,322900,"<1H OCEAN"
35,4424,918,2101,888,3.9688,355100,"<1H OCEAN"
44,1494,262,618,266,5.4035,356300,"<1H OCEAN"
40,593,137,371,132,4.6932,332800,"<1H OCEAN"
40,1565,269,826,268,5.2035,485700,"<1H OCEAN"
32,2612,418,1030,402,6.603,369200,"<1H OCEAN"
43,612,135,402,142,5.1322,314900,"<1H OCEAN"
35,1465,386,1104,345,4.056,339100,"<1H OCEAN"
34,1816,335,872,339,4.85,329400,"<1H OCEAN"
37,1534,258,751,259,5.444,336000,"<1H OCEAN"
36,1280,240,704,217,5.9632,328100,"<1H OCEAN"
36,1225,213,591,227,5.4663,326700,"<1H OCEAN"
44,2122,385,1012,367,4.6687,344300,"<1H OCEAN"
48,1427,253,693,268,5.7405,351600,"<1H OCEAN"
44,2010,394,961,365,4.5982,333500,"<1H OCEAN"
37,1426,259,689,261,5.5284,331000,"<1H OCEAN"
26,2503,449,1218,426,5.3683,500001,"<1H OCEAN"
43,2000,529,1290,514,4.7031,302500,"<1H OCEAN"
33,3306,974,2475,924,2.8797,285300,"<1H OCEAN"
42,1700,438,997,436,2.9213,305000,"<1H OCEAN"
38,324,70,268,73,2.55,271400,"<1H OCEAN"
45,1807,355,883,371,5.0357,329800,"<1H OCEAN"
46,105,20,69,19,3.9643,275000,"<1H OCEAN"
33,1139,299,734,257,3.2708,325000,"<1H OCEAN"
37,1340,358,1008,340,3.7614,314300,"<1H OCEAN"
45,2092,451,1190,429,3.8021,323000,"<1H OCEAN"
44,305,72,156,70,5.9641,275000,"<1H OCEAN"
21,18132,5419,7431,4930,5.3359,500001,"<1H OCEAN"
21,11308,3039,5127,2839,4.6277,228300,"<1H OCEAN"
32,4018,564,1400,568,8.6718,439100,"<1H OCEAN"
35,3702,648,1449,614,5.3194,313700,"<1H OCEAN"
36,3228,543,1305,520,5.1695,397000,"<1H OCEAN"
25,7105,1012,2519,1004,6.8112,500001,"<1H OCEAN"
30,1879,226,740,266,6.431,492500,"<1H OCEAN"
46,3402,503,1389,504,5.3462,270400,"<1H OCEAN"
48,2741,439,1115,459,5.0514,269100,"<1H OCEAN"
43,2657,548,1145,524,4.1375,287100,"<1H OCEAN"
45,2005,368,909,364,4.6406,268900,"<1H OCEAN"
45,1764,401,679,334,3.2021,222100,"<1H OCEAN"
44,3183,513,1183,473,5.0407,314900,"<1H OCEAN"
49,2863,411,1108,406,5.8993,313300,"<1H OCEAN"
52,1114,169,486,176,4.2917,247600,"<1H OCEAN"
49,2465,372,1018,359,4,296800,"<1H OCEAN"
47,1107,199,437,178,3.7344,179400,"<1H OCEAN"
48,1172,205,497,190,3.825,183000,"<1H OCEAN"
40,2894,395,1063,409,6.939,372000,"<1H OCEAN"
20,14291,1934,5452,1875,9.1232,472000,"<1H OCEAN"
42,718,140,324,131,6.4018,500001,"<1H OCEAN"
35,2396,472,1054,457,6.4504,407000,"<1H OCEAN"
43,2228,438,960,395,7.6091,438500,"<1H OCEAN"
40,866,181,399,176,6.91,380000,"<1H OCEAN"
16,319,59,149,64,4.625,433300,"<1H OCEAN"
23,204,40,117,41,9.7646,500001,"NEAR OCEAN"
12,2560,365,907,366,10.076,500001,"NEAR OCEAN"
35,3795,690,1521,653,5.8735,448100,"<1H OCEAN"
17,16544,2206,6214,2118,9.1228,500001,"<1H OCEAN"
18,102,17,55,21,3.9934,500001,"NEAR OCEAN"
9,11251,1594,3029,1227,6.7273,500001,"<1H OCEAN"
10,4355,716,2030,674,6.5571,500001,"NEAR OCEAN"
34,2255,402,857,317,4.5333,377300,"NEAR OCEAN"
7,23866,4407,9873,4012,5.4032,318500,"NEAR OCEAN"
9,30405,4093,12873,3931,8.0137,399200,"NEAR OCEAN"
9,1143,179,647,180,6.8474,356700,"NEAR OCEAN"
16,2950,387,1228,379,5.3749,346100,"NEAR OCEAN"
12,7508,1058,2484,965,5.8788,500001,"NEAR OCEAN"
22,11668,1730,4054,1671,6.9935,385500,"NEAR OCEAN"
7,3003,504,1143,466,5.8548,500001,"NEAR OCEAN"
19,3487,686,2782,584,7.9184,500001,"NEAR OCEAN"
16,1409,244,970,172,8.0144,500001,"NEAR OCEAN"
19,15990,2611,5175,2173,7.7848,500001,"NEAR OCEAN"
21,3837,578,1509,509,8.4476,500001,"NEAR OCEAN"
28,1343,215,487,199,6.83,500001,"NEAR OCEAN"
25,4440,693,1560,636,8.8666,500001,"<1H OCEAN"
36,2043,467,606,326,8.4331,500001,"NEAR OCEAN"
25,3546,584,1530,601,7.4001,500001,"NEAR OCEAN"
23,8798,1465,2750,1208,8.7364,500001,"NEAR OCEAN"
15,2981,625,1694,540,2.9541,106700,"INLAND"
5,6739,1251,4614,1266,4.002,115100,"INLAND"
6,10263,1864,6163,1781,3.8803,120000,"INLAND"
32,3511,646,1733,510,3.46,123900,"INLAND"
34,1218,285,797,248,2.4348,104800,"INLAND"
14,2606,514,1228,512,2.5764,150000,"INLAND"
4,23386,4171,10493,3671,4.0211,144000,"INLAND"
6,7430,1184,3489,1115,5.3267,140100,"INLAND"
17,2479,390,1219,363,4.6417,125700,"INLAND"
12,5319,875,2439,779,4.6629,131500,"INLAND"
34,2156,397,1269,388,2.75,96800,"INLAND"
28,718,124,347,121,4.025,102600,"INLAND"
33,873,177,425,142,2.67,187500,"INLAND"
5,5807,1182,2602,1007,2.4012,159400,"INLAND"
5,10356,1647,4562,1427,4.9806,141100,"INLAND"
6,4558,804,1543,563,2.8548,138500,"INLAND"
16,3914,819,1524,795,2.415,137500,"INLAND"
26,4230,823,2789,793,2.5179,104000,"INLAND"
46,40,10,14,7,1.125,225000,"INLAND"
7,4915,885,2833,874,4.3229,130000,"INLAND"
34,1943,500,1078,446,1.1296,93800,"INLAND"
32,3670,765,1986,673,3.682,108800,"INLAND"
27,3019,501,1580,523,3.7804,113500,"INLAND"
31,2666,662,1337,602,2.4432,101100,"INLAND"
35,2118,374,1108,360,3.4327,100300,"INLAND"
33,2815,485,1447,489,4.2679,119600,"INLAND"
25,1703,342,775,309,4.5455,126500,"INLAND"
17,2994,832,1571,695,2.5902,85400,"INLAND"
32,1300,234,712,249,3.25,107500,"INLAND"
9,4303,900,2240,861,3.7807,110900,"INLAND"
5,12317,2953,6291,2654,3.5732,146900,"INLAND"
20,1257,201,551,186,4.6591,247200,"INLAND"
15,2181,361,1057,300,4.625,118100,"INLAND"
27,6007,998,2680,882,4.1719,117200,"INLAND"
36,1338,250,709,250,3.5625,101400,"INLAND"
33,2347,461,1482,374,2.8194,93000,"INLAND"
32,1164,248,588,270,1.1917,86900,"INLAND"
35,1503,309,842,300,2.5278,97700,"INLAND"
36,1205,317,678,290,2.0182,98400,"INLAND"
12,1984,614,1071,574,1.2532,102100,"INLAND"
36,2696,454,1192,452,3.9615,116300,"INLAND"
33,2918,494,1365,478,4.8787,127700,"INLAND"
35,3114,583,1974,545,3.9028,126800,"INLAND"
34,1439,327,708,298,3.2699,1e+05,"INLAND"
48,1379,327,696,304,2.1167,94900,"INLAND"
19,3430,601,1817,571,4.7875,163600,"INLAND"
16,2035,370,704,330,2.1979,146400,"INLAND"
5,9076,1503,7694,1278,4.875,163400,"INLAND"
12,4881,803,2188,724,4.1667,171900,"INLAND"
13,5341,773,2288,724,6.6772,185600,"INLAND"
8,11275,1822,5731,1692,5.0285,167900,"INLAND"
5,8352,1555,3723,1389,4.5659,140300,"INLAND"
33,1781,326,913,314,3.9963,126800,"INLAND"
9,1561,253,731,233,5.7049,173200,"INLAND"
28,2357,408,1162,384,4.3636,179700,"INLAND"
25,2627,387,1059,338,3.6382,138200,"INLAND"
17,3810,662,1867,586,4.9,152400,"INLAND"
17,4001,814,2313,756,3.0441,140100,"INLAND"
17,1827,348,766,335,3.5673,136300,"INLAND"
19,552,129,314,106,3.2125,185400,"INLAND"
18,6893,1372,2837,1221,3.3173,218400,"INLAND"
31,1398,273,884,299,4.8409,264900,"INLAND"
18,1859,375,913,372,4.3456,148900,"INLAND"
25,3080,587,1558,510,5.0839,156700,"INLAND"
10,4122,814,2164,710,4.2941,151600,"INLAND"
34,81,26,53,14,1.4091,137500,"INLAND"
7,681,125,485,104,2.7396,125600,"INLAND"
5,5613,1060,3569,999,3.1946,132700,"INLAND"
8,3484,647,2169,619,3.9766,135800,"INLAND"
10,2907,559,1681,531,3.8594,141000,"INLAND"
13,2815,535,1492,491,4.0945,135700,"INLAND"
31,1537,416,1239,397,1.9722,99200,"INLAND"
38,248,55,261,53,2.1413,96900,"INLAND"
19,3562,606,1677,578,4.1573,228100,"INLAND"
7,2465,336,978,332,7.1381,292200,"INLAND"
2,11008,1549,4098,1367,6.4865,204400,"INLAND"
33,2189,497,1459,443,2.3958,94500,"INLAND"
33,2111,429,1067,397,3.7344,111400,"INLAND"
5,7294,1139,3123,930,4.9904,154100,"INLAND"
12,2472,408,1048,380,4.7097,262100,"INLAND"
4,14348,2145,5839,1806,5.3799,222400,"INLAND"
16,2573,427,1273,426,5.9508,181100,"INLAND"
13,2614,650,1949,537,2.0547,102600,"INLAND"
29,2370,475,1746,483,3.7464,113500,"INLAND"
6,9882,1892,4892,1621,3.7636,167600,"INLAND"
5,6446,1154,3427,1104,3.9936,148500,"INLAND"
32,1489,306,774,267,3.275,103500,"INLAND"
29,2843,603,1517,573,2.6658,106900,"INLAND"
7,20377,4335,11973,3933,3.3086,138100,"INLAND"
4,9761,1683,4970,1535,4.5266,142900,"INLAND"
5,1113,186,631,168,4.1719,146600,"INLAND"
34,3416,601,1929,567,4.0147,107400,"INLAND"
36,1493,258,899,260,3.86,109300,"INLAND"
12,3851,857,2169,811,3.0101,116300,"INLAND"
5,10264,1821,5871,1790,4.2329,145500,"INLAND"
14,5144,887,2846,824,4.5615,137200,"INLAND"
4,9849,1780,4546,1598,4.0729,154300,"INLAND"
4,10655,1706,5391,1529,5.083,151300,"INLAND"
2,2701,530,1368,430,4.071,137400,"INLAND"
5,16181,2971,8152,2651,4.5237,141800,"INLAND"
14,2798,459,1236,404,4.8667,239900,"INLAND"
11,17339,2866,8721,2803,5.9507,225200,"INLAND"
22,4443,560,1573,496,10.0285,500001,"<1H OCEAN"
14,3490,592,1710,580,5.9171,333300,"INLAND"
7,4524,735,2298,717,6.5538,311600,"INLAND"
6,5813,908,2275,790,4.7778,340400,"INLAND"
10,2184,405,1119,370,4.7437,294000,"INLAND"
10,2726,465,1773,459,4.8295,319100,"INLAND"
12,3449,598,1502,540,3.7043,150800,"INLAND"
32,1896,342,806,299,4.5769,159400,"INLAND"
18,2986,597,1355,472,3.2765,165000,"INLAND"
12,25957,4798,10475,4490,4.542,195300,"<1H OCEAN"
25,1290,190,689,216,6.0097,220200,"<1H OCEAN"
3,6577,1056,3032,1004,5.9263,251800,"INLAND"
36,84,12,29,17,3.375,187500,"<1H OCEAN"
26,934,148,519,162,5.3209,185000,"<1H OCEAN"
19,3013,507,1356,484,5.1163,233200,"<1H OCEAN"
26,828,149,508,158,5.2374,185500,"<1H OCEAN"
19,1285,195,650,193,6.0398,217800,"<1H OCEAN"
5,15341,2527,7270,2320,6.1281,236200,"<1H OCEAN"
10,5509,969,3002,959,5.5981,220100,"<1H OCEAN"
15,8510,1258,3733,1233,6.1082,253700,"<1H OCEAN"
25,2988,525,1884,513,4.7007,169500,"<1H OCEAN"
5,1514,220,1355,215,8.1344,359000,"INLAND"
16,13406,2574,7030,2440,4.6861,187900,"<1H OCEAN"
15,8244,1409,4453,1357,5.4829,199600,"<1H OCEAN"
23,4166,756,2082,743,4.4107,213400,"<1H OCEAN"
21,1375,259,728,258,5.0166,229000,"<1H OCEAN"
17,913,228,530,201,3.038,238500,"<1H OCEAN"
25,3223,524,1763,508,5.2887,183000,"<1H OCEAN"
13,3600,580,1799,576,6.2971,218300,"<1H OCEAN"
5,21113,4386,9842,3886,4.2037,194600,"<1H OCEAN"
14,15348,2366,7087,2169,6.3277,237700,"INLAND"
2,966,270,233,169,1.9667,450000,"<1H OCEAN"
5,4028,896,2062,826,4.0579,167100,"INLAND"
5,14275,2474,7158,2311,5.4284,236300,"INLAND"
9,2356,469,1556,386,3.775,155000,"INLAND"
5,538,98,8733,105,4.2391,154600,"INLAND"
4,1949,458,868,398,5.0151,285200,"<1H OCEAN"
21,5477,1275,3384,1222,3.6625,228100,"<1H OCEAN"
18,2288,607,2305,597,3.227,136100,"<1H OCEAN"
18,2096,309,1044,328,6.8299,262100,"<1H OCEAN"
5,7748,1557,4768,1393,5.305,311200,"<1H OCEAN"
8,3839,852,1342,593,3.9118,333700,"<1H OCEAN"
27,2051,301,917,287,7.6059,323700,"<1H OCEAN"
5,4222,712,2024,646,5.8703,500001,"<1H OCEAN"
21,7010,1063,3331,1038,6.776,278100,"<1H OCEAN"
23,3927,728,1984,707,4.8536,202600,"<1H OCEAN"
8,21086,3945,9936,3790,5.8602,265100,"<1H OCEAN"
24,6246,1028,2803,999,6.3002,282900,"<1H OCEAN"
4,17313,3224,6902,2707,5.6798,320900,"<1H OCEAN"
16,8726,1317,3789,1279,6.8419,323300,"<1H OCEAN"
2,5989,883,1787,613,6.6916,329500,"INLAND"
52,803,267,628,225,4.1932,14999,"INLAND"
52,433,69,147,53,3.9583,162500,"INLAND"
52,102,29,54,32,1.9875,191700,"<1H OCEAN"
39,1622,355,903,314,4.1125,183000,"<1H OCEAN"
34,503,99,275,68,4.5491,375000,"INLAND"
26,4047,702,571,199,2.3482,179500,"INLAND"
14,362,78,88,39,3.5893,214300,"INLAND"
14,2391,451,798,308,3.0924,114600,"INLAND"
17,3538,726,1603,629,2.9449,95600,"INLAND"
17,1280,254,707,267,3.55,106300,"INLAND"
19,3273,611,1164,481,3.5446,106500,"INLAND"
10,2106,410,1003,397,2.7813,124100,"INLAND"
13,2307,386,925,347,3.1326,119800,"INLAND"
16,2131,424,989,369,2.6071,103700,"INLAND"
11,2161,448,820,405,2.3565,122300,"INLAND"
15,2654,530,1267,489,2.8393,104400,"INLAND"
13,1722,325,712,269,2.625,137500,"INLAND"
7,3389,621,1268,474,3.0224,147800,"INLAND"
17,2171,389,1042,375,3.625,94400,"INLAND"
8,828,168,413,146,3.375,80700,"INLAND"
10,3113,589,1508,512,2.8167,96100,"INLAND"
8,5212,872,2383,857,4.1099,113600,"INLAND"
13,5087,981,2284,913,2.7413,123100,"INLAND"
38,1696,301,985,278,2.4054,112500,"INLAND"
37,1495,292,858,275,2.9306,46300,"INLAND"
21,1724,317,1006,290,3.2868,91700,"INLAND"
29,1995,392,1261,354,1.9073,79200,"INLAND"
18,1277,234,674,238,2.6694,75900,"INLAND"
20,2062,466,1285,456,1.5319,50500,"INLAND"
33,1097,254,627,253,1.2794,50700,"INLAND"
42,1142,236,597,210,1.7279,52300,"INLAND"
36,1219,258,639,245,1.9464,57000,"INLAND"
17,3328,628,1580,619,2.9861,81500,"INLAND"
33,1239,250,648,227,2.0278,58800,"INLAND"
16,1027,199,673,193,2.9688,63800,"INLAND"
34,1391,297,943,281,2.4219,83900,"INLAND"
24,646,134,454,149,2.125,61900,"INLAND"
19,901,183,700,190,2.2375,64300,"INLAND"
11,3606,699,2074,644,2.6941,63300,"INLAND"
18,2287,534,1339,505,2.2527,65200,"INLAND"
21,1667,303,861,276,2.6012,92200,"INLAND"
18,508,104,393,114,3,156300,"INLAND"
17,3344,570,1624,536,3.8952,95300,"INLAND"
18,402,76,213,71,1.9063,95800,"INLAND"
11,3761,675,2374,673,3.4598,74600,"INLAND"
13,6301,1080,3840,1033,3.5258,84900,"INLAND"
14,1636,253,766,225,3.125,88500,"INLAND"
9,1608,297,1057,295,3.7143,81600,"INLAND"
18,1996,379,1327,356,2.6087,96000,"INLAND"
25,2115,482,1976,474,1.8431,53900,"INLAND"
11,2513,408,1360,415,4.277,98500,"INLAND"
13,2872,477,1607,481,4.475,102400,"INLAND"
12,3174,520,1590,488,4.5347,101200,"INLAND"
13,1429,209,702,205,4.3625,111800,"INLAND"
12,1790,379,1399,397,2.5388,59600,"INLAND"
12,2710,575,1724,516,1.4712,60400,"INLAND"
16,3705,739,2463,697,2.5288,61800,"INLAND"
20,2029,427,983,401,1.8444,47100,"INLAND"
38,1542,364,1220,334,1.625,52800,"INLAND"
28,1563,403,1564,408,1.5662,48000,"INLAND"
34,1457,239,557,226,3.6181,96500,"INLAND"
13,3356,589,1458,601,3.8257,94200,"INLAND"
20,2100,317,910,274,4.8187,90900,"INLAND"
16,3222,511,1425,503,4.1544,119400,"INLAND"
36,2074,349,954,363,3.1136,73800,"INLAND"
41,1164,211,476,171,2.4196,70700,"INLAND"
27,968,240,587,231,1.6071,55000,"INLAND"
35,1859,428,1208,399,1.4044,61700,"INLAND"
37,1000,261,1092,233,1.4267,52300,"INLAND"
31,696,254,913,248,1.4,52500,"INLAND"
44,1288,295,723,287,1.6534,61400,"INLAND"
42,963,216,471,211,2.2898,66100,"INLAND"
32,1268,283,549,273,1.4511,65200,"INLAND"
20,2129,526,1845,522,1.8973,51600,"INLAND"
23,2126,506,2091,491,1.3713,51800,"INLAND"
36,1528,347,1334,304,1.3594,48300,"INLAND"
26,1284,239,820,254,2.5833,62300,"INLAND"
14,4795,710,2047,640,4.665,121300,"INLAND"
31,2366,482,1933,433,3.0234,65000,"INLAND"
32,2089,468,1765,427,2.234,61700,"INLAND"
43,1226,244,491,205,4.9286,307000,"NEAR BAY"
16,4431,603,1659,630,7.5412,392100,"NEAR BAY"
26,5188,892,2341,906,5.0029,255600,"NEAR BAY"
14,2259,341,1127,346,6.4092,334900,"<1H OCEAN"
20,1589,231,601,224,5.3755,290900,"<1H OCEAN"
9,1302,177,682,190,7.5,423200,"<1H OCEAN"
24,2863,734,1583,682,3.1981,215300,"NEAR BAY"
32,3521,748,1706,723,3.4705,228600,"NEAR BAY"
25,7784,1145,3445,1166,6.0132,287900,"<1H OCEAN"
13,5027,871,1912,770,4.9286,309500,"NEAR BAY"
19,1752,328,873,336,3.8068,201600,"<1H OCEAN"
23,8642,1294,3594,1253,5.3962,301500,"<1H OCEAN"
21,3891,616,1968,632,5.5524,279200,"<1H OCEAN"
18,6205,821,2311,756,6.9081,368700,"<1H OCEAN"
22,11872,2300,5600,2200,4.6463,276300,"NEAR BAY"
27,10839,1637,4406,1623,5.615,285600,"NEAR BAY"
5,1495,235,555,201,6.7232,345000,"NEAR BAY"
17,9614,2123,4684,2060,4.1705,209800,"NEAR BAY"
19,15622,2721,6109,2615,5.0965,295300,"NEAR BAY"
38,3392,709,1894,713,3.0573,350800,"NEAR BAY"
20,4536,708,1812,701,6.0433,435900,"NEAR BAY"
24,9493,1935,5162,1880,3.0742,118800,"NEAR BAY"
16,1495,292,472,284,3.4432,67500,"NEAR BAY"
13,4284,1042,2146,937,4.1289,179200,"NEAR BAY"
36,4501,832,2196,800,4.3182,252700,"NEAR BAY"
27,3121,531,1318,489,5.4781,310900,"NEAR BAY"
17,2449,536,1157,543,3.9519,274200,"NEAR BAY"
26,48,8,19,8,7.7197,4e+05,"NEAR BAY"
29,7174,1169,3063,1172,6.0902,293200,"NEAR BAY"
24,2330,322,911,320,6.5253,387700,"NEAR BAY"
34,1887,290,815,283,6.5249,324800,"NEAR BAY"
25,3412,455,1238,406,8.3646,397300,"NEAR BAY"
33,9531,1487,3798,1409,5.6512,314000,"NEAR BAY"
21,2144,400,840,398,4.6,239500,"NEAR BAY"
27,4985,711,1928,742,6.4978,361500,"NEAR BAY"
27,3966,577,1657,611,6.3314,342200,"NEAR BAY"
28,3416,826,1694,800,3.18,277000,"NEAR BAY"
18,3119,803,1395,722,3.9265,301100,"NEAR BAY"
32,2236,348,818,330,7.3521,444000,"NEAR BAY"
31,6555,1571,2962,1464,2.8903,324200,"NEAR BAY"
52,1758,316,607,264,5.5083,371900,"NEAR BAY"
34,3306,555,1398,585,4.8993,319900,"NEAR BAY"
32,2390,336,810,354,8.5759,500001,"NEAR BAY"
31,3807,828,1581,795,3.293,337500,"NEAR BAY"
32,4138,632,1541,626,5.5791,433300,"NEAR BAY"
37,4801,699,1830,679,6.0762,487800,"NEAR BAY"
37,4296,1089,2100,1025,3.2462,329400,"NEAR BAY"
22,7274,1002,2468,957,7.494,439200,"NEAR BAY"
10,1325,189,427,162,12.0933,500001,"NEAR BAY"
27,5470,755,1916,764,6.994,420800,"NEAR BAY"
34,1256,178,460,174,6.4271,451700,"NEAR BAY"
52,205,119,228,132,1.9063,2e+05,"NEAR BAY"
52,1560,451,700,419,2.5125,270800,"NEAR BAY"
44,3595,953,1831,910,2.6036,287500,"NEAR BAY"
39,4193,762,1833,737,5.6263,352100,"NEAR BAY"
33,563,194,265,169,2.75,231300,"NEAR BAY"
39,3302,684,1574,653,3.6863,263800,"NEAR BAY"
35,2012,346,818,352,5.2818,331000,"NEAR BAY"
37,1340,322,621,314,3.5588,268800,"NEAR BAY"
37,350,57,179,69,6.2862,500001,"NEAR BAY"
35,908,194,413,197,3.9917,290800,"NEAR BAY"
16,3769,839,1986,815,3.9712,187500,"NEAR BAY"
16,100,20,45,25,6.1359,212500,"NEAR BAY"
25,6526,1902,5917,1812,2.7273,187500,"NEAR BAY"
36,1336,258,678,249,5.5789,292000,"NEAR OCEAN"
36,1199,232,551,229,3.7321,266700,"NEAR OCEAN"
41,1865,392,825,369,4.2011,255400,"NEAR OCEAN"
42,1410,308,624,292,4.1379,309100,"NEAR OCEAN"
40,1428,280,708,255,5.0766,305400,"NEAR OCEAN"
46,4036,856,1872,833,4.5625,275200,"NEAR OCEAN"
40,7737,1488,3108,1349,4.4375,289600,"NEAR OCEAN"
52,370,62,150,56,7.7006,316700,"NEAR OCEAN"
36,4869,871,1899,827,4.1659,302000,"NEAR BAY"
21,2198,462,1100,449,4.1098,246600,"<1H OCEAN"
35,8814,1307,3450,1258,6.1724,414300,"NEAR BAY"
45,2404,425,926,400,4.9674,320100,"NEAR BAY"
38,5587,996,2466,1027,4.1711,336900,"NEAR BAY"
49,2860,552,1178,522,4.625,355000,"NEAR BAY"
52,3675,649,1553,639,4.6905,316300,"NEAR BAY"
52,1180,216,467,197,4.9615,292200,"NEAR BAY"
36,2649,542,1111,557,4.8056,345700,"NEAR BAY"
52,1833,324,735,306,4.6944,398900,"NEAR BAY"
47,5416,1115,2177,1027,3.5055,382100,"NEAR BAY"
52,2232,291,731,253,7.1155,500001,"NEAR BAY"
52,3458,468,1449,471,9.1834,500001,"NEAR BAY"
34,2677,411,933,410,6.1444,500001,"NEAR OCEAN"
36,2023,242,653,241,10.6272,500001,"NEAR BAY"
29,377,58,151,67,9.5551,500001,"NEAR OCEAN"
44,1552,204,596,208,10.129,500001,"NEAR BAY"
33,2534,495,996,449,4.3083,500001,"NEAR BAY"
38,2310,400,971,386,5.697,435700,"NEAR BAY"
33,4448,631,1675,628,7.8904,468800,"NEAR BAY"
22,7446,1979,2980,1888,3.5838,271300,"NEAR BAY"
36,4385,620,1549,626,8.3935,470500,"NEAR BAY"
42,2171,362,887,347,6.6125,393200,"NEAR BAY"
43,2998,470,970,430,5.5385,431800,"NEAR BAY"
39,3670,775,1519,788,4.4081,435200,"NEAR BAY"
26,3990,804,1550,792,5.1834,405500,"NEAR BAY"
18,1804,284,600,241,5.9582,500001,"NEAR BAY"
18,878,255,384,247,4.7344,2e+05,"NEAR BAY"
34,2782,502,1219,507,5.0779,333900,"NEAR BAY"
32,2622,541,1022,464,3.7647,375000,"NEAR BAY"
24,421,64,163,75,14.5833,500001,"NEAR BAY"
42,1741,301,723,306,5.5379,410500,"NEAR BAY"
37,1722,352,648,337,4.125,310300,"NEAR BAY"
45,1530,324,608,328,3.875,390800,"NEAR BAY"
47,793,163,334,151,5.8509,317800,"NEAR BAY"
32,2639,415,1013,408,6.1632,349200,"NEAR BAY"
30,2270,359,974,351,5.5926,300900,"NEAR BAY"
26,2170,347,849,318,6.2953,386200,"NEAR BAY"
2,647,136,203,118,6.641,310000,"NEAR BAY"
16,2947,802,1385,743,3.6731,318000,"NEAR BAY"
35,2492,409,812,373,8.8386,500001,"NEAR BAY"
36,4471,618,1315,582,11.5706,500001,"NEAR BAY"
27,2682,382,935,369,10.0791,500001,"NEAR BAY"
31,7001,1282,2755,1267,5.4851,441100,"NEAR BAY"
23,1650,403,541,336,6.0238,500001,"NEAR BAY"
23,10774,1736,3895,1683,7.2905,500001,"NEAR BAY"
30,3763,717,1292,632,8.4888,500001,"NEAR BAY"
28,5448,1089,2100,1023,4.7475,474600,"NEAR BAY"
27,2674,565,1233,547,3.4485,458300,"NEAR BAY"
37,2524,398,999,417,7.9892,500001,"NEAR BAY"
44,2846,551,1232,537,3.8839,327200,"NEAR BAY"
48,2491,460,937,455,4.4375,370000,"NEAR BAY"
48,2924,489,1159,505,5.6302,489000,"NEAR BAY"
52,2303,350,859,359,6.1085,500001,"NEAR BAY"
30,4174,739,1818,705,5.5951,402900,"NEAR BAY"
17,4363,1041,1640,989,3.9531,417600,"NEAR BAY"
16,1704,402,689,348,4.4239,267100,"NEAR BAY"
41,3170,622,1091,528,3.7813,389200,"NEAR BAY"
34,1431,224,503,220,7.9606,453400,"NEAR BAY"
48,1550,253,641,276,8.634,463500,"NEAR BAY"
52,1972,327,755,345,7.1924,500001,"NEAR BAY"
37,1926,290,721,298,8.9248,500001,"NEAR BAY"
48,1283,278,567,255,3.2794,460000,"NEAR BAY"
25,4921,866,1913,834,6.8742,413100,"NEAR BAY"
30,4382,732,1775,745,6.7809,414400,"NEAR BAY"
20,1814,282,658,253,7.9977,4e+05,"NEAR BAY"
36,2688,485,1064,449,4.4583,308600,"NEAR BAY"
36,1760,283,562,246,6.7546,402400,"NEAR BAY"
33,4971,836,1907,795,6.1275,424400,"NEAR BAY"
35,4127,689,1596,707,5.9073,400400,"NEAR BAY"
24,221,41,75,38,5.1292,362500,"NEAR BAY"
21,3904,980,1949,919,2.862,258400,"NEAR BAY"
19,1926,593,881,546,2.9145,140400,"NEAR BAY"
17,4333,947,1650,919,6.3066,346100,"NEAR BAY"
35,2729,538,969,528,6.7669,500001,"NEAR BAY"
52,2175,510,809,503,4.5398,442000,"NEAR BAY"
52,3914,752,1177,670,6.2113,500001,"NEAR BAY"
42,6297,1307,2096,1205,6.4752,500001,"NEAR BAY"
38,240,29,63,34,12.2547,500001,"NEAR BAY"
52,176,50,88,46,3.8068,275000,"NEAR BAY"
30,833,164,358,143,6.8198,493800,"NEAR OCEAN"
38,1183,196,628,205,3.75,478600,"NEAR BAY"
42,1505,324,553,277,4.1792,350000,"NEAR OCEAN"
21,2845,552,599,250,4.3125,495800,"NEAR OCEAN"
43,1730,326,629,279,4.3194,238700,"NEAR OCEAN"
23,1250,257,437,188,3.115,242600,"NEAR OCEAN"
44,2602,509,691,343,4.3125,261500,"NEAR OCEAN"
31,1858,367,701,297,3.8269,270700,"NEAR OCEAN"
28,1284,265,628,219,3.5469,2e+05,"NEAR OCEAN"
26,1445,244,510,207,5.6305,430000,"NEAR OCEAN"
52,1275,218,627,185,2.3482,163500,"NEAR OCEAN"
20,1982,358,308,132,3.1429,240900,"NEAR OCEAN"
19,1615,366,815,337,3.4609,238800,"NEAR OCEAN"
36,2378,476,957,362,3.625,253100,"NEAR OCEAN"
25,1470,341,706,283,1.7614,71300,"INLAND"
17,2116,425,909,319,2.7188,113100,"INLAND"
14,2878,617,1011,509,1.398,103800,"INLAND"
32,1312,315,600,265,1.5,91500,"INLAND"
12,2776,592,1236,489,2.5551,105000,"INLAND"
16,1667,372,762,283,1.75,87500,"INLAND"
11,2403,497,890,344,3,120800,"INLAND"
13,866,252,369,165,2.875,70200,"INLAND"
17,2806,600,990,410,2.3818,88100,"INLAND"
24,172,42,79,30,3.8333,93800,"INLAND"
13,1713,340,643,241,2.662,92400,"INLAND"
13,2230,443,920,361,3,112000,"INLAND"
17,2582,553,1087,423,2.5,104200,"INLAND"
15,989,184,406,151,3.1771,121900,"INLAND"
13,1999,375,750,308,2.875,96000,"INLAND"
14,2744,555,1153,474,2.753,111100,"INLAND"
30,2165,536,1500,414,3.5391,55900,"INLAND"
30,2857,661,291,135,2.6838,164600,"INLAND"
23,608,143,281,108,2.9306,70000,"INLAND"
25,1435,304,746,259,1.7788,57900,"INLAND"
25,2075,435,991,377,1.2281,60300,"INLAND"
18,2130,545,863,346,2.3571,79200,"INLAND"
42,1518,383,656,303,1.4952,69800,"NEAR OCEAN"
19,1461,340,515,227,1.5278,145800,"NEAR OCEAN"
15,1839,489,887,332,2.2429,1e+05,"<1H OCEAN"
22,2124,450,1122,446,2.1793,71500,"INLAND"
21,3359,677,1908,642,3.0433,140700,"<1H OCEAN"
24,1421,291,588,274,2.325,157300,"<1H OCEAN"
28,2492,507,1202,460,2.7857,150300,"<1H OCEAN"
32,790,151,380,142,2.7,165000,"<1H OCEAN"
47,1150,244,552,201,2.5192,110400,"<1H OCEAN"
35,1718,345,698,299,2.9243,131600,"<1H OCEAN"
52,1533,336,754,340,1.9213,95000,"<1H OCEAN"
49,2290,482,1201,479,3.5,113300,"<1H OCEAN"
33,2024,459,1019,422,1.9208,93600,"<1H OCEAN"
36,1330,273,761,286,2.7813,105800,"<1H OCEAN"
16,2017,423,1177,414,3.2171,116200,"<1H OCEAN"
11,1804,506,895,451,1.7574,150000,"<1H OCEAN"
15,2342,535,1064,433,1.8967,96600,"INLAND"
10,4086,831,2111,758,3.2156,104400,"<1H OCEAN"
22,2085,432,1133,402,2.3906,92600,"<1H OCEAN"
18,3946,813,1899,730,2.6424,124600,"<1H OCEAN"
18,1619,346,904,295,2.1625,77200,"<1H OCEAN"
32,2780,470,1281,479,3.588,96000,"<1H OCEAN"
46,1748,362,808,330,2.9183,76900,"<1H OCEAN"
27,1321,338,779,327,1.85,71800,"<1H OCEAN"
21,1081,254,715,275,1.5625,71500,"<1H OCEAN"
18,2821,628,1636,615,2.3333,84000,"<1H OCEAN"
19,1056,248,611,226,1.746,105000,"INLAND"
20,804,121,448,140,3.9632,147100,"<1H OCEAN"
19,1026,205,424,152,2.8833,154200,"INLAND"
20,2745,504,1421,430,3.3431,137500,"INLAND"
25,3066,570,1558,535,3.788,134200,"<1H OCEAN"
16,5569,1106,3148,1088,3.1455,142900,"<1H OCEAN"
17,1087,254,522,202,2.5875,144500,"<1H OCEAN"
18,243,55,115,54,2.125,175000,"<1H OCEAN"
17,3145,693,1560,647,2.2926,149300,"<1H OCEAN"
22,1542,291,821,285,3.5917,118800,"<1H OCEAN"
26,786,168,494,161,2.3583,105400,"<1H OCEAN"
16,1377,296,830,279,3.25,151400,"<1H OCEAN"
23,4671,912,2095,857,3.184,140500,"<1H OCEAN"
17,1981,371,773,325,3.1563,277000,"<1H OCEAN"
18,1652,352,711,292,3.1071,213200,"<1H OCEAN"
23,2754,577,887,432,3.3654,225000,"NEAR OCEAN"
20,4620,1042,1745,794,2.375,158800,"NEAR OCEAN"
38,1706,355,506,211,2.5625,165600,"NEAR OCEAN"
17,2206,478,1140,428,2.1985,95300,"NEAR OCEAN"
17,5202,1037,1742,803,3.1201,176100,"NEAR OCEAN"
18,2251,510,1032,369,2.2946,101000,"<1H OCEAN"
28,1416,294,812,258,3.4063,109400,"<1H OCEAN"
35,1551,321,857,288,2.7232,115400,"<1H OCEAN"
17,2772,576,1501,584,2.6275,142100,"<1H OCEAN"
24,5372,1051,3002,992,3.0652,131100,"<1H OCEAN"
17,1890,342,877,312,3.7833,159800,"<1H OCEAN"
45,1348,265,639,270,3.3667,115200,"<1H OCEAN"
32,1149,187,499,208,3.6587,154600,"<1H OCEAN"
33,1176,211,529,217,3.8958,144000,"<1H OCEAN"
36,1166,216,504,203,3.5938,122100,"<1H OCEAN"
52,1370,258,617,228,2.55,112900,"<1H OCEAN"
39,1419,262,661,278,3,114600,"<1H OCEAN"
27,1531,266,822,234,4.0469,127400,"<1H OCEAN"
14,1908,484,1195,467,1.7929,82300,"<1H OCEAN"
29,6121,1222,3595,1189,2.631,109600,"<1H OCEAN"
27,990,238,592,225,2.0074,96200,"<1H OCEAN"
16,2577,495,1232,488,2.6012,125600,"<1H OCEAN"
31,2685,675,1367,626,1.6571,108900,"<1H OCEAN"
17,1620,396,878,399,1.8042,109200,"<1H OCEAN"
26,1474,417,1065,401,1.375,84400,"<1H OCEAN"
15,2235,545,1376,516,1.9032,1e+05,"<1H OCEAN"
32,1143,208,454,188,3.8333,116100,"<1H OCEAN"
14,2240,327,1030,308,5.9585,214900,"<1H OCEAN"
30,1904,331,816,325,4.425,161900,"<1H OCEAN"
33,1320,303,1048,303,1.7813,94700,"<1H OCEAN"
31,418,82,327,81,2.775,120800,"<1H OCEAN"
38,267,57,196,60,2.3125,70000,"<1H OCEAN"
22,2163,436,1048,358,2.7171,95800,"<1H OCEAN"
36,1211,247,697,251,2.5761,94900,"<1H OCEAN"
22,2704,497,1432,399,2.9,83100,"INLAND"
33,1028,226,658,197,2.3043,66300,"INLAND"
27,2295,424,1252,350,3.6182,123200,"INLAND"
18,2003,398,1333,411,2.7562,90500,"INLAND"
27,949,224,888,241,2.3333,72800,"INLAND"
17,2534,517,1764,502,2.8519,80700,"INLAND"
35,2436,466,1730,469,2.2071,85900,"INLAND"
11,1479,341,1476,327,3.2721,73800,"INLAND"
40,680,160,785,175,2.6058,72700,"INLAND"
46,860,130,496,147,3.5167,137500,"INLAND"
30,2390,470,1409,428,2.1484,81300,"INLAND"
32,1656,317,1037,286,2.4964,88800,"INLAND"
37,653,176,827,176,1.9236,64400,"INLAND"
22,1311,319,1455,340,2.2813,67300,"INLAND"
23,1451,292,1052,265,2.8698,72900,"INLAND"
14,1979,432,1756,382,2.6923,71400,"INLAND"
7,2773,530,1374,505,2.6214,103800,"INLAND"
17,3511,636,1904,617,3.1111,113900,"INLAND"
32,2892,521,1580,484,3.7784,164500,"INLAND"
32,1175,208,774,222,3,109400,"INLAND"
24,1294,222,684,221,2.6908,103100,"INLAND"
27,2692,481,1518,447,2.0417,94200,"INLAND"
21,3157,637,2268,620,2.567,70400,"INLAND"
19,2256,449,1469,435,2.5129,84600,"INLAND"
25,1731,311,810,266,4.1058,107600,"INLAND"
16,4717,1119,3589,1017,2.1061,72800,"INLAND"
27,2083,444,1462,479,2.6439,69100,"INLAND"
39,2235,412,1268,402,2.6758,74600,"INLAND"
10,3075,498,1368,487,4.6667,130100,"INLAND"
27,2521,484,1307,456,3.0911,86900,"INLAND"
16,1605,282,866,284,4.0694,110200,"INLAND"
18,874,203,572,190,1.6833,71000,"INLAND"
15,3455,729,2014,659,3.2656,83500,"INLAND"
8,2608,428,1530,435,3.968,102100,"INLAND"
11,3946,978,2814,953,2.0179,87300,"INLAND"
34,1722,316,904,315,2.4653,66100,"INLAND"
34,1900,401,1009,385,2.2222,75000,"INLAND"
20,1457,372,1000,346,1.4615,69200,"INLAND"
18,5009,826,2497,805,4.25,146300,"INLAND"
34,1830,431,1304,415,2.1182,68900,"INLAND"
18,704,176,520,154,3.003,101300,"INLAND"
19,3874,676,2441,707,3.2955,88600,"INLAND"
15,3249,613,1569,595,3.5393,88000,"INLAND"
33,3564,716,2603,696,2.2179,67500,"INLAND"
16,2236,438,1361,393,2.0066,125000,"INLAND"
21,1410,229,590,205,3.3194,141400,"INLAND"
28,2159,416,1283,378,1.8939,83000,"INLAND"
18,8606,1678,5303,1644,2.4012,79700,"INLAND"
21,1684,341,1052,312,2.0809,95800,"INLAND"
13,2109,477,1108,466,2.3099,89600,"INLAND"
10,1275,255,620,240,3.0263,118300,"INLAND"
13,1936,384,1158,367,2.75,83200,"INLAND"
13,3474,927,2149,821,1.9528,85300,"INLAND"
13,3641,897,1737,788,2.1418,130600,"INLAND"
15,3952,984,2024,1026,2.558,121600,"INLAND"
16,1245,231,956,219,3.4559,108000,"INLAND"
8,6146,1017,2821,987,4.67,127600,"INLAND"
9,2934,511,1227,501,3.6742,117200,"INLAND"
16,1170,178,566,181,5.2522,125300,"INLAND"
21,1318,202,618,197,4.8214,117800,"INLAND"
19,3136,466,1631,484,3.6471,101400,"INLAND"
4,786,116,368,109,6.3215,138200,"INLAND"
17,6111,1171,2950,1104,3.2852,98800,"INLAND"
16,3369,532,1770,574,5.2662,126200,"INLAND"
20,4379,753,2055,716,3.7652,133500,"INLAND"
26,3170,572,1524,565,3.48,95300,"INLAND"
42,2361,512,1684,511,2.355,75600,"INLAND"
36,2162,433,1048,451,2.6797,81800,"INLAND"
45,1834,421,1405,407,2.0521,72400,"INLAND"
49,2919,719,1956,679,1.5427,88500,"INLAND"
39,1015,356,875,313,1.5,67000,"INLAND"
50,985,309,621,250,1.3125,60900,"INLAND"
21,6911,1341,3967,1297,3.0515,95200,"INLAND"
35,2042,378,953,356,2.7344,87800,"INLAND"
40,3693,771,2102,742,2.1838,75000,"INLAND"
36,3346,739,2151,713,2.3095,68300,"INLAND"
20,4927,1042,4205,1009,1.7679,79800,"INLAND"
29,1572,456,1697,429,1.76,63200,"INLAND"
35,1313,324,1350,343,1.75,57600,"INLAND"
17,2414,594,2487,582,1.0955,62700,"INLAND"
16,749,222,1277,224,1.2054,60900,"INLAND"
17,2266,693,3200,664,1.5635,60400,"INLAND"
19,1548,319,1227,309,1.7756,73300,"INLAND"
11,1721,381,1708,373,1.9535,57100,"INLAND"
12,2855,598,1658,586,2.3929,81100,"INLAND"
18,1260,268,576,263,1.7222,101500,"INLAND"
30,2972,635,1940,590,2.3594,72300,"INLAND"
15,1613,203,673,213,5.9378,212200,"INLAND"
33,993,186,556,175,2.4286,103600,"INLAND"
40,1542,341,1283,341,1.6929,55900,"INLAND"
36,969,206,732,175,1.5938,57600,"INLAND"
9,695,188,810,190,1.6172,56300,"INLAND"
34,1656,328,1110,332,2.1845,59900,"INLAND"
31,2447,465,1313,352,3.3929,93800,"INLAND"
17,605,159,416,83,2,87500,"INLAND"
31,1923,341,806,349,3.1738,97600,"INLAND"
45,1750,371,847,354,1.7062,77400,"INLAND"
21,1937,389,1002,373,2.6087,96200,"INLAND"
16,2216,458,1135,424,2.7316,97500,"INLAND"
30,2603,507,1491,473,3.0909,123400,"INLAND"
25,3301,678,994,306,3.2262,97200,"INLAND"
17,1118,270,560,244,2.0216,112500,"INLAND"
33,1541,313,880,272,2.5074,117700,"INLAND"
28,1689,378,1057,267,3.125,156300,"INLAND"
43,1116,222,801,207,2.875,97200,"INLAND"
3,3425,611,1588,459,4.1779,147800,"INLAND"
16,1795,362,1642,340,2.5363,86300,"INLAND"
24,1520,335,882,306,2.2019,1e+05,"INLAND"
14,1506,380,1096,352,1.1301,78500,"INLAND"
31,2609,645,1796,629,1.5479,82000,"INLAND"
26,2036,401,1343,414,3.6331,88600,"INLAND"
29,4176,779,2092,741,2.595,104200,"INLAND"
32,2893,481,1198,466,3.1719,140600,"INLAND"
8,1944,283,814,276,5.3988,165500,"INLAND"
9,97,20,91,22,2.9063,55000,"INLAND"
16,3736,761,1942,730,2.5598,120200,"INLAND"
15,1385,288,775,255,1.933,140600,"INLAND"
22,886,173,595,161,2.4398,150000,"INLAND"
34,1841,354,1019,356,1.7841,67500,"INLAND"
32,320,73,222,78,2.9271,87500,"INLAND"
26,1787,364,1548,362,1.7188,49500,"INLAND"
20,2380,489,1581,505,2.0595,61300,"INLAND"
23,2363,449,1168,410,2.2794,75700,"INLAND"
32,2455,508,1344,492,1.9732,69400,"INLAND"
18,164,30,104,32,1.6607,87500,"INLAND"
42,2918,576,1182,440,2.1434,44000,"INLAND"
22,2124,432,829,313,2.4519,57500,"INLAND"
21,1091,208,660,188,2.2321,34600,"INLAND"
16,2843,564,892,386,2.5074,69100,"INLAND"
20,1367,284,429,181,2.0227,47500,"INLAND"
34,1355,262,434,178,2.0903,56100,"INLAND"
33,2820,515,976,403,2.6062,52600,"INLAND"
22,9047,1831,4276,1622,2.0802,47900,"INLAND"
14,1250,272,721,234,2.35,95700,"INLAND"
20,1963,434,682,273,1.5817,97800,"INLAND"
19,3325,660,750,286,2.9509,114800,"INLAND"
15,991,277,419,170,3.5469,82500,"INLAND"
12,1736,352,330,123,3.5294,160700,"INLAND"
17,1631,335,285,128,2.7656,130000,"INLAND"
15,2199,453,899,347,2.35,107800,"INLAND"
20,3301,779,1085,448,3.7315,159300,"INLAND"
11,3934,697,901,345,4.2381,242700,"INLAND"
14,5919,1278,265,112,3.2431,221400,"INLAND"
18,1795,416,483,208,4.5375,169800,"INLAND"
20,2474,625,338,141,5.01,195500,"INLAND"
17,3769,908,1160,453,3.05,188900,"INLAND"
13,1907,544,575,234,3.0685,162500,"INLAND"
14,2284,622,342,137,3.0921,87500,"INLAND"
14,1847,439,238,98,3.6042,137500,"INLAND"
10,7744,1573,483,224,3.2917,231800,"INLAND"
17,4203,816,2900,827,4.1742,159900,"<1H OCEAN"
19,5015,1013,3251,940,3.9818,152900,"<1H OCEAN"
24,4195,706,2200,647,4.3451,177800,"<1H OCEAN"
30,1337,253,838,247,5.0374,165400,"<1H OCEAN"
32,4089,735,2927,713,4.1675,142500,"<1H OCEAN"
29,4964,1056,2773,1036,3.0827,148100,"<1H OCEAN"
27,4131,886,2002,815,3.2929,157500,"<1H OCEAN"
33,3252,630,2010,641,3.4222,158100,"<1H OCEAN"
21,7884,2011,4907,1919,2.7367,160300,"<1H OCEAN"
16,6568,1603,6012,1565,2.3463,156100,"<1H OCEAN"
24,2591,739,3243,702,2.1766,108500,"<1H OCEAN"
37,3149,833,3456,788,2.8542,127600,"<1H OCEAN"
43,2534,592,2448,603,2.4884,130500,"<1H OCEAN"
19,9899,2617,11272,2528,2.0244,118500,"<1H OCEAN"
39,3260,821,3130,793,2.5224,119200,"<1H OCEAN"
45,1827,408,1507,410,2.8942,129000,"<1H OCEAN"
31,2697,690,2220,665,2.5329,135200,"<1H OCEAN"
34,2486,560,2443,557,2.5263,130400,"<1H OCEAN"
28,256,66,214,60,3.0197,137500,"<1H OCEAN"
44,309,121,315,80,1.6071,112500,"<1H OCEAN"
24,3174,506,1466,535,5.2285,248100,"<1H OCEAN"
30,3745,767,1762,748,3.2355,214200,"<1H OCEAN"
42,4261,840,2013,801,3.5288,221000,"<1H OCEAN"
52,2351,459,1169,439,2.8924,169600,"<1H OCEAN"
28,1926,556,1717,535,1.9385,123200,"<1H OCEAN"
10,913,265,508,251,0.9914,147500,"<1H OCEAN"
40,2878,592,1444,564,3.1439,192300,"<1H OCEAN"
40,2497,520,1275,508,3.1071,193100,"<1H OCEAN"
19,9371,1980,4259,1882,3.6875,189700,"<1H OCEAN"
24,3071,544,1477,560,3.9219,222500,"<1H OCEAN"
26,5745,1017,2780,996,5,202300,"<1H OCEAN"
38,5561,1292,3523,1253,2.8289,168300,"<1H OCEAN"
6,10613,2485,7249,2375,3.7912,168900,"<1H OCEAN"
28,1049,235,705,208,2.7321,150000,"NEAR OCEAN"
37,424,65,266,64,3.3472,293800,"NEAR OCEAN"
23,2392,721,3074,718,2.5195,136900,"<1H OCEAN"
16,1680,285,1103,275,4.6125,253800,"<1H OCEAN"
13,833,130,405,127,5.2729,322900,"<1H OCEAN"
15,2608,458,1531,457,5.5148,253500,"<1H OCEAN"
28,1445,268,1017,284,3.6693,211000,"<1H OCEAN"
28,827,178,703,144,4.4271,175700,"<1H OCEAN"
19,2528,554,2332,492,3.7766,177000,"<1H OCEAN"
22,1304,278,887,227,3.6607,206300,"<1H OCEAN"
19,2511,465,1551,450,4.9107,231900,"<1H OCEAN"
20,2606,424,1361,426,4.5787,245100,"<1H OCEAN"
19,2164,410,1309,426,3.338,185300,"<1H OCEAN"
16,3841,620,1799,611,4.3814,245300,"<1H OCEAN"
18,1984,379,1078,359,3.2969,229900,"<1H OCEAN"
18,2837,522,1454,458,4.5272,221000,"<1H OCEAN"
17,3921,654,1895,641,5.0092,238700,"<1H OCEAN"
18,1819,283,919,295,4.1696,222500,"<1H OCEAN"
21,1141,257,671,195,3.8424,155700,"<1H OCEAN"
21,2294,478,1306,430,3.0347,227200,"<1H OCEAN"
27,1608,503,2031,498,2.3384,121000,"<1H OCEAN"
25,1851,418,1678,390,3.2937,135300,"<1H OCEAN"
32,1740,399,1563,389,2.7694,132400,"<1H OCEAN"
30,2628,444,1372,432,4.1696,175000,"<1H OCEAN"
18,5915,1000,2975,975,4.5812,255200,"<1H OCEAN"
18,1575,230,751,219,5.2203,286500,"<1H OCEAN"
15,2191,358,1150,330,4.7969,227500,"<1H OCEAN"
12,19234,4492,12153,4372,3.2652,152800,"<1H OCEAN"
37,641,129,458,142,3.3456,252600,"<1H OCEAN"
52,1437,298,836,257,3.6286,165500,"<1H OCEAN"
12,6758,1241,3918,1100,3.525,201700,"<1H OCEAN"
11,4712,1098,5982,1105,2.5986,135700,"<1H OCEAN"
12,512,144,767,149,2.2667,72900,"<1H OCEAN"
19,1907,323,681,270,6.0332,244900,"<1H OCEAN"
19,3562,530,1607,505,5.0162,283100,"<1H OCEAN"
11,5892,837,2327,812,6.1551,291800,"<1H OCEAN"
34,737,140,362,138,5.1788,270000,"<1H OCEAN"
21,3905,583,1528,586,7.6245,336600,"<1H OCEAN"
15,4037,586,1596,557,8.0922,390100,"<1H OCEAN"
14,1835,468,1867,461,2.3879,129800,"<1H OCEAN"
31,1636,380,1468,339,3.2219,114700,"<1H OCEAN"
29,1045,311,1245,273,1.775,112500,"<1H OCEAN"
13,2685,621,2474,573,2.8775,134100,"<1H OCEAN"
28,1006,228,738,193,1.9722,210700,"<1H OCEAN"
33,2952,565,1264,517,4.4209,274600,"<1H OCEAN"
27,3184,520,1121,493,5.6383,377000,"<1H OCEAN"
28,1973,343,970,349,4.25,279100,"<1H OCEAN"
19,2150,479,1052,428,3.5039,288400,"<1H OCEAN"
20,1335,290,717,243,4.7891,230600,"<1H OCEAN"
9,1580,287,465,208,6.1668,405800,"<1H OCEAN"
21,2740,615,2630,564,2.6629,102700,"<1H OCEAN"
20,1054,269,1219,273,3.0437,76600,"<1H OCEAN"
22,2927,637,2546,618,2.7153,114300,"<1H OCEAN"
40,622,194,902,196,2.625,109100,"<1H OCEAN"
39,2288,529,1449,410,3.3289,190600,"<1H OCEAN"
23,2095,536,1858,457,3.0543,92400,"<1H OCEAN"
12,4776,1082,4601,1066,2.9184,100500,"<1H OCEAN"
30,146,41,164,40,2.3,206300,"<1H OCEAN"
13,1642,418,1534,388,3.1222,125500,"<1H OCEAN"
33,1691,308,792,262,2.6648,164600,"<1H OCEAN"
16,1720,473,1427,291,2.1107,76200,"<1H OCEAN"
27,1476,352,1156,358,3.1929,137900,"<1H OCEAN"
30,1484,414,1200,351,1.7548,95800,"<1H OCEAN"
34,2504,550,1810,547,3.4821,113700,"<1H OCEAN"
16,1868,443,1323,436,2.9559,163200,"<1H OCEAN"
12,2198,507,1971,502,2.6801,1e+05,"<1H OCEAN"
12,3738,710,2337,664,3.9647,135000,"<1H OCEAN"
28,1057,249,288,130,3.0526,146900,"NEAR OCEAN"
31,372,68,479,67,3.5547,2e+05,"NEAR OCEAN"
16,3077,628,1479,536,3.3724,114600,"<1H OCEAN"
29,1916,386,1019,314,2.4881,87500,"<1H OCEAN"
39,768,162,264,118,5.3245,250000,"INLAND"
14,1078,261,382,171,3.7083,210000,"NEAR OCEAN"
20,958,245,590,189,2.6094,362500,"NEAR OCEAN"
25,726,274,411,214,3.2375,450000,"NEAR OCEAN"
20,10053,1768,3083,1621,5.1506,387500,"NEAR OCEAN"
22,1746,363,886,364,5.5469,378800,"<1H OCEAN"
18,2321,358,803,341,10.1854,426000,"<1H OCEAN"
18,3165,533,1312,434,6.5234,357400,"NEAR OCEAN"
28,2830,458,898,370,5.8142,500001,"NEAR OCEAN"
42,3944,738,1374,598,4.174,394400,"NEAR OCEAN"
39,5468,834,1782,712,5.7248,398800,"NEAR OCEAN"
33,5323,887,1670,740,3.9792,468000,"NEAR OCEAN"
40,2124,449,643,341,5.5164,369100,"NEAR OCEAN"
30,2722,584,628,384,3.4048,487100,"NEAR OCEAN"
39,2144,538,749,419,2.7039,364000,"NEAR OCEAN"
37,2190,419,490,300,3.7852,465800,"NEAR OCEAN"
44,3494,635,693,415,3.6,452800,"NEAR OCEAN"
52,2616,483,582,313,3.275,500001,"NEAR OCEAN"
31,1736,250,497,170,6.3835,407800,"NEAR OCEAN"
25,2201,353,622,295,5.0621,386500,"NEAR OCEAN"
32,3152,504,793,426,7.1198,469900,"NEAR OCEAN"
22,3553,530,1108,441,5.8505,417100,"NEAR OCEAN"
23,4911,693,1480,606,6.777,5e+05,"NEAR OCEAN"
28,3153,409,569,271,14.4113,500001,"NEAR OCEAN"
33,3455,683,1704,663,4.0154,225700,"NEAR OCEAN"
29,3735,808,1873,757,3.1543,253800,"NEAR OCEAN"
27,3044,661,1229,618,3.1359,268000,"NEAR OCEAN"
39,869,173,406,165,4.0313,253800,"NEAR OCEAN"
52,974,190,403,181,4.3281,236500,"NEAR OCEAN"
52,1001,191,425,184,3.7614,241700,"NEAR OCEAN"
47,1811,401,948,375,3.0379,249300,"NEAR OCEAN"
52,1431,300,657,293,3.2865,240100,"<1H OCEAN"
52,867,199,391,187,2.6713,234600,"NEAR OCEAN"
52,1410,303,578,285,2.5625,235400,"NEAR OCEAN"
52,728,161,313,142,3.4327,254500,"NEAR OCEAN"
40,1292,271,504,230,2.475,258300,"<1H OCEAN"
30,724,167,325,155,3.3333,247900,"<1H OCEAN"
19,2371,324,944,332,5.9175,240200,"<1H OCEAN"
52,2584,599,790,444,2.5263,286400,"NEAR OCEAN"
52,541,157,240,145,3.5865,290000,"<1H OCEAN"
52,1220,267,488,265,3.7454,243800,"<1H OCEAN"
42,817,194,391,193,2.1776,279200,"<1H OCEAN"
28,3983,852,1582,778,3.5147,313900,"NEAR OCEAN"
33,1740,342,638,329,3.1912,319800,"NEAR OCEAN"
40,1076,193,406,180,3.4943,311100,"<1H OCEAN"
41,1049,198,428,183,4.3571,287500,"NEAR OCEAN"
36,877,175,349,168,3.4167,339100,"<1H OCEAN"
20,1834,554,971,514,3.0383,217300,"<1H OCEAN"
29,3412,827,1574,759,2.9309,217100,"NEAR OCEAN"
30,2755,597,1519,554,3.2952,234600,"NEAR OCEAN"
27,1619,352,831,344,4.3,226400,"NEAR OCEAN"
21,1242,340,834,362,2.4922,243800,"NEAR OCEAN"
39,1629,423,804,386,2.4663,236500,"NEAR OCEAN"
33,2461,649,1234,601,2.8727,225000,"NEAR OCEAN"
45,2249,412,944,429,3.0625,260300,"NEAR OCEAN"
42,2689,510,1023,459,4.6182,301000,"NEAR OCEAN"
31,2034,335,966,322,4.6964,291300,"NEAR OCEAN"
35,2605,410,1110,406,5.5519,329500,"NEAR OCEAN"
17,5039,833,1678,710,6.2323,339100,"NEAR OCEAN"
40,626,164,337,150,2.7917,225000,"<1H OCEAN"
19,656,200,248,173,1.2656,5e+05,"<1H OCEAN"
30,1671,469,760,375,2.5164,178100,"<1H OCEAN"
30,1822,505,932,496,2.6894,179500,"<1H OCEAN"
18,2700,937,1042,744,3.1364,150000,"NEAR OCEAN"
32,784,112,262,114,6.918,500001,"NEAR OCEAN"
29,4910,871,3438,904,4.0432,450000,"NEAR OCEAN"
20,6332,991,2668,955,5.7578,347700,"<1H OCEAN"
13,3030,413,1027,363,6.9615,500001,"<1H OCEAN"
21,1616,400,688,384,4.2109,278800,"<1H OCEAN"
31,1044,285,762,301,3.038,195300,"<1H OCEAN"
21,3634,1011,1985,917,2.9085,156300,"<1H OCEAN"
33,1409,307,633,290,3.5568,191200,"<1H OCEAN"
21,2381,701,1264,659,2.5372,218000,"<1H OCEAN"
42,891,203,525,212,3.3156,186300,"<1H OCEAN"
34,3852,733,1661,696,4.3269,221300,"<1H OCEAN"
27,5665,1281,3612,1191,3.0542,142100,"<1H OCEAN"
30,2748,502,1491,535,4.3472,185000,"<1H OCEAN"
26,2902,761,2258,719,2.5663,128900,"<1H OCEAN"
30,2958,691,1616,666,3.4643,191800,"<1H OCEAN"
21,2876,802,2487,795,2.2007,112800,"<1H OCEAN"
15,2190,586,1570,510,1.875,122300,"<1H OCEAN"
24,2437,438,1430,444,3.8015,169100,"<1H OCEAN"
26,3723,789,2563,747,3.4531,133100,"<1H OCEAN"
27,2248,466,1644,453,3.2545,131200,"<1H OCEAN"
33,2938,576,1516,568,3.5,162400,"<1H OCEAN"
33,1771,398,1037,388,2.7708,161800,"<1H OCEAN"
41,3138,717,1890,642,2.4864,140400,"<1H OCEAN"
37,338,109,231,100,2.5313,108300,"<1H OCEAN"
26,32,8,27,10,2.225,150000,"<1H OCEAN"
11,32627,6445,28566,6082,2.3087,118800,"<1H OCEAN"
18,8581,1957,6071,1889,3,162200,"<1H OCEAN"
22,6912,1513,3794,1455,3.0608,168300,"<1H OCEAN"
14,2493,407,1296,418,5.4508,190000,"<1H OCEAN"
12,3877,914,2274,858,3.4239,194800,"<1H OCEAN"
18,6601,1395,3562,1299,3.512,174800,"<1H OCEAN"
52,144,54,89,48,1.0096,162500,"NEAR BAY"
52,935,224,315,207,1.8287,146900,"NEAR BAY"
21,1108,269,524,274,2.7619,154600,"NEAR BAY"
52,1128,207,450,197,3.3542,154600,"NEAR BAY"
52,1219,288,847,283,1.6691,183300,"NEAR BAY"
23,1398,388,1112,406,2.2366,140200,"NEAR BAY"
52,3217,742,1670,671,2.4398,163100,"NEAR BAY"
48,2278,477,1219,453,2.9643,154000,"NEAR BAY"
40,1739,318,744,312,2.6518,156100,"NEAR BAY"
38,2308,425,1272,406,3.6083,134200,"NEAR BAY"
10,969,160,482,180,6.5799,218100,"NEAR BAY"
36,1446,306,678,295,2.8409,153000,"NEAR BAY"
23,526,152,245,130,2.0134,142500,"NEAR BAY"
19,531,112,139,80,1.9875,325000,"NEAR BAY"
20,3870,795,2088,774,3.3021,152700,"NEAR BAY"
24,2831,502,1462,503,4.5,158300,"NEAR BAY"
37,1170,303,766,302,2.6618,136200,"NEAR BAY"
33,4518,704,1776,669,5.2444,281100,"NEAR BAY"
31,1267,319,545,297,1.9946,206800,"NEAR BAY"
44,3030,589,1373,582,2.9054,155200,"NEAR BAY"
12,4609,1005,2293,960,3.4543,194500,"NEAR BAY"
23,4312,993,2317,934,2.7667,153200,"NEAR BAY"
20,2063,486,1045,460,2.5035,153200,"NEAR BAY"
34,1797,395,1162,407,3.455,137500,"NEAR BAY"
25,4927,1005,2756,998,2.7325,162900,"NEAR BAY"
52,58,18,48,22,1.76,166700,"NEAR BAY"
45,3075,754,1635,723,2.2721,139800,"NEAR BAY"
44,3690,809,1922,736,2.6346,139800,"NEAR BAY"
19,4187,684,1827,605,4.5293,210400,"NEAR BAY"
21,1922,344,1051,342,3.6042,183300,"NEAR BAY"
15,4741,956,2043,856,4.1862,183600,"NEAR BAY"
26,2155,339,956,365,4.0132,174700,"NEAR BAY"
33,2463,421,1235,465,3.7045,161500,"NEAR BAY"
17,851,118,370,123,5.0877,209300,"NEAR BAY"
15,3193,468,1303,426,5.3017,202600,"NEAR BAY"
19,2922,417,1221,442,5.8002,238700,"NEAR BAY"
22,2483,528,1478,492,4.0878,164400,"NEAR BAY"
35,3997,762,2074,703,3.285,138100,"NEAR BAY"
26,2710,498,1439,484,5,175200,"NEAR BAY"
14,6778,947,2768,1014,6.1953,258900,"NEAR BAY"
25,3883,740,1641,676,3.9,187300,"NEAR BAY"
32,2577,458,1172,447,3.8796,175500,"NEAR BAY"
45,3023,659,1789,657,3.6039,126000,"NEAR BAY"
21,1607,356,834,352,2.3787,177900,"NEAR BAY"
14,3541,499,1577,459,5.3351,269900,"NEAR BAY"
20,1789,434,1113,398,2.4728,139700,"NEAR BAY"
25,1701,427,1021,399,3.0404,142100,"NEAR BAY"
31,1633,316,944,300,3.3977,158700,"NEAR BAY"
34,1748,284,783,303,4.3585,194400,"NEAR BAY"
4,1051,263,455,248,3.6389,130200,"NEAR BAY"
18,3548,880,1476,699,3.7188,163400,"NEAR BAY"
35,1273,210,555,181,4.4861,269300,"NEAR BAY"
33,213,36,91,33,4.9167,187500,"NEAR BAY"
42,106,18,40,25,7.5197,275000,"NEAR BAY"
13,7065,1259,3864,1221,4.7472,148600,"NEAR BAY"
34,778,137,406,136,4.2955,121300,"NEAR BAY"
17,4459,944,1812,888,2.9375,106700,"NEAR BAY"
23,2840,491,1586,466,4.0337,130400,"NEAR BAY"
33,1066,191,403,163,6.8,240800,"<1H OCEAN"
29,1868,291,764,284,4.825,195100,"NEAR BAY"
18,3735,557,1504,521,5.6304,243100,"NEAR BAY"
33,2017,370,949,342,4.625,228600,"NEAR BAY"
33,1408,273,520,212,3.5781,242500,"<1H OCEAN"
28,1020,169,504,164,4.5694,287500,"INLAND"
20,4867,1015,1725,1015,2.5685,267600,"INLAND"
20,3494,549,1673,541,5.5718,185200,"INLAND"
18,1808,400,968,370,3.7067,175000,"INLAND"
16,2716,546,898,500,2.2536,201200,"INLAND"
24,407,68,175,61,6.0266,216700,"INLAND"
12,4270,654,1624,598,5.5266,331300,"INLAND"
28,2024,340,844,309,4.7833,361100,"INLAND"
36,831,122,272,109,6.3427,304800,"INLAND"
44,1066,190,416,174,3.6389,304000,"NEAR BAY"
25,1821,344,349,179,6.9931,398800,"INLAND"
34,2048,316,780,267,5.815,339200,"NEAR BAY"
31,3440,574,1538,537,5.5368,325900,"NEAR BAY"
38,1938,301,823,285,6.1089,280800,"NEAR BAY"
35,1227,236,548,207,4.875,336700,"INLAND"
29,2278,397,765,322,4.6379,348200,"INLAND"
33,2542,466,1099,420,4.635,248500,"INLAND"
18,2487,516,980,503,3.5506,187500,"INLAND"
25,928,195,413,184,3.4904,196900,"INLAND"
49,1977,393,741,339,3.1312,247600,"INLAND"
23,2191,415,959,361,4.1993,214500,"INLAND"
18,1297,337,610,312,1.9441,184400,"INLAND"
24,1741,289,564,231,3.6118,248400,"INLAND"
26,2101,390,2171,360,3.6429,159700,"INLAND"
34,2517,483,1324,464,3.0938,189400,"INLAND"
20,1036,202,589,194,5.3698,303300,"INLAND"
37,1898,359,973,340,4.2096,256600,"INLAND"
32,1735,331,785,309,3.6641,275800,"INLAND"
18,742,142,343,119,3.1563,98400,"INLAND"
22,509,103,139,73,2.1979,152800,"INLAND"
22,678,137,336,103,4.4,142500,"INLAND"
15,1743,366,655,264,3.3393,146900,"INLAND"
35,1705,321,708,253,3.4539,3e+05,"INLAND"
43,2088,379,721,293,4.65,245000,"<1H OCEAN"
18,2083,506,926,487,1.9925,225000,"INLAND"
33,1239,262,539,246,3.5208,195800,"INLAND"
32,2723,637,1549,556,2.3942,183100,"INLAND"
18,3753,752,1454,668,3.7585,185700,"<1H OCEAN"
15,6828,1319,3002,1318,2.4726,143400,"INLAND"
17,1878,345,892,299,2.8864,143100,"INLAND"
13,1110,216,602,209,2.5887,144400,"INLAND"
16,1000,197,508,190,2.3062,138800,"INLAND"
17,838,161,388,142,3.6563,163500,"INLAND"
10,3063,497,1168,507,4.4375,185100,"INLAND"
10,3138,524,1275,511,4.0775,164500,"INLAND"
8,4839,832,1977,762,4.0848,155900,"INLAND"
7,2767,423,1143,382,3.6333,170200,"INLAND"
8,2870,526,1307,451,3.463,201700,"INLAND"
7,439,84,246,80,3.0781,162500,"INLAND"
13,1839,275,752,270,4.2031,209600,"INLAND"
10,1813,311,827,287,3.6087,182100,"INLAND"
9,2374,372,884,333,4.5042,206400,"INLAND"
12,1875,307,806,283,3.9185,195200,"INLAND"
14,1651,279,633,261,4.2802,194800,"INLAND"
15,1999,287,585,246,5.5161,361900,"INLAND"
11,1887,303,775,283,3.8417,187200,"INLAND"
14,1405,269,660,228,3.0804,156800,"INLAND"
14,1131,193,520,178,3.9,180400,"INLAND"
13,1085,227,629,214,5.0389,171500,"INLAND"
9,1431,254,681,221,3.045,170400,"INLAND"
10,680,143,354,140,4.0333,161500,"INLAND"
19,2323,397,963,379,3.7426,162700,"INLAND"
14,811,161,352,121,3.5938,140300,"INLAND"
9,3415,562,1208,479,4.3646,185900,"INLAND"
5,906,144,376,141,4.3523,188200,"INLAND"
8,2112,360,782,344,3.7125,175000,"INLAND"
7,4194,673,1355,566,4.3702,226100,"INLAND"
9,2802,447,955,418,5.2359,213300,"INLAND"
16,1528,351,729,319,2.4688,138800,"INLAND"
14,1006,187,462,185,3.1042,152000,"INLAND"
9,999,189,411,176,2.125,151800,"INLAND"
16,1039,182,554,184,2.9688,128300,"INLAND"
13,3883,763,1816,682,2.8102,144400,"INLAND"
14,983,163,399,161,2.2917,145100,"INLAND"
11,1265,224,573,205,3.3603,162500,"INLAND"
39,2099,433,929,423,1.9886,113800,"INLAND"
48,1188,227,471,219,2.3125,125700,"INLAND"
20,1634,374,1053,390,1.5313,154900,"INLAND"
10,2229,537,982,512,2.186,132700,"INLAND"
52,1749,422,837,391,2.325,109700,"INLAND"
35,2637,511,1181,480,2.7813,109200,"INLAND"
52,2432,495,928,435,2.425,121100,"INLAND"
17,3033,590,1319,583,2.4811,111800,"INLAND"
25,2200,439,1045,419,2.6042,116700,"INLAND"
45,204,62,133,51,1,90600,"INLAND"
16,1427,319,642,333,1.4241,125000,"INLAND"
14,1889,471,853,399,2.25,112500,"INLAND"
28,2843,535,1310,525,3.2337,123100,"INLAND"
48,1759,389,716,350,2.3125,108300,"INLAND"
52,1452,309,637,299,2.2083,103900,"INLAND"
43,1264,273,611,260,2.535,117100,"INLAND"
12,1321,268,661,232,4.0062,153800,"INLAND"
14,3338,608,1373,562,3.67,160100,"INLAND"
15,2809,450,1267,408,4.0426,191700,"INLAND"
16,1497,275,737,243,2.8942,182500,"INLAND"
15,2993,562,1296,518,3.3009,156800,"INLAND"
13,2331,464,1110,419,3.6563,164900,"INLAND"
14,770,116,285,116,3.6434,155400,"INLAND"
23,2550,457,1016,405,3.6607,153000,"INLAND"
10,1170,225,537,194,3.2813,163200,"INLAND"
17,856,167,518,170,3.5859,144300,"INLAND"
17,2277,459,1149,476,3.2303,149500,"INLAND"
52,3720,707,1424,609,3.2,155000,"INLAND"
49,3739,759,1422,606,2.4283,143100,"INLAND"
14,810,151,302,138,3.1094,136100,"INLAND"
52,1549,275,604,249,2.2278,155400,"INLAND"
14,1864,331,894,332,3.4028,171800,"INLAND"
14,3120,595,1569,556,3.5385,157400,"INLAND"
17,3127,539,1390,520,3.9537,172800,"INLAND"
17,2282,431,974,371,3.5417,155100,"INLAND"
16,2616,422,1090,425,3.7917,179200,"INLAND"
16,352,105,226,82,1.6094,79500,"INLAND"
15,1337,326,1172,306,2.6341,85000,"INLAND"
17,3442,705,1693,619,2.8102,128900,"INLAND"
18,453,117,152,77,1.3523,85700,"INLAND"
17,1076,283,171,64,2.125,83900,"INLAND"
18,1046,204,486,179,4.119,110900,"INLAND"
26,1988,379,905,321,3.7841,109500,"INLAND"
16,1536,298,646,208,2.3594,155700,"INLAND"
14,2421,489,1000,354,3.5652,119800,"INLAND"
10,614,141,195,95,0.9283,116300,"INLAND"
10,2325,410,1016,373,4.5208,117300,"INLAND"
9,2738,510,1193,412,4.3958,124800,"INLAND"
9,2254,400,694,243,5.6856,138100,"INLAND"
24,6012,1227,780,358,3.0043,122100,"INLAND"
29,1986,474,337,100,4.0278,95800,"INLAND"
11,2520,401,397,165,4.665,145600,"INLAND"
9,2739,555,294,110,3.1842,162500,"INLAND"
8,4195,725,291,115,3.4792,180800,"INLAND"
7,2045,358,245,92,4.0481,152300,"INLAND"
8,1872,281,203,71,4.5882,198400,"INLAND"
7,914,159,85,34,4.7917,187500,"INLAND"
7,2611,395,482,159,5.0622,174100,"INLAND"
28,2851,496,1287,496,5.0782,264100,"<1H OCEAN"
34,2228,399,1159,378,4.8906,228900,"<1H OCEAN"
36,1870,338,947,324,4.1205,217000,"<1H OCEAN"
34,1632,263,690,268,5.5608,255800,"<1H OCEAN"
35,1928,360,1056,366,4.0893,215700,"<1H OCEAN"
31,1975,373,918,347,4.4107,202000,"<1H OCEAN"
33,1700,369,981,362,4.5461,194000,"<1H OCEAN"
31,1471,321,841,330,3.46,232800,"<1H OCEAN"
29,2316,522,1275,501,3.776,192600,"<1H OCEAN"
31,2397,518,1407,476,2.6641,185200,"<1H OCEAN"
33,1770,370,1346,366,4.0833,162500,"<1H OCEAN"
34,1475,319,698,293,3.8194,186000,"<1H OCEAN"
14,999,232,1037,244,2.7125,166100,"<1H OCEAN"
25,3445,801,2400,750,3.4702,161900,"<1H OCEAN"
37,2633,630,1904,630,2.6123,161300,"<1H OCEAN"
15,2014,419,839,390,4.7446,175400,"<1H OCEAN"
32,2620,398,1296,429,5.7796,241300,"<1H OCEAN"
35,1887,328,989,351,4.1321,198100,"<1H OCEAN"
24,2017,416,900,436,3,251400,"<1H OCEAN"
18,3744,1027,1654,912,3.2158,215000,"<1H OCEAN"
18,2825,660,1590,643,3.6106,153600,"<1H OCEAN"
28,639,179,1062,169,3.0588,145200,"<1H OCEAN"
32,1661,312,1201,302,4,178200,"<1H OCEAN"
11,3127,706,1594,694,4.3426,141300,"<1H OCEAN"
32,1053,207,1038,222,4.6696,165500,"<1H OCEAN"
13,2312,592,2038,559,3.1378,137000,"<1H OCEAN"
25,3250,546,1452,501,5.1084,303800,"<1H OCEAN"
30,1596,307,845,309,4.5096,241100,"<1H OCEAN"
31,2237,431,1135,434,4.45,267900,"<1H OCEAN"
26,1962,540,1236,520,2.2156,145000,"<1H OCEAN"
30,2658,382,1135,392,6.0516,245000,"<1H OCEAN"
28,3664,719,1820,657,4.225,224700,"<1H OCEAN"
25,2431,534,1702,523,3.7933,184400,"<1H OCEAN"
27,4566,620,2045,664,5.583,267700,"<1H OCEAN"
30,2506,394,1255,421,4.7813,198200,"<1H OCEAN"
34,2271,437,1393,433,4.2443,174400,"<1H OCEAN"
37,1128,273,931,234,2.8,137500,"<1H OCEAN"
33,1626,378,1062,356,2.1944,139600,"<1H OCEAN"
12,4415,890,1532,854,3.75,166300,"<1H OCEAN"
21,2578,363,1207,350,6.2452,291700,"<1H OCEAN"
15,5799,842,2314,787,6.3433,350500,"<1H OCEAN"
20,3349,685,1822,675,4.7216,227000,"<1H OCEAN"
17,6100,861,2771,866,7.6486,306700,"<1H OCEAN"
12,4325,1191,1897,1080,3.3173,247400,"<1H OCEAN"
17,2936,555,1381,535,5.4617,190300,"<1H OCEAN"
27,698,116,391,126,5.9177,267600,"<1H OCEAN"
21,380,91,398,70,4.7222,208300,"<1H OCEAN"
27,2181,501,1555,488,3.6106,196400,"<1H OCEAN"
34,1763,303,894,297,5.0096,221700,"<1H OCEAN"
32,1530,301,666,276,4.125,230200,"<1H OCEAN"
24,2249,379,1015,385,4.9766,267100,"<1H OCEAN"
34,1473,312,1025,315,3.8333,170400,"<1H OCEAN"
33,1264,224,527,227,3.7321,216500,"<1H OCEAN"
36,1376,257,687,221,3.5403,195400,"<1H OCEAN"
8,2120,544,1281,470,3.4954,159500,"<1H OCEAN"
14,1562,373,609,328,2.3935,125000,"<1H OCEAN"
16,1426,216,652,226,6.5284,288700,"<1H OCEAN"
23,1533,226,693,230,7.898,258200,"<1H OCEAN"
19,2176,414,1002,402,4.9743,193500,"<1H OCEAN"
26,2885,476,1227,439,4.9524,226600,"<1H OCEAN"
33,4181,804,2049,834,4.3103,201600,"<1H OCEAN"
19,2181,400,1272,337,5.1952,302100,"<1H OCEAN"
33,2868,382,1204,412,6.1825,336900,"<1H OCEAN"
27,2558,310,891,316,9.5561,411800,"<1H OCEAN"
27,829,114,383,133,9.3125,293500,"<1H OCEAN"
18,2895,487,1116,429,5.4716,4e+05,"<1H OCEAN"
13,1814,320,1010,313,6.3489,337900,"<1H OCEAN"
24,1698,297,676,273,5.2017,364600,"<1H OCEAN"
18,3821,576,1430,568,6.9399,349600,"<1H OCEAN"
28,2696,346,947,356,9.0055,375400,"<1H OCEAN"
17,1671,192,678,206,13.1107,467600,"<1H OCEAN"
12,1859,393,622,316,5.0258,161800,"<1H OCEAN"
19,8096,1318,3853,1313,6.0076,269500,"<1H OCEAN"
9,1899,284,1070,293,7.2532,381500,"<1H OCEAN"
15,3057,479,1679,498,6.8429,372600,"<1H OCEAN"
10,2423,356,1213,347,6.5635,346900,"<1H OCEAN"
6,1537,347,506,280,4.8264,146800,"<1H OCEAN"
25,3578,461,1588,466,6.2556,341300,"<1H OCEAN"
17,1665,247,755,254,6.5764,349000,"<1H OCEAN"
24,1332,252,625,230,4.4375,334100,"<1H OCEAN"
18,8836,1527,3946,1451,5.6441,313000,"<1H OCEAN"
30,2629,331,956,319,9.9071,500001,"<1H OCEAN"
30,2577,404,1076,374,6.7528,459600,"<1H OCEAN"
35,2159,343,833,335,5.3738,365100,"<1H OCEAN"
27,2029,242,711,254,9.7956,500001,"<1H OCEAN"
25,2037,515,1435,496,3.3199,188800,"<1H OCEAN"
29,1310,332,937,294,3.8068,158700,"<1H OCEAN"
25,1025,266,726,183,3.875,137500,"<1H OCEAN"
26,1240,285,781,315,4.1287,205800,"<1H OCEAN"
28,1784,440,1255,433,3.7054,169200,"<1H OCEAN"
34,2138,490,1682,463,3.6006,161700,"<1H OCEAN"
35,1691,367,1265,378,3.5855,174300,"<1H OCEAN"
12,1370,367,1022,296,3.6471,141700,"<1H OCEAN"
35,2146,430,1230,429,3.7813,184900,"<1H OCEAN"
35,2181,371,1249,358,4.2937,183200,"<1H OCEAN"
35,1972,367,1152,356,3.7222,187500,"<1H OCEAN"
35,2375,439,1343,424,4.53,193500,"<1H OCEAN"
35,2478,431,1333,427,5.2099,191400,"<1H OCEAN"
32,2366,505,1283,477,3.3516,190000,"<1H OCEAN"
46,1747,312,770,296,5.4217,256000,"<1H OCEAN"
34,1599,296,938,307,4.285,184900,"<1H OCEAN"
35,1854,383,1115,381,4.4784,185200,"<1H OCEAN"
22,1432,335,746,296,2.0227,55000,"<1H OCEAN"
27,890,289,416,200,3.141,167500,"<1H OCEAN"
37,1785,360,1155,403,4.7984,175800,"<1H OCEAN"
34,1939,355,817,314,3.6705,275000,"<1H OCEAN"
36,2824,493,1394,507,4.6477,194700,"<1H OCEAN"
33,1013,312,706,266,2.1432,197500,"<1H OCEAN"
36,2038,343,1066,346,5.197,195700,"<1H OCEAN"
36,1672,318,1173,337,4.5774,182100,"<1H OCEAN"
35,1216,225,893,228,4.0288,184000,"<1H OCEAN"
35,1235,227,875,220,4.6964,183100,"<1H OCEAN"
35,2127,417,1247,378,4.75,185600,"<1H OCEAN"
52,2157,362,1001,373,5.1237,240000,"<1H OCEAN"
10,1277,488,730,417,1.4803,137500,"<1H OCEAN"
46,2066,450,1275,448,3.9375,187000,"<1H OCEAN"
35,1694,296,679,282,4.3333,239300,"<1H OCEAN"
44,308,87,301,100,2.1991,191100,"<1H OCEAN"
36,1125,285,966,257,2.8438,162500,"<1H OCEAN"
52,950,229,429,185,2.315,182100,"<1H OCEAN"
45,1306,293,585,260,4.0812,241700,"<1H OCEAN"
32,2458,359,967,409,7.2893,293500,"<1H OCEAN"
52,1270,276,609,211,3.75,232500,"<1H OCEAN"
34,1851,291,784,290,5.2336,235600,"<1H OCEAN"
32,1683,273,719,263,5.3649,243600,"<1H OCEAN"
32,1632,244,575,235,5.3986,318700,"<1H OCEAN"
30,1631,212,523,216,7.875,351900,"<1H OCEAN"
35,2062,353,991,357,5.2897,230400,"<1H OCEAN"
34,1396,245,661,261,4.675,215400,"<1H OCEAN"
28,2315,538,1360,504,2.9861,218600,"<1H OCEAN"
34,1411,292,1040,299,3.4338,195200,"<1H OCEAN"
52,2031,506,1191,463,2.9076,177300,"<1H OCEAN"
18,1616,532,866,496,3.6435,119100,"<1H OCEAN"
16,959,176,353,185,4.5,173300,"<1H OCEAN"
15,957,360,615,370,3.0263,162500,"<1H OCEAN"
15,1655,626,1549,582,1.9127,175000,"<1H OCEAN"
33,1582,256,771,240,5.3836,229600,"<1H OCEAN"
27,2091,336,1037,332,5.7519,243400,"<1H OCEAN"
25,1492,439,755,389,3.0893,188200,"<1H OCEAN"
32,1133,216,693,228,3.3594,202100,"<1H OCEAN"
35,1919,349,1302,345,5.6409,190900,"<1H OCEAN"
32,1569,422,835,386,3.0465,148900,"<1H OCEAN"
45,1006,230,1237,237,3.3472,168000,"<1H OCEAN"
36,931,279,778,303,2.6563,155000,"<1H OCEAN"
17,1627,398,1216,369,3.3438,186600,"<1H OCEAN"
35,931,181,516,174,5.5867,182500,"<1H OCEAN"
29,1221,371,1822,326,1.7935,162500,"<1H OCEAN"
28,1395,398,1220,362,3.3008,193800,"<1H OCEAN"
26,2296,570,1415,527,2.4732,165800,"<1H OCEAN"
26,745,161,247,151,3.6375,133900,"<1H OCEAN"
16,2434,455,1017,476,4.2188,176300,"<1H OCEAN"
21,3180,434,1413,391,6.5945,277300,"<1H OCEAN"
15,1705,478,759,479,3.5333,114400,"<1H OCEAN"
19,3583,911,2300,871,3.0214,218400,"<1H OCEAN"
17,3218,923,1701,824,3.6946,265500,"<1H OCEAN"
25,1142,162,486,150,7.1472,270100,"<1H OCEAN"
16,2889,423,1227,401,6.4514,270800,"<1H OCEAN"
17,1452,188,630,194,6.9113,285200,"<1H OCEAN"
25,3205,409,1291,408,7.2478,299200,"<1H OCEAN"
21,3181,447,1416,469,6.8268,280300,"<1H OCEAN"
22,4386,593,1915,592,6.6897,289800,"<1H OCEAN"
24,2002,253,820,241,6.9612,274500,"<1H OCEAN"
19,1674,243,786,234,6.4218,275000,"<1H OCEAN"
19,1621,328,871,322,3.7361,201400,"<1H OCEAN"
17,1441,530,769,456,2.425,171700,"<1H OCEAN"
22,2340,664,1382,546,3.343,184600,"<1H OCEAN"
25,1808,440,1342,454,3.025,156900,"<1H OCEAN"
24,2655,702,1519,708,3.3036,183900,"<1H OCEAN"
28,3333,752,2026,722,3.5667,190700,"<1H OCEAN"
28,2612,602,1682,563,3.6417,204300,"<1H OCEAN"
12,1600,251,685,256,5.1784,254000,"<1H OCEAN"
33,45,11,34,10,5.2949,350000,"<1H OCEAN"
18,329,72,209,71,4.6806,187500,"<1H OCEAN"
22,4020,655,1486,635,5.9639,262300,"<1H OCEAN"
14,4753,681,2138,678,7.3658,288500,"<1H OCEAN"
20,3977,540,1886,541,6.5843,272200,"<1H OCEAN"
15,5078,806,2569,759,5.6549,301900,"<1H OCEAN"
20,4026,648,1997,650,5.5918,260500,"<1H OCEAN"
25,1548,256,811,263,5.2037,242200,"<1H OCEAN"
24,3935,625,1912,593,5.7951,226900,"<1H OCEAN"
24,3326,503,1616,494,5.7457,240600,"<1H OCEAN"
21,1519,388,1203,366,3.2083,145300,"<1H OCEAN"
19,2232,448,1149,417,3.1534,324400,"<1H OCEAN"
7,2663,642,1367,677,4.6563,162400,"<1H OCEAN"
15,1898,476,1766,455,2.4929,158500,"<1H OCEAN"
16,1332,368,1534,295,3.0227,297100,"<1H OCEAN"
19,1591,279,891,237,5.6573,216000,"<1H OCEAN"
18,2705,713,2726,674,2.7759,2e+05,"<1H OCEAN"
28,2292,531,2197,509,3.4856,142800,"<1H OCEAN"
22,1105,241,971,249,3.1667,113900,"<1H OCEAN"
13,3252,583,1546,557,5.8243,297900,"<1H OCEAN"
18,1982,300,1027,324,7.0526,327500,"<1H OCEAN"
24,2168,421,1050,397,4.6172,238300,"<1H OCEAN"
19,2968,503,1430,459,5.3339,371700,"<1H OCEAN"
21,3079,509,1431,480,4.0714,278900,"<1H OCEAN"
16,3471,708,1769,691,4.1064,246100,"<1H OCEAN"
16,3973,595,1971,575,6.4265,263700,"<1H OCEAN"
23,2446,360,1196,359,6.5755,272800,"<1H OCEAN"
24,1723,223,707,219,7.0352,299600,"<1H OCEAN"
25,1737,270,840,265,4.625,245700,"<1H OCEAN"
23,2365,355,1209,347,6.0132,259400,"<1H OCEAN"
19,3544,542,1787,560,6.7837,264300,"<1H OCEAN"
18,2112,340,1048,315,6.9308,231700,"<1H OCEAN"
15,5392,895,2531,827,6.2185,280300,"<1H OCEAN"
5,6971,1449,3521,1423,5.2131,243900,"<1H OCEAN"
19,2265,283,904,279,9.2327,461300,"<1H OCEAN"
19,4491,680,2457,702,6.0591,233500,"<1H OCEAN"
16,5954,1281,3107,1209,4.2566,206100,"<1H OCEAN"
18,133,29,95,23,3.5625,235000,"<1H OCEAN"
14,4039,669,1905,670,6.3303,303000,"<1H OCEAN"
13,3292,727,1565,698,5.457,308800,"<1H OCEAN"
11,3331,410,1460,416,8.0287,371800,"<1H OCEAN"
17,4575,764,2054,737,6.0571,272400,"<1H OCEAN"
14,1956,282,671,269,6.5841,306400,"<1H OCEAN"
16,5819,986,2306,914,4.6315,277500,"<1H OCEAN"
25,3121,381,1278,389,7.0217,357900,"<1H OCEAN"
17,8562,1351,3822,1316,6.0829,252600,"<1H OCEAN"
16,5609,952,2624,934,5.3307,169600,"<1H OCEAN"
16,1800,238,871,234,6.6678,301900,"<1H OCEAN"
14,6239,901,2923,904,6.5437,268200,"<1H OCEAN"
25,1137,170,524,164,7.5744,259300,"<1H OCEAN"
22,3760,482,1485,461,7.8537,354900,"<1H OCEAN"
4,37937,5471,16122,5189,7.4947,366300,"<1H OCEAN"
9,4838,759,2090,695,6.6536,307800,"<1H OCEAN"
8,4874,627,2070,619,8.1117,410200,"<1H OCEAN"
7,9729,1210,4160,1214,8.9088,415300,"<1H OCEAN"
23,3038,470,1568,438,5.6403,233000,"<1H OCEAN"
21,2603,404,1350,390,6.057,235900,"<1H OCEAN"
18,1810,305,1189,326,5.2227,213500,"<1H OCEAN"
16,4151,637,1558,604,5.806,304900,"<1H OCEAN"
25,1788,203,676,217,10.1299,454300,"<1H OCEAN"
17,4343,515,1605,484,10.5981,460100,"<1H OCEAN"
9,10484,1603,4005,1419,8.3931,365300,"<1H OCEAN"
16,3781,504,1665,499,7.2554,335600,"<1H OCEAN"
16,4390,660,2146,633,6.1504,266000,"<1H OCEAN"
16,3182,429,1663,428,7.0592,288200,"<1H OCEAN"
23,1986,278,826,260,7.7752,380000,"<1H OCEAN"
16,3973,483,1373,452,9.8074,417000,"<1H OCEAN"
13,2021,362,1081,341,4.3269,231400,"<1H OCEAN"
11,10535,1620,4409,1622,6.67,283200,"<1H OCEAN"
13,5415,827,2061,714,7.3681,353100,"<1H OCEAN"
15,3764,510,1448,468,8.7124,410500,"<1H OCEAN"
16,3491,502,1496,509,6.6207,270500,"<1H OCEAN"
15,3086,457,1262,436,6.4415,300700,"<1H OCEAN"
5,4380,715,1913,741,6.7274,266400,"<1H OCEAN"
14,3666,442,1400,433,10.1316,500001,"<1H OCEAN"
14,2452,296,954,275,8.2375,388300,"<1H OCEAN"
4,5416,820,1753,583,6.9544,314000,"<1H OCEAN"
12,6208,750,2443,739,9.1808,413700,"<1H OCEAN"
2,582,70,199,64,7.1193,500001,"<1H OCEAN"
25,2765,475,1666,474,6.0531,230700,"<1H OCEAN"
25,5950,1155,4528,1064,4.2564,204600,"<1H OCEAN"
14,1206,142,572,149,8.847,388700,"<1H OCEAN"
18,3548,474,1506,449,6.925,290300,"<1H OCEAN"
17,4138,805,2442,780,4.7804,242000,"<1H OCEAN"
5,3178,631,1467,581,5.2541,237100,"<1H OCEAN"
16,2022,254,789,270,8.4112,286900,"<1H OCEAN"
16,4065,661,1962,636,6.2177,256600,"<1H OCEAN"
24,3859,661,1972,624,5.7871,227400,"<1H OCEAN"
17,3464,519,1713,530,6.0471,248400,"<1H OCEAN"
21,1932,266,860,286,7.1497,274000,"<1H OCEAN"
24,1684,232,781,230,6.8667,279600,"<1H OCEAN"
25,3745,522,1648,496,7.5488,278100,"<1H OCEAN"
23,3588,577,1695,569,6.1401,243200,"<1H OCEAN"
16,5218,1187,2701,1125,3.929,143100,"<1H OCEAN"
13,5830,921,2897,891,6.2403,257400,"<1H OCEAN"
9,5774,1320,3086,1265,4.4063,202200,"<1H OCEAN"
43,1911,439,930,433,4.6369,186400,"<1H OCEAN"
36,1317,228,531,214,5.6346,272500,"<1H OCEAN"
25,3164,449,1517,453,6.7921,266000,"<1H OCEAN"
18,4552,706,1918,671,7.5791,288100,"<1H OCEAN"
20,1213,171,565,170,7.2592,314800,"<1H OCEAN"
16,3016,394,1172,382,7.5196,315600,"<1H OCEAN"
18,1614,210,692,209,7.9294,280300,"<1H OCEAN"
16,4277,565,1642,549,8.0082,286600,"<1H OCEAN"
16,9653,2000,4732,1922,3.7361,197200,"<1H OCEAN"
18,4265,581,2025,544,6.4598,282700,"<1H OCEAN"
19,2962,405,1295,440,6.0689,248000,"<1H OCEAN"
16,3010,580,1649,538,4.0221,236200,"<1H OCEAN"
19,3913,460,1646,454,7.2147,303900,"<1H OCEAN"
16,1538,260,835,259,5.5779,234800,"<1H OCEAN"
17,3173,501,1555,520,6.7079,250800,"<1H OCEAN"
11,2722,554,1565,508,5.1645,164100,"<1H OCEAN"
13,8527,1364,4597,1393,6.2242,237900,"<1H OCEAN"
15,3485,519,1740,485,6.7543,251900,"<1H OCEAN"
16,3388,425,1395,427,8.4471,351300,"<1H OCEAN"
15,4713,671,2197,673,7.5426,294800,"<1H OCEAN"
16,3299,610,1967,604,5.5085,223300,"<1H OCEAN"
10,3580,491,1688,467,7.7814,288700,"<1H OCEAN"
2,7826,893,2985,790,10.1531,484100,"<1H OCEAN"
10,4814,643,1808,588,8.798,436600,"<1H OCEAN"
11,2422,429,810,395,6.1935,293200,"<1H OCEAN"
4,6842,1512,3256,1439,5.4132,216600,"<1H OCEAN"
9,4257,785,1293,745,3.7139,196700,"<1H OCEAN"
6,3068,549,985,536,4.2009,238000,"<1H OCEAN"
15,2708,410,1140,389,6.2899,275000,"<1H OCEAN"
16,3970,771,1202,734,3.4115,184800,"<1H OCEAN"
16,5175,799,2717,813,6.1493,257800,"<1H OCEAN"
14,5232,810,3041,839,5.826,247900,"<1H OCEAN"
13,2319,430,1004,380,5.133,316100,"<1H OCEAN"
4,3274,383,1312,390,8.1611,348000,"<1H OCEAN"
5,1998,500,1185,446,4.3542,195600,"<1H OCEAN"
2,2411,354,703,217,7.8061,331400,"<1H OCEAN"
16,2483,443,1357,400,5.5545,214200,"<1H OCEAN"
8,2649,340,1238,354,8.0409,337900,"<1H OCEAN"
16,2102,350,1003,328,4.7981,170800,"<1H OCEAN"
15,2423,435,1366,423,4.8906,181800,"<1H OCEAN"
6,3157,721,1695,710,3.7609,222300,"<1H OCEAN"
4,3289,728,1345,632,4.6863,184400,"<1H OCEAN"
15,1743,254,943,274,5.9339,286000,"<1H OCEAN"
14,1343,175,650,184,7.2648,363200,"<1H OCEAN"
15,426,62,133,45,5.136,447400,"<1H OCEAN"
3,2993,429,991,390,10.0765,378200,"<1H OCEAN"
5,5348,659,1862,555,11.0567,495400,"<1H OCEAN"
3,8874,1302,3191,1027,6.8588,302000,"<1H OCEAN"
29,1223,215,633,204,6.5143,279800,"<1H OCEAN"
6,454,102,213,43,10.9704,483300,"<1H OCEAN"
3,1206,256,563,287,5.1589,167800,"<1H OCEAN"
4,3305,644,1693,597,5.2497,215000,"<1H OCEAN"
4,2000,422,833,386,5.7709,190300,"<1H OCEAN"
4,1318,218,673,225,6.0722,260800,"<1H OCEAN"
2,4860,1193,2332,1073,4.5022,151900,"<1H OCEAN"
4,3134,504,1599,485,6.2464,233900,"<1H OCEAN"
3,4541,720,1600,583,6.8004,284900,"<1H OCEAN"
6,5221,1217,2597,1119,4.6076,204000,"<1H OCEAN"
4,1793,390,897,386,4.2463,182800,"<1H OCEAN"
4,1606,498,815,426,3.375,500001,"<1H OCEAN"
2,4678,817,1970,712,6.1078,219000,"<1H OCEAN"
7,6814,785,2175,681,10.49,500001,"<1H OCEAN"
23,2656,515,998,435,4.0294,500001,"NEAR OCEAN"
12,5744,1054,2104,847,5.1482,500001,"NEAR OCEAN"
35,2556,404,946,399,6.1557,402900,"NEAR OCEAN"
31,3959,856,1919,775,4.0313,282000,"NEAR OCEAN"
29,2193,389,922,387,4.5476,309200,"NEAR OCEAN"
4,1812,255,661,211,6.487,294200,"NEAR OCEAN"
5,3549,604,1571,534,5.3705,363500,"NEAR OCEAN"
4,1969,280,805,271,7.6012,310800,"NEAR OCEAN"
6,950,184,426,186,4.7237,220700,"NEAR OCEAN"
7,7684,1088,2812,1057,6.3401,387300,"NEAR OCEAN"
25,2174,428,603,352,3.3967,249400,"NEAR OCEAN"
27,334,56,130,46,4.875,284100,"NEAR OCEAN"
27,1835,413,1221,377,3.2232,247100,"NEAR OCEAN"
27,3858,1062,2321,873,3.3155,231000,"NEAR OCEAN"
24,1296,384,850,367,2.7545,231300,"NEAR OCEAN"
17,2737,654,910,492,3.5729,370800,"NEAR OCEAN"
23,4052,955,1950,859,4.0647,240600,"NEAR OCEAN"
33,1150,383,604,317,2.3545,187500,"NEAR OCEAN"
27,1005,266,460,243,3.1029,190600,"NEAR OCEAN"
27,1444,412,597,311,3.1395,310000,"NEAR OCEAN"
4,2369,566,996,435,5.4031,243800,"NEAR OCEAN"
3,5813,1264,2363,1041,4.3897,341300,"NEAR OCEAN"
22,3167,743,1797,642,4.0076,252100,"NEAR OCEAN"
17,2248,448,878,423,5.1298,246000,"NEAR OCEAN"
23,2482,461,1048,425,4.665,280600,"NEAR OCEAN"
24,2303,399,851,379,3.9875,346500,"NEAR OCEAN"
21,3951,562,1392,543,5.1439,414000,"NEAR OCEAN"
17,2036,272,713,265,6.5954,346200,"NEAR OCEAN"
14,3223,484,1230,488,6.5964,358800,"NEAR OCEAN"
22,2728,616,1081,566,1.6393,500001,"<1H OCEAN"
24,3571,722,1409,543,4.6518,277800,"<1H OCEAN"
25,2994,519,903,410,6.6852,500001,"<1H OCEAN"
18,1679,271,783,257,5.3999,3e+05,"<1H OCEAN"
26,2073,370,952,340,5.0877,288100,"<1H OCEAN"
28,1261,233,609,242,5.1024,312700,"<1H OCEAN"
22,809,180,334,157,2.3846,500001,"<1H OCEAN"
16,2223,454,628,382,4.3603,248800,"<1H OCEAN"
3,2516,429,781,337,5.6197,271600,"<1H OCEAN"
10,3484,582,1469,556,5.4188,402200,"<1H OCEAN"
6,1638,188,572,174,13.0502,500001,"<1H OCEAN"
12,3619,536,1506,492,7.2013,353600,"<1H OCEAN"
4,2320,405,1408,477,6.3369,256000,"NEAR OCEAN"
19,7034,1139,2824,1068,6.0873,277300,"<1H OCEAN"
12,2007,397,1033,373,5.6754,275900,"<1H OCEAN"
15,7468,1275,3033,1217,5.49,239300,"NEAR OCEAN"
31,5112,778,1530,648,10.3983,500001,"<1H OCEAN"
38,3832,809,1332,636,5.0044,381200,"<1H OCEAN"
29,1720,269,612,258,7.8239,500001,"<1H OCEAN"
3,6388,920,2129,819,7.8915,420600,"<1H OCEAN"
13,4866,812,1909,733,4.9821,244800,"<1H OCEAN"
14,1672,295,704,293,5.1129,251300,"<1H OCEAN"
17,3617,597,1176,571,5.133,324000,"<1H OCEAN"
4,3623,734,1129,530,5.7281,500001,"<1H OCEAN"
17,2168,290,654,279,9.8321,500001,"<1H OCEAN"
5,4549,786,1238,632,6.1785,295900,"<1H OCEAN"
19,3562,439,1584,470,6.4211,288100,"<1H OCEAN"
24,1956,262,969,256,6.8154,265900,"<1H OCEAN"
17,2150,361,1194,335,5.4622,227000,"<1H OCEAN"
16,2092,489,877,392,3.0461,216900,"<1H OCEAN"
16,2205,393,1333,402,3.475,279500,"<1H OCEAN"
12,3258,421,1464,435,6.5413,332000,"<1H OCEAN"
13,3320,426,1432,431,7.9283,348100,"<1H OCEAN"
12,3473,466,1569,450,8.8636,314000,"<1H OCEAN"
5,6678,1011,2877,982,7.5177,330000,"<1H OCEAN"
8,2327,263,899,236,14.9009,500001,"<1H OCEAN"
8,2887,351,1176,351,10.3953,500001,"<1H OCEAN"
7,4458,731,1731,704,6.126,285600,"<1H OCEAN"
15,1786,299,727,293,5.0527,231400,"<1H OCEAN"
17,2232,372,1072,385,4.245,214500,"<1H OCEAN"
16,3084,724,2557,690,2.8357,106300,"<1H OCEAN"
15,2782,579,983,525,2.1935,183300,"<1H OCEAN"
10,366,61,128,61,8.163,250000,"<1H OCEAN"
19,2930,428,1481,430,6.323,480800,"<1H OCEAN"
18,4173,625,1649,634,6.3568,294300,"<1H OCEAN"
25,3240,481,1462,497,6.1815,288500,"<1H OCEAN"
13,2020,378,679,290,5.756,305600,"<1H OCEAN"
16,1956,346,862,326,4.4732,186300,"<1H OCEAN"
17,2112,480,1893,433,4.0388,120400,"<1H OCEAN"
18,1645,393,1490,355,3.4792,126400,"<1H OCEAN"
19,1258,246,545,227,2.9762,184400,"<1H OCEAN"
23,3499,722,1480,634,3.86,3e+05,"<1H OCEAN"
20,1577,363,764,333,4.1563,320800,"<1H OCEAN"
21,2208,534,1423,482,3.5915,305600,"<1H OCEAN"
19,2595,621,1728,571,3.668,243800,"<1H OCEAN"
21,1857,399,881,380,3.8403,350000,"<1H OCEAN"
5,1889,359,616,246,3.8992,500001,"<1H OCEAN"
5,2262,427,1016,402,6.065,315500,"<1H OCEAN"
5,2840,403,1363,403,7.618,341400,"<1H OCEAN"
5,3621,632,1546,567,5.753,322800,"<1H OCEAN"
9,3856,571,1646,576,6.8007,318300,"<1H OCEAN"
20,1767,280,801,284,6.5394,272000,"<1H OCEAN"
17,5041,778,2396,801,6.0868,282900,"<1H OCEAN"
4,2142,625,1176,483,3.4455,325000,"<1H OCEAN"
2,5261,763,1460,599,6.8279,279000,"<1H OCEAN"
3,7374,1444,3214,1279,4.538,278200,"<1H OCEAN"
5,6698,1254,2834,1139,5.9088,288500,"<1H OCEAN"
17,2486,417,876,361,6.1007,340900,"<1H OCEAN"
11,2198,252,883,281,13.1477,487000,"<1H OCEAN"
12,4676,698,1543,598,6.379,500001,"<1H OCEAN"
2,10008,1453,3550,1139,10.1122,500001,"<1H OCEAN"
4,1764,220,705,224,8.3275,384200,"<1H OCEAN"
3,1618,266,710,246,6.0743,274300,"<1H OCEAN"
4,4956,693,1802,625,7.9338,354700,"<1H OCEAN"
12,2459,390,1054,391,7.1736,262100,"<1H OCEAN"
2,2112,305,703,261,6.9343,298500,"<1H OCEAN"
3,2443,637,1033,548,4.1379,183300,"<1H OCEAN"
4,3283,911,1512,782,3.3125,138500,"<1H OCEAN"
7,4907,577,1883,556,10.4415,453800,"<1H OCEAN"
15,2460,368,962,320,7.3878,318300,"<1H OCEAN"
2,2530,562,1066,510,4.6336,187500,"<1H OCEAN"
9,1204,355,469,293,3.6196,119900,"<1H OCEAN"
4,3289,753,1285,651,4.045,226000,"<1H OCEAN"
6,3673,881,1846,768,4.877,144300,"<1H OCEAN"
4,2428,401,959,386,6.2661,268500,"<1H OCEAN"
4,1223,275,505,244,4.6607,173000,"<1H OCEAN"
4,2351,445,834,397,5.5677,245400,"<1H OCEAN"
5,1680,254,617,231,8.583,397700,"<1H OCEAN"
4,7474,1037,2969,1007,8.7591,434700,"<1H OCEAN"
10,3458,638,1156,470,6.3579,336700,"<1H OCEAN"
6,16590,2696,6223,2357,6.3088,340300,"<1H OCEAN"
14,3894,672,1490,629,6.5206,368500,"<1H OCEAN"
9,6564,1316,1720,904,4.89,454100,"<1H OCEAN"
17,2681,454,830,410,5.5507,345700,"<1H OCEAN"
29,5650,1084,3985,1056,2.8192,162500,"<1H OCEAN"
14,4321,582,2025,578,8.3634,355100,"<1H OCEAN"
15,2849,537,878,520,3.2841,158300,"<1H OCEAN"
12,4025,574,2042,588,7.9125,344900,"<1H OCEAN"
15,2102,295,1060,303,7.3141,337100,"<1H OCEAN"
3,3636,749,1486,696,5.5464,207500,"<1H OCEAN"
4,2446,622,1315,560,3.7147,137500,"<1H OCEAN"
16,5805,852,2356,795,6.1062,274600,"<1H OCEAN"
16,3774,456,1587,430,8.6088,307400,"<1H OCEAN"
16,3388,492,1249,463,6.1863,355600,"<1H OCEAN"
14,2945,356,1293,335,8.111,308900,"<1H OCEAN"
16,1565,274,950,280,5.8399,220600,"<1H OCEAN"
16,2497,500,1357,456,4.5909,241800,"<1H OCEAN"
16,1641,354,945,318,3.4261,219700,"<1H OCEAN"
16,4428,745,1525,682,5.2325,286800,"<1H OCEAN"
16,1230,242,380,246,2.2969,67500,"<1H OCEAN"
19,2957,492,1639,495,5.0686,225600,"<1H OCEAN"
23,3038,473,1501,436,5.5584,241700,"<1H OCEAN"
22,2520,387,1338,391,5.8898,242800,"<1H OCEAN"
11,4508,618,1993,573,10.4498,386100,"<1H OCEAN"
14,3011,388,1359,371,7.9739,368700,"<1H OCEAN"
10,2464,347,1241,366,8.7603,362500,"<1H OCEAN"
15,941,266,366,248,4.3636,148400,"<1H OCEAN"
15,1010,350,470,342,3.2229,108300,"<1H OCEAN"
18,328,68,391,60,4.1167,87500,"<1H OCEAN"
11,2630,327,1256,352,8.2953,350500,"<1H OCEAN"
5,4246,689,1933,722,6.9501,225700,"<1H OCEAN"
5,10534,2035,4656,1863,5.7797,309200,"<1H OCEAN"
4,10175,2181,4762,1929,4.7341,237400,"<1H OCEAN"
6,10395,1915,4783,1811,5.928,239900,"<1H OCEAN"
4,5687,970,2677,938,6.5069,243400,"<1H OCEAN"
6,211,51,125,44,1.9659,500001,"<1H OCEAN"
15,5394,748,2383,706,7.5619,302000,"<1H OCEAN"
15,5743,773,2380,773,8.1926,326600,"<1H OCEAN"
23,1444,260,792,253,4.9079,273800,"<1H OCEAN"
18,3783,654,1843,623,5.7559,215800,"<1H OCEAN"
16,2592,372,1279,383,6.9741,262000,"<1H OCEAN"
9,5206,992,4660,978,2.885,162500,"<1H OCEAN"
24,3260,458,1383,442,6.5987,272800,"<1H OCEAN"
17,1063,189,363,183,2.1719,261300,"<1H OCEAN"
16,2617,506,1317,511,4.821,201400,"<1H OCEAN"
16,2666,387,1227,347,7.3769,302400,"<1H OCEAN"
24,3477,462,1593,484,6.8634,276500,"<1H OCEAN"
15,1392,267,681,263,5.4248,187200,"<1H OCEAN"
14,1413,372,744,338,3.7988,184100,"<1H OCEAN"
15,500,113,261,116,5.0631,154000,"<1H OCEAN"
16,1666,341,479,336,2.1406,55000,"<1H OCEAN"
16,4702,806,2529,814,5.1299,238900,"<1H OCEAN"
19,2500,331,1027,327,6.115,315600,"<1H OCEAN"
16,3400,501,1575,488,6.0961,295500,"<1H OCEAN"
16,2745,447,1429,411,6.8219,325500,"<1H OCEAN"
16,1532,240,679,248,5.7115,313900,"<1H OCEAN"
16,1998,308,818,299,6.8722,326100,"<1H OCEAN"
14,2635,516,1150,499,4.4391,306700,"<1H OCEAN"
14,1800,362,874,373,4.2083,251000,"<1H OCEAN"
15,2099,322,873,307,7.9887,328000,"<1H OCEAN"
5,623,146,396,136,3.631,225000,"<1H OCEAN"
8,2032,349,862,340,6.9133,274100,"<1H OCEAN"
8,2098,342,908,329,7.7589,342900,"<1H OCEAN"
8,2440,502,1113,483,4.6019,242500,"<1H OCEAN"
9,1567,299,675,294,5.2124,199600,"<1H OCEAN"
9,2435,396,1194,385,7.2025,275000,"<1H OCEAN"
9,3279,530,1447,510,7.4581,296600,"<1H OCEAN"
8,1964,413,913,406,5.1583,192200,"<1H OCEAN"
15,1834,330,841,309,6.0634,234300,"<1H OCEAN"
14,1750,336,852,300,4.6793,236800,"<1H OCEAN"
13,2636,416,1137,404,7.2118,311500,"<1H OCEAN"
11,1994,477,849,411,4.0187,235600,"<1H OCEAN"
9,1633,295,928,297,5.7858,265900,"<1H OCEAN"
10,2106,319,1002,332,8.735,375300,"<1H OCEAN"
5,2638,521,1179,480,5.7759,240000,"<1H OCEAN"
5,2487,388,1147,397,8.284,302500,"<1H OCEAN"
4,3345,552,1525,539,6.7962,329100,"<1H OCEAN"
5,1256,256,880,288,2.4233,450000,"<1H OCEAN"
4,1545,304,788,296,4.5469,500001,"<1H OCEAN"
4,1346,213,603,219,8.7974,360600,"<1H OCEAN"
3,3068,494,1357,486,7.9187,333600,"<1H OCEAN"
17,2895,439,1588,450,6.276,290700,"<1H OCEAN"
4,3226,838,1666,800,4.1652,184500,"<1H OCEAN"
3,7105,1459,3068,1241,6.1395,358000,"<1H OCEAN"
12,4329,1068,1913,978,4.5094,160200,"<1H OCEAN"
10,2815,431,1181,398,6.5743,278700,"<1H OCEAN"
9,2153,316,954,324,7.8139,304700,"<1H OCEAN"
13,1939,247,928,244,8.1111,379800,"<1H OCEAN"
5,4050,584,1986,598,7.5847,375700,"<1H OCEAN"
4,1646,321,859,300,5.5631,227800,"<1H OCEAN"
16,2207,291,1081,308,7.3518,331200,"<1H OCEAN"
4,974,232,428,203,4.6141,195400,"<1H OCEAN"
3,8240,1410,3318,1270,7.2074,291300,"<1H OCEAN"
16,1663,250,597,204,5.409,233900,"<1H OCEAN"
16,6259,1098,3785,1114,6.3298,247100,"<1H OCEAN"
16,3114,463,1641,469,6.2162,283200,"<1H OCEAN"
16,6339,862,3132,825,7.1069,313400,"<1H OCEAN"
6,1593,371,832,379,4.4286,239500,"<1H OCEAN"
5,1549,378,735,355,5.2923,194000,"<1H OCEAN"
16,1416,249,636,244,5.1741,227700,"<1H OCEAN"
15,1875,316,890,316,6.5783,244800,"<1H OCEAN"
16,3067,396,1275,372,8.7385,340000,"<1H OCEAN"
13,1161,289,630,296,3.3438,333300,"<1H OCEAN"
38,1757,464,821,426,4.1304,433300,"<1H OCEAN"
36,2057,329,658,309,7.866,500001,"<1H OCEAN"
24,6258,1003,1730,752,10.9601,500001,"<1H OCEAN"
35,2067,428,724,377,5.8371,500001,"<1H OCEAN"
33,247,80,167,70,3.7059,237500,"<1H OCEAN"
41,2017,489,783,403,4.1591,500001,"<1H OCEAN"
29,1421,462,520,339,2.2969,450000,"<1H OCEAN"
39,5066,1292,1915,1117,3.821,452100,"<1H OCEAN"
21,8711,1544,3173,1396,5.0907,378200,"<1H OCEAN"
29,3590,772,1070,603,4.4464,500001,"<1H OCEAN"
28,2024,297,617,274,6.7861,499100,"<1H OCEAN"
5,11976,2495,4327,2009,4.8488,194400,"<1H OCEAN"
16,20,5,15,5,3.875,450000,"<1H OCEAN"
15,1010,274,649,261,2.5197,350000,"<1H OCEAN"
17,2634,641,1454,560,3.7976,275000,"<1H OCEAN"
15,2355,438,747,450,6.5356,272800,"<1H OCEAN"
16,1574,385,515,363,5.3423,291700,"<1H OCEAN"
24,3930,661,1831,616,6.3767,269000,"<1H OCEAN"
16,2542,498,1022,494,4,223400,"<1H OCEAN"
16,1414,191,635,230,10.0757,383900,"<1H OCEAN"
20,2851,490,1192,463,5.8752,274200,"<1H OCEAN"
24,4227,641,1605,589,6.4238,278400,"<1H OCEAN"
11,6840,1689,6083,1629,2.4132,198300,"<1H OCEAN"
25,2267,359,866,348,7.79,500001,"<1H OCEAN"
15,3191,482,930,447,8.6001,500001,"<1H OCEAN"
27,2278,316,772,304,10.1275,500001,"<1H OCEAN"
21,4281,582,1443,576,9.0519,500001,"<1H OCEAN"
23,3166,411,1092,345,7.9367,500001,"<1H OCEAN"
17,2975,371,1247,398,10.1989,500001,"<1H OCEAN"
18,729,105,316,108,10.3893,500001,"<1H OCEAN"
14,4340,741,1505,670,7.5674,500001,"<1H OCEAN"
13,5192,658,1865,662,15.0001,500001,"<1H OCEAN"
17,3095,551,1175,534,5.3099,500001,"<1H OCEAN"
28,3404,497,1134,466,7.2217,500001,"<1H OCEAN"
28,2250,329,826,323,6.9257,466400,"<1H OCEAN"
47,3090,652,1105,582,4.1699,373700,"<1H OCEAN"
46,1033,223,462,224,3.2708,384700,"<1H OCEAN"
50,1152,341,519,225,3.053,500001,"<1H OCEAN"
28,3085,499,1176,480,7.9794,426100,"<1H OCEAN"
18,3224,561,1310,580,8.4614,391900,"<1H OCEAN"
24,2105,346,712,332,10.6349,500001,"<1H OCEAN"
32,3116,661,1105,543,5.1837,445600,"<1H OCEAN"
44,1833,331,515,268,6.6178,500001,"<1H OCEAN"
15,2874,592,1382,586,5.5137,161800,"<1H OCEAN"
16,4134,740,2103,745,5.6877,231400,"<1H OCEAN"
9,2499,492,1111,542,5.5342,182300,"<1H OCEAN"
21,2322,518,662,457,3.1679,110000,"<1H OCEAN"
19,1144,268,365,279,2.8583,105800,"<1H OCEAN"
25,3004,718,891,626,2.395,80300,"<1H OCEAN"
15,1362,255,378,202,1.9,162500,"<1H OCEAN"
19,5777,1261,1711,1225,2.7634,86900,"<1H OCEAN"
16,590,130,178,121,4.8611,186800,"<1H OCEAN"
16,1889,590,686,537,3.4706,241700,"<1H OCEAN"
16,2753,576,857,546,3.7422,229800,"<1H OCEAN"
17,2116,474,662,443,3.5625,180800,"<1H OCEAN"
17,2499,566,781,522,3.1779,186500,"<1H OCEAN"
5,4944,1164,1727,948,4.9,255600,"<1H OCEAN"
16,2270,488,709,489,3.2845,227600,"<1H OCEAN"
17,2612,582,832,564,2.6759,120600,"<1H OCEAN"
16,2371,725,1738,686,3.6484,322600,"<1H OCEAN"
26,2283,506,634,469,2.3774,74300,"<1H OCEAN"
8,3329,753,1312,629,3.5521,229800,"<1H OCEAN"
25,3011,714,893,654,2.3387,74800,"<1H OCEAN"
26,2033,463,618,450,2.5685,80400,"<1H OCEAN"
26,2653,621,774,584,2.49,81100,"<1H OCEAN"
26,3046,726,888,663,2.6848,74100,"<1H OCEAN"
26,2280,550,669,502,2.3438,72300,"<1H OCEAN"
25,1949,459,602,428,2.7601,72500,"<1H OCEAN"
26,1021,230,301,208,2.625,80600,"<1H OCEAN"
25,1321,295,396,278,3.1131,77100,"<1H OCEAN"
11,8039,1717,3445,1571,4.1678,190900,"<1H OCEAN"
5,665,171,384,171,4.5833,230400,"<1H OCEAN"
5,1688,430,857,402,3.7857,231600,"<1H OCEAN"
4,1649,456,1030,411,2.2262,225000,"<1H OCEAN"
4,1011,198,511,198,7.9217,296200,"<1H OCEAN"
9,638,266,426,234,3.7875,187500,"<1H OCEAN"
8,2149,426,950,399,4.1103,250400,"<1H OCEAN"
15,2460,447,1049,398,6.4967,387500,"<1H OCEAN"
17,4477,610,1798,612,8.1093,410400,"<1H OCEAN"
18,2105,302,830,286,6.3822,362500,"<1H OCEAN"
8,32,9,26,11,4.1944,270800,"<1H OCEAN"
8,4447,713,1680,705,8.8693,450400,"<1H OCEAN"
15,3236,451,1289,416,11.1121,493000,"<1H OCEAN"
18,1974,260,808,278,9.8589,500001,"<1H OCEAN"
16,2404,349,868,329,11.0138,442100,"<1H OCEAN"
4,1741,225,811,233,12.3411,500001,"<1H OCEAN"
31,5488,1055,1938,964,8.8742,500001,"<1H OCEAN"
20,3212,572,1064,526,6.6155,500001,"<1H OCEAN"
35,1598,398,782,411,5.1155,5e+05,"<1H OCEAN"
44,2499,396,910,374,6.6544,500001,"<1H OCEAN"
33,3120,602,1155,553,5.2949,500001,"<1H OCEAN"
30,1891,364,635,314,6.6265,500001,"<1H OCEAN"
34,3415,779,1275,718,4.498,482900,"<1H OCEAN"
36,1496,247,441,203,7.8164,500001,"<1H OCEAN"
41,1521,328,527,275,4.0764,500001,"<1H OCEAN"
40,2790,531,952,424,4.8,500001,"<1H OCEAN"
37,2088,510,673,390,5.1048,500001,"<1H OCEAN"
37,3355,492,921,366,7.2988,500001,"NEAR OCEAN"
25,2465,585,906,472,3.6538,500001,"<1H OCEAN"
23,1808,408,539,300,3.5682,500001,"<1H OCEAN"
38,1232,178,410,171,11.075,500001,"<1H OCEAN"
37,1244,173,394,154,10.3682,500001,"<1H OCEAN"
36,1025,150,316,126,10.3048,500001,"<1H OCEAN"
36,3082,455,771,365,11.216,500001,"<1H OCEAN"
21,9565,2289,3162,1831,4.7024,345400,"<1H OCEAN"
24,1016,238,465,236,3.0625,93800,"<1H OCEAN"
16,3615,570,1209,559,8.5574,392200,"<1H OCEAN"
19,2897,413,860,367,13.1738,500001,"<1H OCEAN"
16,2413,559,656,423,6.3017,350000,"<1H OCEAN"
41,1790,361,540,284,6.0247,500001,"<1H OCEAN"
42,1301,280,539,249,5,500001,"<1H OCEAN"
44,2126,423,745,332,5.1923,500001,"<1H OCEAN"
40,1639,352,498,278,5.6336,500001,"<1H OCEAN"
45,1883,419,653,328,4.2222,500001,"<1H OCEAN"
44,1469,312,507,266,3.4937,500001,"<1H OCEAN"
26,3521,455,1336,451,10.2849,500001,"<1H OCEAN"
4,3618,767,1326,714,5.4284,500001,"<1H OCEAN"
9,6163,1004,1912,903,10.8289,500001,"<1H OCEAN"
15,2209,275,735,274,15.0001,500001,"<1H OCEAN"
24,4879,756,1777,754,5.9055,477300,"<1H OCEAN"
26,4486,554,1598,549,10.1454,500001,"<1H OCEAN"
20,3442,1526,1427,977,3.1985,106300,"<1H OCEAN"
32,3556,521,1381,537,6.1426,450700,"<1H OCEAN"
26,1632,376,598,375,3.2125,455000,"<1H OCEAN"
28,2370,352,832,347,7.1148,500001,"<1H OCEAN"
26,6017,1244,2673,1135,3.5426,295400,"<1H OCEAN"
33,3595,785,1621,732,4.1372,265200,"<1H OCEAN"
13,1642,423,841,368,3.6042,226000,"<1H OCEAN"
24,4496,877,1928,855,4.6808,245500,"<1H OCEAN"
32,2736,550,1279,534,5.5422,253100,"<1H OCEAN"
27,3310,598,1402,563,6.632,441100,"<1H OCEAN"
28,2466,507,1081,465,3.9375,339800,"<1H OCEAN"
28,2043,430,1108,452,5.2549,261800,"<1H OCEAN"
30,2196,486,1131,460,4.4135,272300,"<1H OCEAN"
24,885,321,590,254,2.625,217900,"<1H OCEAN"
30,1634,373,771,364,3.4125,284100,"<1H OCEAN"
17,1328,377,762,344,2.2222,276800,"<1H OCEAN"
37,1998,472,1030,436,3.9306,268400,"<1H OCEAN"
36,2017,357,850,348,5.0532,310900,"<1H OCEAN"
29,1652,310,832,326,4.8098,325400,"<1H OCEAN"
40,1958,333,876,364,3.6406,326100,"<1H OCEAN"
32,1901,400,946,418,2.7264,311100,"<1H OCEAN"
34,2479,491,1131,490,4.9643,317900,"<1H OCEAN"
30,2071,412,1081,412,4.9125,335700,"<1H OCEAN"
25,2224,580,985,516,3.1305,268800,"<1H OCEAN"
38,2222,542,1067,512,2.8553,307600,"<1H OCEAN"
24,1562,441,696,347,3.5161,236400,"<1H OCEAN"
32,1122,233,557,223,3.5388,407000,"<1H OCEAN"
37,2038,379,837,381,5.2416,471300,"<1H OCEAN"
39,1469,226,553,225,7.8496,490800,"<1H OCEAN"
35,1821,335,727,316,6.5842,458500,"<1H OCEAN"
27,1797,343,435,203,5.9196,500001,"<1H OCEAN"
32,1997,427,944,426,4.4063,500001,"<1H OCEAN"
35,2426,359,937,387,9.2175,500001,"<1H OCEAN"
18,1538,425,425,288,5.3369,312500,"<1H OCEAN"
33,1890,416,859,329,4.5658,500001,"<1H OCEAN"
34,2125,498,1052,468,5.6315,484600,"<1H OCEAN"
28,1765,390,832,349,6.5928,439100,"<1H OCEAN"
29,1496,282,463,215,6.0516,500001,"<1H OCEAN"
34,959,230,384,197,5.2333,471400,"NEAR OCEAN"
27,1806,465,791,358,3.8125,366700,"<1H OCEAN"
37,2204,428,807,410,7.0516,500001,"<1H OCEAN"
25,1188,264,569,249,3.6607,500001,"<1H OCEAN"
20,5476,1073,2327,963,5.6637,222100,"<1H OCEAN"
35,2133,413,1473,402,4.4211,215200,"<1H OCEAN"
31,1291,356,1252,373,2.7143,185400,"<1H OCEAN"
18,1867,426,871,399,2.6221,272000,"<1H OCEAN"
24,1395,396,1478,404,2.5301,192900,"<1H OCEAN"
24,2539,695,1623,611,3.0708,188700,"<1H OCEAN"
24,1097,307,470,333,1.6389,225000,"<1H OCEAN"
15,1707,514,1335,434,2.7543,177800,"<1H OCEAN"
27,2489,481,1082,443,5.8777,358800,"<1H OCEAN"
27,891,183,513,171,6,381500,"<1H OCEAN"
10,2766,732,1332,646,4.6161,226300,"<1H OCEAN"
17,6745,1547,2688,1535,3.9917,271600,"<1H OCEAN"
19,1589,421,1118,394,4.1029,213400,"<1H OCEAN"
5,949,287,497,244,2.75,225000,"<1H OCEAN"
15,1309,477,1330,424,3.4417,182500,"<1H OCEAN"
29,1253,375,1198,362,3.5179,225000,"<1H OCEAN"
24,1494,494,814,459,2.1074,181300,"<1H OCEAN"
28,1087,423,807,425,0.9702,225400,"<1H OCEAN"
25,1679,470,1314,473,4.1026,211500,"<1H OCEAN"
20,1391,393,856,360,3.184,220000,"<1H OCEAN"
27,1283,406,1063,376,2.75,275000,"<1H OCEAN"
28,3397,597,1397,560,4.8125,244600,"<1H OCEAN"
27,3512,472,1391,481,8.1001,336500,"<1H OCEAN"
26,2552,314,925,323,8.1839,367000,"<1H OCEAN"
16,2095,450,963,411,5.5,224100,"<1H OCEAN"
15,2016,443,1015,419,5.2732,209700,"<1H OCEAN"
34,2141,425,1559,429,4.2036,220100,"<1H OCEAN"
19,2602,439,1156,424,5.01,263800,"<1H OCEAN"
26,2822,473,1258,469,6.4441,261000,"<1H OCEAN"
25,2017,454,1024,428,4.4732,245600,"<1H OCEAN"
33,2664,432,1197,429,5.069,264200,"<1H OCEAN"
26,4183,539,1504,520,7.4056,374200,"<1H OCEAN"
14,6224,1679,3148,1589,4.2071,430900,"<1H OCEAN"
18,2043,250,702,246,9.6062,414700,"<1H OCEAN"
26,5831,1546,4738,1477,3.1483,213000,"<1H OCEAN"
30,2704,426,1289,423,5.2815,229500,"<1H OCEAN"
16,7961,2276,5014,2116,3.512,218400,"<1H OCEAN"
25,7060,1159,3903,1139,4.8359,249200,"<1H OCEAN"
26,2507,393,1333,392,6.1601,266100,"<1H OCEAN"
26,2905,504,1452,491,5.0853,260300,"<1H OCEAN"
25,639,98,311,93,6.6833,275900,"<1H OCEAN"
32,3058,562,1475,569,4.4625,253500,"<1H OCEAN"
26,5761,1326,2681,1116,4.0341,243300,"<1H OCEAN"
14,2598,759,1584,703,4.0417,180900,"<1H OCEAN"
21,1708,505,1099,434,3.225,193800,"<1H OCEAN"
22,3568,938,1952,938,3.1667,161000,"<1H OCEAN"
4,456,91,623,84,6.6369,192600,"<1H OCEAN"
13,9947,1675,4071,1582,5.422,316600,"<1H OCEAN"
4,2337,768,983,655,3.7174,275000,"<1H OCEAN"
8,5278,1575,2389,1371,3.3409,181300,"<1H OCEAN"
20,5330,976,2734,1000,5.2138,233100,"<1H OCEAN"
21,1795,406,2246,400,3.152,152800,"<1H OCEAN"
36,191,42,208,37,3.375,157500,"<1H OCEAN"
16,3397,686,1924,621,4.9148,155500,"<1H OCEAN"
13,1087,340,817,342,3.5326,262500,"<1H OCEAN"
17,3216,607,1916,618,4.9153,266400,"<1H OCEAN"
21,3648,654,2266,628,5.0956,246000,"<1H OCEAN"
27,1596,297,1703,289,4.1,184900,"<1H OCEAN"
30,1739,359,1914,369,3.5551,185200,"<1H OCEAN"
20,1738,509,1403,411,3.1742,245000,"<1H OCEAN"
18,2135,373,1464,405,5.4836,225800,"<1H OCEAN"
17,5122,1544,2966,1339,3.4835,116700,"<1H OCEAN"
24,534,88,249,74,5.3254,240500,"<1H OCEAN"
16,1505,358,835,339,3.8029,205400,"<1H OCEAN"
36,443,117,577,115,3.6875,137500,"<1H OCEAN"
32,2436,504,2839,516,4.5607,182100,"<1H OCEAN"
33,2613,562,3150,543,4.3899,180700,"<1H OCEAN"
31,1171,306,1690,301,3.2639,155200,"<1H OCEAN"
25,4343,847,3872,850,4.65,197800,"<1H OCEAN"
23,2305,538,2493,502,3.6618,183500,"<1H OCEAN"
32,1947,355,1786,332,4.5726,177500,"<1H OCEAN"
38,1421,300,1236,263,3.9844,165300,"<1H OCEAN"
36,1910,352,1593,329,3.89,170000,"<1H OCEAN"
16,4208,630,2592,662,6.1966,260500,"<1H OCEAN"
23,1422,260,1092,263,4.7422,202400,"<1H OCEAN"
24,4365,804,2663,753,4.5814,233300,"<1H OCEAN"
16,1917,317,1324,351,6.2488,252000,"<1H OCEAN"
16,1591,225,926,239,6.2452,266300,"<1H OCEAN"
15,539,71,287,66,6.3427,305200,"<1H OCEAN"
16,3113,783,1719,715,3.6505,145700,"<1H OCEAN"
13,1857,572,838,525,3.2386,129200,"<1H OCEAN"
12,4695,1110,2153,989,4.6483,190800,"<1H OCEAN"
15,2289,686,982,634,4.5757,162500,"<1H OCEAN"
31,1115,268,1369,259,3.5694,150500,"<1H OCEAN"
31,1194,297,1602,306,2.3333,157700,"<1H OCEAN"
39,3167,669,2789,619,3.5902,165900,"<1H OCEAN"
37,2216,497,2445,506,3.8421,174000,"<1H OCEAN"
37,1429,428,2089,399,3.413,150600,"<1H OCEAN"
32,1461,340,1909,346,3.5511,159100,"<1H OCEAN"
28,1499,574,3328,595,2.4539,115000,"<1H OCEAN"
20,2572,732,1534,669,2.4211,175000,"<1H OCEAN"
22,6072,1802,4715,1666,3.1353,121400,"<1H OCEAN"
24,1752,407,910,427,3.3611,134600,"<1H OCEAN"
25,1818,577,1426,532,3.2104,112500,"<1H OCEAN"
23,1818,522,958,485,2.6771,131500,"<1H OCEAN"
5,187,49,207,51,1.8,154200,"<1H OCEAN"
31,1761,515,1810,468,1.9309,173400,"<1H OCEAN"
6,1565,599,3157,629,2.9271,123200,"<1H OCEAN"
15,851,297,1326,254,2.8289,117500,"<1H OCEAN"
19,1248,357,1214,328,2.7059,159800,"<1H OCEAN"
27,2311,632,2936,609,2.5651,171400,"<1H OCEAN"
9,525,171,1257,165,3.375,165300,"<1H OCEAN"
32,691,151,926,148,4.125,175900,"<1H OCEAN"
26,2589,1003,5756,983,2.1992,170800,"<1H OCEAN"
23,407,108,647,96,3.775,177400,"<1H OCEAN"
30,2651,572,3249,552,3.7202,182100,"<1H OCEAN"
26,1702,456,2776,463,2.6385,180200,"<1H OCEAN"
31,2338,652,3289,631,2.6734,158500,"<1H OCEAN"
52,2411,526,2165,521,3.415,172500,"<1H OCEAN"
38,2415,642,3242,599,3.425,165600,"<1H OCEAN"
38,2284,511,2451,504,3.3125,159100,"<1H OCEAN"
34,2254,630,2984,625,2.5,162500,"<1H OCEAN"
33,1308,375,2175,347,3.0824,177400,"<1H OCEAN"
32,2930,833,5116,854,3.7147,164100,"<1H OCEAN"
30,746,172,1048,163,4.1,166400,"<1H OCEAN"
33,2291,594,3232,589,3.2037,163500,"<1H OCEAN"
36,2471,498,2594,475,3.75,170500,"<1H OCEAN"
31,1205,280,1476,301,4.0231,139200,"<1H OCEAN"
32,1562,365,2145,347,2.9167,158400,"<1H OCEAN"
34,1759,353,2083,330,3.2292,160600,"<1H OCEAN"
28,1346,291,1575,278,3.425,159500,"<1H OCEAN"
19,1566,379,1032,330,2.2105,180400,"<1H OCEAN"
18,1884,442,1915,442,2.3783,166700,"<1H OCEAN"
25,4273,965,2946,922,2.9926,183200,"<1H OCEAN"
26,2413,512,2867,509,4.7639,179900,"<1H OCEAN"
26,1324,314,1804,311,3.9659,178500,"<1H OCEAN"
24,2932,955,5516,911,2.7535,111000,"<1H OCEAN"
25,808,163,1066,189,4.7679,173100,"<1H OCEAN"
24,1435,494,3171,504,3.0833,151700,"<1H OCEAN"
32,660,145,959,113,3.75,159000,"<1H OCEAN"
33,619,139,1217,146,4.6875,154400,"<1H OCEAN"
32,728,134,837,135,4.0769,163900,"<1H OCEAN"
10,1823,590,2176,548,1.5026,151800,"<1H OCEAN"
29,720,174,1045,181,3.1964,151900,"<1H OCEAN"
16,1444,446,2329,441,3.1691,159400,"<1H OCEAN"
31,1120,296,1718,268,2.8077,140300,"<1H OCEAN"
16,1243,365,1925,376,2.7632,158900,"<1H OCEAN"
19,2261,642,3545,635,2.5224,148500,"<1H OCEAN"
25,1799,557,3416,538,3.0083,163500,"<1H OCEAN"
6,2992,1194,3800,1130,2.246,183300,"<1H OCEAN"
14,5526,1916,6799,1796,2.6561,144400,"<1H OCEAN"
18,697,255,812,221,2.6635,162500,"<1H OCEAN"
39,275,87,554,103,3.5972,158000,"<1H OCEAN"
13,1632,598,3356,659,1.5054,137500,"<1H OCEAN"
12,2782,1077,1968,795,0.971,102500,"<1H OCEAN"
26,411,114,448,95,1.7019,350000,"<1H OCEAN"
37,2988,677,2354,666,3.4345,235500,"<1H OCEAN"
17,1768,474,1079,436,1.7823,205300,"<1H OCEAN"
50,1344,228,747,234,4.5125,195400,"<1H OCEAN"
34,3004,673,5477,640,2.8342,187200,"<1H OCEAN"
26,2678,702,3262,685,3.6953,176800,"<1H OCEAN"
32,1893,431,2245,426,3.7143,163000,"<1H OCEAN"
36,2656,572,2370,571,3.8056,177200,"<1H OCEAN"
34,2753,654,3117,631,3.1713,170100,"<1H OCEAN"
26,1813,421,1235,343,3.5972,187500,"<1H OCEAN"
31,2549,355,1044,362,6.9737,288800,"<1H OCEAN"
26,3141,670,1572,724,3.3472,237400,"<1H OCEAN"
32,2342,570,1445,453,4.1951,195000,"<1H OCEAN"
35,1799,343,1239,368,3.9219,189600,"<1H OCEAN"
34,1050,210,723,201,4.8,192700,"<1H OCEAN"
52,2512,356,978,365,8.0784,320300,"<1H OCEAN"
37,4943,851,2164,788,4.1071,311300,"<1H OCEAN"
39,4159,655,1669,651,4.6111,240300,"<1H OCEAN"
34,3153,561,1679,532,4.7083,205300,"<1H OCEAN"
14,1458,423,615,365,4.2798,218800,"<1H OCEAN"
26,2312,525,1273,437,2.8828,204700,"<1H OCEAN"
16,238,51,93,50,5.375,215700,"<1H OCEAN"
22,378,78,196,81,3.6806,219400,"<1H OCEAN"
16,4367,1161,2164,1005,4.0214,139500,"<1H OCEAN"
33,1866,327,1053,371,4.5461,213800,"<1H OCEAN"
14,4412,952,1656,874,4.3292,206500,"<1H OCEAN"
23,5928,1204,3570,1150,4.0398,233100,"<1H OCEAN"
26,3350,581,1314,550,3.5195,249100,"<1H OCEAN"
26,2110,409,1146,407,4.3698,229600,"<1H OCEAN"
22,6433,1174,2703,1125,4.9957,296400,"<1H OCEAN"
30,2910,535,1270,489,4.6161,236500,"<1H OCEAN"
24,893,209,342,197,2.8261,146500,"<1H OCEAN"
25,2720,680,1559,631,3.0958,137800,"<1H OCEAN"
34,2660,601,1475,567,3.4152,210200,"<1H OCEAN"
23,3498,636,1574,642,5.021,252200,"<1H OCEAN"
30,3569,551,1540,537,5.2998,247200,"<1H OCEAN"
19,5471,1345,2828,1247,3.5719,252800,"<1H OCEAN"
24,2696,649,1908,626,3.3047,216900,"<1H OCEAN"
19,4022,975,2334,954,3.0305,140600,"<1H OCEAN"
23,3056,556,1508,555,4.7273,234200,"<1H OCEAN"
23,2542,772,1720,675,3.8703,137000,"<1H OCEAN"
24,845,190,482,190,4.7039,225000,"<1H OCEAN"
27,1270,258,809,264,5.0162,223000,"<1H OCEAN"
23,6114,1623,4088,1521,3.0382,183600,"<1H OCEAN"
20,5768,1597,4853,1465,3.5387,160400,"<1H OCEAN"
27,2655,345,1017,335,6.9014,366800,"<1H OCEAN"
25,2037,252,796,249,11.0546,487200,"<1H OCEAN"
26,2893,345,983,326,13.466,500001,"<1H OCEAN"
26,2955,377,1074,373,9.3845,500001,"<1H OCEAN"
29,3058,488,1197,474,5.3903,286600,"<1H OCEAN"
33,2890,453,1300,452,6.5616,290200,"<1H OCEAN"
25,2365,471,1197,458,3.7031,227800,"<1H OCEAN"
23,3596,451,1292,458,8.5403,451300,"<1H OCEAN"
21,4349,553,1680,519,6.9014,439000,"<1H OCEAN"
25,2260,261,719,254,11.4537,500001,"<1H OCEAN"
6,9792,1283,3744,1179,10.1714,481500,"<1H OCEAN"
4,8974,1268,3754,1241,8.2653,374000,"<1H OCEAN"
19,3532,402,1200,426,11.0124,500001,"<1H OCEAN"
32,2308,301,967,320,7.0565,324600,"<1H OCEAN"
22,2956,642,1342,558,4.1151,203200,"<1H OCEAN"
26,4931,853,2249,818,4.275,285400,"<1H OCEAN"
27,3230,449,1193,448,6.5308,287800,"<1H OCEAN"
27,2578,314,976,340,7.1882,359200,"<1H OCEAN"
33,2774,428,1229,407,6.2944,265600,"<1H OCEAN"
32,2053,339,835,323,5.5654,281800,"<1H OCEAN"
29,5436,707,2046,685,8.7496,349500,"<1H OCEAN"
31,4624,624,1852,635,7.2392,334600,"<1H OCEAN"
8,7326,884,2569,798,10.157,477100,"<1H OCEAN"
13,3759,489,1496,499,8.3818,377600,"<1H OCEAN"
23,2775,547,1226,510,3.6707,231400,"<1H OCEAN"
15,3207,647,1414,595,4.0484,165600,"<1H OCEAN"
29,1454,236,724,262,4.8542,218100,"<1H OCEAN"
26,2641,633,3657,617,4.1339,222300,"<1H OCEAN"
30,4713,758,2271,730,5.8622,221000,"<1H OCEAN"
31,2016,409,1095,405,3.8681,196000,"<1H OCEAN"
37,2733,460,1378,476,5.3041,235700,"<1H OCEAN"
25,2070,513,1078,460,2.9312,220100,"<1H OCEAN"
34,2590,603,1658,608,2.378,199600,"<1H OCEAN"
26,2577,434,1086,432,4.6125,229200,"<1H OCEAN"
24,3817,787,1656,713,4.25,248000,"<1H OCEAN"
23,3114,610,2045,577,3.75,211900,"<1H OCEAN"
25,4977,645,2061,646,6.58,318500,"<1H OCEAN"
27,3589,507,1484,495,5.7934,270500,"<1H OCEAN"
28,4485,667,2048,685,5.4562,274700,"<1H OCEAN"
20,2819,319,1019,319,12.2092,500001,"<1H OCEAN"
17,2971,350,1180,346,11.1228,500001,"<1H OCEAN"
22,3173,372,1181,355,8.3637,500001,"<1H OCEAN"
19,3154,390,1404,384,8.9257,431800,"<1H OCEAN"
22,2898,335,1057,324,10.8111,500001,"<1H OCEAN"
19,2556,304,822,260,9.9055,456900,"<1H OCEAN"
26,3259,456,1354,459,5.7817,267600,"<1H OCEAN"
23,1100,285,940,267,3.6953,150000,"<1H OCEAN"
24,3550,895,2828,834,2.8403,225600,"<1H OCEAN"
25,2662,402,1247,401,5.4395,244000,"<1H OCEAN"
28,1972,315,970,326,5.4298,234200,"<1H OCEAN"
30,2260,345,1182,341,6.0705,236700,"<1H OCEAN"
46,1846,383,867,336,3.4234,2e+05,"<1H OCEAN"
52,2102,403,898,365,3.6827,236800,"<1H OCEAN"
31,3523,922,2660,949,3.1792,146400,"<1H OCEAN"
52,1963,430,1197,415,3.8929,211000,"<1H OCEAN"
23,3187,870,1977,852,3.3939,212100,"<1H OCEAN"
25,2635,660,1710,634,3.125,215000,"<1H OCEAN"
16,2186,511,908,466,4.575,225000,"<1H OCEAN"
40,1251,336,729,343,2.4688,236400,"<1H OCEAN"
34,1883,408,1227,424,3.8929,187500,"<1H OCEAN"
21,2713,731,1952,722,2.6959,178800,"<1H OCEAN"
21,2487,573,1515,494,4.3039,168500,"<1H OCEAN"
19,2813,567,1334,596,4.7208,173500,"<1H OCEAN"
30,2022,522,1196,463,3.7454,186000,"<1H OCEAN"
35,1683,347,1242,335,3.5172,190400,"<1H OCEAN"
42,1024,191,483,187,4.105,194500,"<1H OCEAN"
25,2546,545,1543,521,4.192,219900,"<1H OCEAN"
32,1484,295,928,295,5.1418,190300,"<1H OCEAN"
16,6352,1747,5085,1649,2.8835,193800,"<1H OCEAN"
25,10336,2596,7111,2419,3.3627,197900,"<1H OCEAN"
26,2095,280,793,261,6.6719,271700,"<1H OCEAN"
19,1725,392,920,400,3.0087,159400,"<1H OCEAN"
17,2830,502,1370,459,5.1785,247300,"<1H OCEAN"
26,1904,292,945,303,5.6784,232400,"<1H OCEAN"
23,2377,403,1101,408,5.3439,227100,"<1H OCEAN"
23,4388,864,2526,846,4.5217,219400,"<1H OCEAN"
34,1793,480,1722,441,2.8235,153100,"<1H OCEAN"
26,4186,767,2447,777,4.9917,248100,"<1H OCEAN"
32,1766,322,876,330,4.0417,234500,"<1H OCEAN"
34,1593,283,872,255,3.825,216700,"<1H OCEAN"
40,1461,286,1322,264,4.3269,194100,"<1H OCEAN"
26,5574,1025,2607,988,4.0324,244900,"<1H OCEAN"
35,1490,251,629,257,4.3661,222100,"<1H OCEAN"
34,2004,331,843,328,3.59,230600,"<1H OCEAN"
9,1682,291,1015,271,6.6603,230900,"<1H OCEAN"
24,10281,1689,4926,1629,4.7946,251200,"<1H OCEAN"
23,6157,1129,2817,1073,5.0629,232600,"<1H OCEAN"
35,3315,744,2425,687,3.5521,182800,"<1H OCEAN"
35,2984,446,1435,455,5.6276,200800,"<1H OCEAN"
33,3065,611,2204,606,3.8456,211800,"<1H OCEAN"
21,1591,298,904,297,4.8906,179100,"<1H OCEAN"
38,51,12,41,10,6.0224,187500,"<1H OCEAN"
24,1268,210,700,224,5.0605,216200,"<1H OCEAN"
18,3197,809,1894,726,3.6761,140500,"<1H OCEAN"
15,3082,536,1268,531,3.7604,280100,"<1H OCEAN"
10,3381,729,1584,636,5.3812,235400,"<1H OCEAN"
26,1499,290,755,277,3.5893,238500,"<1H OCEAN"
31,3301,712,1532,682,3.7303,223800,"<1H OCEAN"
22,3522,543,1706,524,6.4685,241200,"<1H OCEAN"
25,1785,248,750,251,6.8407,266700,"<1H OCEAN"
17,2247,705,1382,618,3.8631,225000,"<1H OCEAN"
26,1783,298,1048,306,6.0488,232000,"<1H OCEAN"
26,2435,346,1088,350,5.9397,249400,"<1H OCEAN"
26,3924,781,2332,725,3.7772,223900,"<1H OCEAN"
34,1127,185,588,181,4.375,224700,"<1H OCEAN"
34,1410,214,837,240,6.1168,213900,"<1H OCEAN"
33,1526,237,906,245,5.1782,225000,"<1H OCEAN"
31,3413,764,2326,728,4.325,187100,"<1H OCEAN"
35,1756,328,1026,332,3.6,193500,"<1H OCEAN"
18,2036,414,1292,380,3.875,273000,"<1H OCEAN"
32,1605,314,986,306,3.3375,186200,"<1H OCEAN"
13,1583,474,1672,432,3.2303,201300,"<1H OCEAN"
31,2043,468,1524,454,3.5329,187400,"<1H OCEAN"
33,1587,374,1159,331,2.8021,195100,"<1H OCEAN"
25,1234,351,507,285,2.3173,225000,"<1H OCEAN"
25,1781,349,918,378,3.9286,262700,"<1H OCEAN"
23,1678,369,912,347,4.5,237300,"<1H OCEAN"
25,1928,414,961,385,4.0724,231400,"<1H OCEAN"
16,1545,354,730,350,4.5112,139000,"<1H OCEAN"
17,2395,410,1224,399,5.1182,249200,"<1H OCEAN"
17,4678,1065,2427,1020,4.2276,254100,"<1H OCEAN"
17,1131,236,622,244,4.9306,158500,"<1H OCEAN"
38,2082,532,1592,510,2.3704,166100,"<1H OCEAN"
45,2019,394,1549,377,4.6111,223000,"<1H OCEAN"
44,1231,258,682,244,3.2344,170100,"<1H OCEAN"
35,932,258,1147,267,2.7014,156700,"<1H OCEAN"
35,1244,324,1603,322,2.9583,175400,"<1H OCEAN"
22,1178,289,865,294,3.025,180000,"<1H OCEAN"
29,1570,482,1849,430,2.6563,162500,"<1H OCEAN"
27,1962,544,1492,481,1.9621,118100,"<1H OCEAN"
26,1888,429,1550,458,3.3393,168600,"<1H OCEAN"
33,2489,546,1857,444,2.9474,178400,"<1H OCEAN"
31,2149,465,966,302,3.875,183900,"<1H OCEAN"
25,1026,288,1646,283,4.2019,163900,"<1H OCEAN"
36,2147,416,1011,392,3.2188,196900,"<1H OCEAN"
37,588,121,436,104,4.275,186200,"<1H OCEAN"
23,2870,653,1680,598,3.2301,189900,"<1H OCEAN"
13,6963,1426,3892,1375,4.1325,203500,"<1H OCEAN"
35,1175,191,568,186,4.125,189200,"<1H OCEAN"
30,2513,476,1611,472,4.0061,182900,"<1H OCEAN"
36,1951,365,1254,358,4.8438,185700,"<1H OCEAN"
32,1378,492,1202,448,3.4028,183700,"<1H OCEAN"
19,1749,406,969,391,3.75,173400,"<1H OCEAN"
34,1229,215,1035,218,3.5455,180000,"<1H OCEAN"
25,4016,831,2166,774,3.1884,135400,"<1H OCEAN"
28,604,207,615,212,3.6214,182100,"<1H OCEAN"
23,2089,377,1085,362,4.765,181500,"<1H OCEAN"
33,2291,439,1187,405,3.9539,191100,"<1H OCEAN"
35,984,179,661,199,5.0747,189600,"<1H OCEAN"
45,818,147,546,152,5.1057,170700,"<1H OCEAN"
31,2265,537,1617,507,3.4583,186300,"<1H OCEAN"
34,874,153,549,153,4.8667,186800,"<1H OCEAN"
35,793,128,589,137,5.25,190200,"<1H OCEAN"
25,2471,518,1539,500,4.2679,191700,"<1H OCEAN"
18,1063,209,462,223,2.8348,219000,"<1H OCEAN"
31,2982,547,1895,570,4.9115,255500,"<1H OCEAN"
16,2035,564,1118,503,3.2546,187500,"<1H OCEAN"
31,1252,225,714,226,4.6042,220700,"<1H OCEAN"
17,3506,992,2104,893,3.3006,185800,"<1H OCEAN"
21,2253,580,1536,500,3.2326,204700,"<1H OCEAN"
31,1960,380,1356,356,4.0625,225900,"<1H OCEAN"
24,4639,1374,3093,1257,2.5577,202300,"<1H OCEAN"
23,1086,268,825,250,2.4609,219600,"<1H OCEAN"
26,1718,385,1022,368,3.9333,196100,"<1H OCEAN"
24,2578,580,1217,529,2.2401,212500,"<1H OCEAN"
18,2947,559,1820,551,4.5294,224800,"<1H OCEAN"
25,3434,835,1749,657,3.2539,199000,"<1H OCEAN"
19,1991,528,1202,460,3.1538,252100,"<1H OCEAN"
35,1484,252,916,248,5.2657,191400,"<1H OCEAN"
33,2342,475,1367,509,4.1167,215500,"<1H OCEAN"
17,3419,932,2460,766,3.2823,228500,"<1H OCEAN"
34,1038,175,578,174,4.9219,2e+05,"<1H OCEAN"
34,1290,220,867,241,5.5486,218100,"<1H OCEAN"
32,1133,166,523,187,6.213,230800,"<1H OCEAN"
22,3310,688,1807,674,4.0185,200900,"<1H OCEAN"
26,2335,504,1121,502,2.9891,205200,"<1H OCEAN"
26,4013,985,2442,922,3.7655,197700,"<1H OCEAN"
30,2838,649,1758,593,3.3831,197400,"<1H OCEAN"
18,2067,770,870,541,3.1315,137500,"<1H OCEAN"
29,1194,176,474,170,6.1001,298900,"<1H OCEAN"
18,3418,815,1961,773,3.65,171400,"<1H OCEAN"
20,812,192,494,172,3.25,350000,"<1H OCEAN"
31,2421,389,1348,413,4.9394,217800,"<1H OCEAN"
34,1347,212,676,201,3.8828,215400,"<1H OCEAN"
27,1366,326,878,325,3.4,196900,"<1H OCEAN"
29,2929,640,1618,584,3.6875,213200,"<1H OCEAN"
35,1107,207,641,210,5.0599,216700,"<1H OCEAN"
34,982,148,498,156,6.3214,220800,"<1H OCEAN"
36,1380,237,690,234,3.8214,210900,"<1H OCEAN"
32,1792,411,1131,381,2.4942,186300,"<1H OCEAN"
36,2360,405,1479,386,4.3583,187200,"<1H OCEAN"
29,1422,409,1057,390,2.3347,208100,"<1H OCEAN"
24,4735,955,2600,868,5.0764,228600,"<1H OCEAN"
28,2444,555,1848,567,3.0179,198800,"<1H OCEAN"
38,1316,263,671,278,3.2969,220000,"<1H OCEAN"
6,3136,990,1894,859,2.5564,171300,"<1H OCEAN"
30,1561,381,1104,391,3.375,201900,"<1H OCEAN"
34,2160,298,852,305,6.0531,287100,"<1H OCEAN"
26,2811,612,1374,566,3.475,282500,"<1H OCEAN"
26,1156,393,1880,400,2.2716,350000,"<1H OCEAN"
23,2459,689,2720,598,2.8072,164700,"<1H OCEAN"
9,1160,368,735,325,1.119,175000,"<1H OCEAN"
17,382,86,272,81,1.425,212500,"<1H OCEAN"
16,919,253,912,249,1.5903,165400,"<1H OCEAN"
25,1021,252,975,258,3.125,168100,"<1H OCEAN"
47,504,113,375,109,3.6607,160600,"<1H OCEAN"
37,1039,260,719,243,3.0288,161400,"<1H OCEAN"
36,1072,193,639,196,5.0275,179300,"<1H OCEAN"
52,1514,301,855,293,3.6042,166400,"<1H OCEAN"
32,1855,527,2568,504,2.5509,170800,"<1H OCEAN"
32,1187,302,1003,275,2.4931,166900,"<1H OCEAN"
10,1548,506,1535,424,4.5057,152400,"<1H OCEAN"
32,2696,640,2330,626,2.9479,184600,"<1H OCEAN"
29,1444,326,1038,271,2.3843,182900,"<1H OCEAN"
18,1181,353,781,340,2.5625,153100,"<1H OCEAN"
32,1408,307,1331,284,3.7014,179600,"<1H OCEAN"
18,3291,587,1640,563,4.8981,166300,"<1H OCEAN"
34,988,173,759,184,5.6047,205100,"<1H OCEAN"
34,3903,717,2054,716,4.2731,218000,"<1H OCEAN"
17,1317,256,679,272,4.6696,159500,"<1H OCEAN"
21,1342,326,748,335,2.9231,45000,"<1H OCEAN"
22,2964,829,2639,771,2.4833,157500,"<1H OCEAN"
23,1368,397,1940,358,3.0789,350000,"<1H OCEAN"
27,2176,442,1440,418,4.375,212500,"<1H OCEAN"
33,1891,334,932,343,4.2759,238000,"<1H OCEAN"
25,1731,482,1127,455,3.256,214300,"<1H OCEAN"
34,1290,203,664,204,5.8461,227400,"<1H OCEAN"
26,1589,259,735,315,4.5714,243200,"<1H OCEAN"
28,2914,489,1500,499,4.9429,254800,"<1H OCEAN"
24,4602,1131,3003,1014,3.6771,172200,"<1H OCEAN"
29,1672,267,891,281,4.8611,231900,"<1H OCEAN"
35,1068,190,514,174,4.0735,208700,"<1H OCEAN"
35,1117,181,496,168,4.3269,224700,"<1H OCEAN"
32,2856,622,1499,601,3.63,183400,"<1H OCEAN"
32,2726,556,1513,531,3.7917,197400,"<1H OCEAN"
30,729,131,488,139,4.7667,195200,"<1H OCEAN"
35,1153,192,884,208,5.2384,177400,"<1H OCEAN"
34,1416,277,980,284,4.7772,182500,"<1H OCEAN"
35,1996,326,1409,330,4.7738,180000,"<1H OCEAN"
29,2176,468,1632,428,3.707,180400,"<1H OCEAN"
19,1199,251,730,276,3.6422,209400,"<1H OCEAN"
33,1724,291,943,285,5.118,195200,"<1H OCEAN"
34,1941,356,1021,339,4.4663,183900,"<1H OCEAN"
24,2749,498,1367,460,4.025,240700,"<1H OCEAN"
33,2970,547,1869,539,4.3636,201800,"<1H OCEAN"
22,2642,640,1702,588,3.5268,174700,"<1H OCEAN"
25,1831,345,809,339,4.5179,177100,"<1H OCEAN"
24,3002,644,1495,634,3.1087,202800,"<1H OCEAN"
13,2782,605,1749,628,4.1276,153800,"<1H OCEAN"
17,2142,436,946,412,3.7059,146300,"<1H OCEAN"
18,383,94,487,98,3.975,162500,"<1H OCEAN"
17,1530,404,883,344,2.8835,196500,"<1H OCEAN"
21,2281,557,1510,460,2.8625,189600,"<1H OCEAN"
23,3284,795,3257,758,2.4526,182900,"<1H OCEAN"
42,161,40,157,50,2.2,153100,"<1H OCEAN"
46,38,8,66,14,4.1667,162500,"<1H OCEAN"
28,3528,816,2304,764,2.582,181800,"<1H OCEAN"
18,3751,878,2281,815,3.7201,183100,"<1H OCEAN"
35,897,156,479,161,5.152,215600,"<1H OCEAN"
26,4022,1081,2457,1001,2.8042,206300,"<1H OCEAN"
30,2406,462,1753,456,4.485,180600,"<1H OCEAN"
25,3179,639,2526,623,3.3281,180800,"<1H OCEAN"
33,2064,324,1384,315,4.5263,169000,"<1H OCEAN"
29,2470,560,1589,513,3.1801,190500,"<1H OCEAN"
35,2301,467,2272,454,3.9566,167800,"<1H OCEAN"
35,2114,341,1077,343,5.4876,227500,"<1H OCEAN"
35,2356,478,1659,480,4.1115,179700,"<1H OCEAN"
32,2161,432,1503,402,4.3036,191400,"<1H OCEAN"
35,2985,474,1614,453,5.4631,225600,"<1H OCEAN"
33,3268,641,1704,591,3.6849,211400,"<1H OCEAN"
18,3679,694,1820,652,3.6531,143500,"<1H OCEAN"
15,4273,993,2300,946,3.5313,213000,"<1H OCEAN"
21,2695,707,1888,683,3.2857,213300,"<1H OCEAN"
31,2825,546,1908,563,3.9798,187500,"<1H OCEAN"
34,2456,410,1289,442,4.1818,224200,"<1H OCEAN"
19,7399,1698,3554,1593,3.1049,173900,"<1H OCEAN"
35,3148,597,2110,587,3.9479,203800,"<1H OCEAN"
22,4255,971,2901,920,3.2636,180200,"<1H OCEAN"
33,1984,420,1119,387,3.4821,231300,"<1H OCEAN"
36,2398,403,1261,402,5.2816,221800,"<1H OCEAN"
35,1493,267,811,272,5.244,218000,"<1H OCEAN"
33,2362,394,1185,387,4.425,188400,"<1H OCEAN"
34,2584,408,1233,405,5.6935,218300,"<1H OCEAN"
26,4115,883,2184,825,3.9536,191000,"<1H OCEAN"
29,1813,501,1170,482,2.0677,214500,"<1H OCEAN"
35,1330,201,658,217,6.37,229200,"<1H OCEAN"
23,2757,734,1811,707,2.8,214300,"<1H OCEAN"
34,2912,520,1625,501,4.4667,190600,"<1H OCEAN"
34,1654,285,905,292,4.6389,214600,"<1H OCEAN"
32,1219,192,634,197,5.237,215700,"<1H OCEAN"
24,4179,784,1902,733,4.7986,236500,"<1H OCEAN"
36,2169,359,1018,370,4.3906,231300,"<1H OCEAN"
34,2627,468,1409,450,4.7731,199200,"<1H OCEAN"
36,2363,403,1240,391,4.0909,190800,"<1H OCEAN"
34,3592,616,2138,605,5.2129,193400,"<1H OCEAN"
35,1785,288,1033,297,4.5739,190500,"<1H OCEAN"
29,3692,969,2683,881,3.1726,198700,"<1H OCEAN"
26,2737,614,1877,606,2.8622,184300,"<1H OCEAN"
22,4417,1054,2759,983,4.25,170300,"<1H OCEAN"
33,2729,549,2223,535,4.0362,177900,"<1H OCEAN"
28,4380,820,2187,835,3.9018,182300,"<1H OCEAN"
28,3614,960,3282,889,3.522,190300,"<1H OCEAN"
26,4297,1037,3596,967,3.045,184000,"<1H OCEAN"
35,1654,323,1065,354,3.4837,186500,"<1H OCEAN"
9,3553,1035,2017,986,2.9726,133800,"<1H OCEAN"
32,714,142,654,154,4.5052,170800,"<1H OCEAN"
33,2964,747,2235,718,3.2591,175900,"<1H OCEAN"
11,2880,745,1806,722,3.8056,171100,"<1H OCEAN"
40,299,68,163,70,3.0125,166100,"<1H OCEAN"
36,3157,582,1842,561,4.5833,190700,"<1H OCEAN"
26,2136,557,1528,537,2.4931,236100,"<1H OCEAN"
32,2296,560,1376,532,3.7303,188500,"<1H OCEAN"
38,1476,308,1114,309,4.1917,181800,"<1H OCEAN"
38,989,246,691,204,3.2632,180900,"<1H OCEAN"
32,4398,905,2777,884,4.1321,222800,"<1H OCEAN"
20,1988,424,1277,425,2.9414,162200,"<1H OCEAN"
25,1295,417,856,342,2.7157,350000,"<1H OCEAN"
22,2244,575,1543,533,2.6618,179600,"<1H OCEAN"
15,2081,531,1617,561,3.4955,160900,"<1H OCEAN"
7,2252,570,1576,550,3.6333,169800,"<1H OCEAN"
18,1862,399,1301,369,3.1771,194000,"<1H OCEAN"
22,3236,673,2034,662,4.0955,174200,"<1H OCEAN"
29,1518,312,1086,317,4.32,196900,"<1H OCEAN"
28,1386,272,901,294,4.7464,187500,"<1H OCEAN"
24,1328,290,1012,306,4.2813,189500,"<1H OCEAN"
22,2520,556,2126,527,3.7734,193900,"<1H OCEAN"
14,2509,611,1814,547,2.7986,176100,"<1H OCEAN"
29,1829,366,1703,343,4.1295,188000,"<1H OCEAN"
27,2512,506,1861,511,4.2386,184200,"<1H OCEAN"
33,1441,337,1233,331,3.7232,176200,"<1H OCEAN"
24,3956,812,3196,795,4.3512,191400,"<1H OCEAN"
30,5268,1093,4480,1050,4.015,186700,"<1H OCEAN"
25,1323,208,852,229,4.6167,237300,"<1H OCEAN"
22,2300,539,1625,542,2.78,196300,"<1H OCEAN"
19,1983,283,1098,275,6.6355,276100,"<1H OCEAN"
24,2027,358,1405,341,5.1416,231400,"<1H OCEAN"
27,1712,325,1036,345,4.0508,183900,"<1H OCEAN"
26,3361,722,2709,648,3.9107,190700,"<1H OCEAN"
32,1564,270,973,290,3.75,190400,"<1H OCEAN"
24,3202,703,3308,714,4.1577,174100,"<1H OCEAN"
24,1380,339,1472,304,4.2219,162800,"<1H OCEAN"
15,2448,602,1666,575,3.5967,141600,"<1H OCEAN"
17,3341,803,3381,825,3.371,161800,"<1H OCEAN"
21,2884,662,2613,645,4.05,177900,"<1H OCEAN"
8,2325,598,1511,565,3.3629,137500,"<1H OCEAN"
19,1920,471,1413,432,4.0313,147500,"<1H OCEAN"
29,2577,445,1849,470,4.4732,194800,"<1H OCEAN"
35,2002,378,1726,387,3.9613,182300,"<1H OCEAN"
26,5556,1398,4545,1333,3.0902,190400,"<1H OCEAN"
22,7531,1569,5254,1523,3.8506,167400,"<1H OCEAN"
26,784,177,662,169,2.8438,174300,"<1H OCEAN"
23,893,223,1149,216,2.6442,156300,"<1H OCEAN"
32,790,199,1196,201,3.0625,142800,"<1H OCEAN"
8,2346,679,3842,674,3.0635,160000,"<1H OCEAN"
15,1206,282,677,270,3.9219,142600,"<1H OCEAN"
30,1654,434,1843,467,3.1403,153000,"<1H OCEAN"
5,639,197,666,197,3.3017,87500,"<1H OCEAN"
13,4620,1265,3385,1109,3.1773,186500,"<1H OCEAN"
18,1639,491,2513,458,2.1838,159700,"<1H OCEAN"
15,715,214,1394,244,3.3846,162500,"<1H OCEAN"
24,5321,1063,4011,1047,4.3882,189300,"<1H OCEAN"
27,3662,834,3009,743,3.9816,179500,"<1H OCEAN"
24,4248,840,3118,798,4.2222,207200,"<1H OCEAN"
24,4197,718,2468,714,5.2563,211400,"<1H OCEAN"
16,2768,600,1182,563,3.7162,201200,"<1H OCEAN"
25,1393,243,976,245,5.4485,225200,"<1H OCEAN"
21,3576,554,1846,538,5.9838,271900,"<1H OCEAN"
17,1989,411,1401,453,4.1603,160500,"<1H OCEAN"
24,2308,464,1101,407,4.4766,230000,"<1H OCEAN"
19,1967,487,1251,404,3.6696,218800,"<1H OCEAN"
26,1905,373,1098,368,4.8611,229600,"<1H OCEAN"
26,1374,234,731,244,6.0905,224800,"<1H OCEAN"
23,1722,316,865,309,4.6452,273800,"<1H OCEAN"
25,2004,349,1085,343,4.7656,230700,"<1H OCEAN"
18,2594,539,817,485,2.3674,219200,"<1H OCEAN"
24,6517,1279,3441,1198,4.25,152100,"<1H OCEAN"
26,3653,568,1930,585,5.7301,260900,"<1H OCEAN"
26,1417,264,817,261,4.875,230400,"<1H OCEAN"
26,2249,344,1311,373,5.0287,265000,"<1H OCEAN"
27,1732,303,1115,308,5.5312,239200,"<1H OCEAN"
19,1028,191,340,159,3.6364,252800,"<1H OCEAN"
25,1611,383,554,327,3.0417,137300,"<1H OCEAN"
25,1799,233,810,265,8.289,372400,"<1H OCEAN"
26,1787,227,639,224,6.8226,329800,"<1H OCEAN"
22,2785,441,1086,392,7.3719,337400,"<1H OCEAN"
22,3335,754,1500,719,3.7315,197900,"<1H OCEAN"
18,1027,206,436,180,4.2159,211300,"<1H OCEAN"
22,3592,527,1598,523,6.5501,294900,"<1H OCEAN"
20,1851,495,792,363,3.8187,137500,"NEAR OCEAN"
16,1735,380,784,360,4.2566,139200,"<1H OCEAN"
18,2814,539,1439,493,3.599,262000,"<1H OCEAN"
27,2097,325,1217,331,5.7121,222500,"<1H OCEAN"
26,1694,260,885,279,5.0875,224200,"<1H OCEAN"
19,1783,415,1025,383,4.1484,230000,"<1H OCEAN"
22,3479,455,1454,488,6.6324,347600,"<1H OCEAN"
19,4154,560,2130,589,7.2845,301800,"<1H OCEAN"
24,2991,500,1437,453,5.4286,273400,"<1H OCEAN"
21,3107,483,1688,503,5.9582,288000,"<1H OCEAN"
23,3929,559,1858,538,6.8645,318200,"<1H OCEAN"
19,4021,557,1872,545,6.7919,295600,"<1H OCEAN"
17,4461,585,2095,580,7.6709,319500,"<1H OCEAN"
17,1692,293,934,280,4.4728,205800,"<1H OCEAN"
14,5147,1182,3171,1126,3.9929,225800,"<1H OCEAN"
17,3318,502,1520,498,5.5501,274200,"<1H OCEAN"
19,4328,849,2243,808,5.5702,342600,"<1H OCEAN"
16,6058,1715,3285,1495,3.4133,290900,"<1H OCEAN"
19,1624,221,782,228,4.5962,304500,"<1H OCEAN"
20,2781,407,1242,408,6.1092,306500,"<1H OCEAN"
18,3695,602,1779,572,5.9449,276500,"<1H OCEAN"
10,2775,717,1581,633,4.1366,158800,"<1H OCEAN"
18,4827,718,2471,716,6.1181,284500,"<1H OCEAN"
24,4269,618,1954,597,6.9261,284600,"<1H OCEAN"
17,5781,924,2585,915,5.343,231900,"<1H OCEAN"
22,3957,520,1774,527,7.0907,350200,"<1H OCEAN"
21,4112,580,1886,581,6.799,292000,"<1H OCEAN"
16,5127,631,2142,596,7.8195,390500,"<1H OCEAN"
23,4417,740,1865,693,5.3428,279300,"<1H OCEAN"
23,2622,445,1103,407,4.725,289600,"<1H OCEAN"
20,3123,441,1319,432,6.091,290400,"<1H OCEAN"
17,2500,343,1242,368,7.7313,316700,"<1H OCEAN"
24,3451,504,1736,493,6.3749,278000,"<1H OCEAN"
24,3430,548,1601,512,5.6825,264600,"<1H OCEAN"
26,2553,405,1337,411,5.3737,252900,"<1H OCEAN"
25,3273,478,1645,497,5.8195,286100,"<1H OCEAN"
25,2017,357,1063,369,4.0345,229400,"<1H OCEAN"
17,1997,340,952,341,4.4148,239200,"<1H OCEAN"
17,3386,729,1715,666,3.7479,213000,"<1H OCEAN"
16,2437,438,986,422,5.7117,247200,"<1H OCEAN"
25,3906,660,1809,622,5.6765,265100,"<1H OCEAN"
22,3914,600,1871,607,5.8541,281500,"<1H OCEAN"
16,5143,652,2209,637,7.0173,382100,"<1H OCEAN"
19,5925,744,2302,729,7.5699,333300,"<1H OCEAN"
23,5379,684,1826,555,7.0151,350600,"<1H OCEAN"
26,2379,336,988,346,5.3674,339300,"<1H OCEAN"
25,2482,360,960,352,6.1572,344000,"NEAR OCEAN"
24,4462,689,1943,712,5.7395,289800,"<1H OCEAN"
21,2030,318,910,311,7.8453,343300,"<1H OCEAN"
18,3603,879,1549,756,4.0229,363100,"<1H OCEAN"
17,2054,291,836,288,6.8939,383900,"NEAR OCEAN"
18,3698,574,2046,614,6.2984,269800,"<1H OCEAN"
24,2826,547,1738,546,6.0494,240400,"<1H OCEAN"
28,3109,561,1891,562,5.2655,243100,"<1H OCEAN"
7,5664,1174,2493,1101,5.8252,264700,"<1H OCEAN"
26,3527,547,1615,542,6.1624,279400,"<1H OCEAN"
17,4466,640,2166,666,6.979,330700,"<1H OCEAN"
14,6090,1338,1974,1248,2.8061,180300,"<1H OCEAN"
14,3396,477,1542,472,7.3982,369100,"<1H OCEAN"
17,2603,373,1265,382,6.8039,332900,"<1H OCEAN"
16,4508,598,2221,623,7.3731,390800,"<1H OCEAN"
26,1616,292,700,241,5.5105,232100,"<1H OCEAN"
13,2902,536,1125,490,5.888,447700,"NEAR OCEAN"
16,3581,780,1644,774,5.041,397600,"NEAR OCEAN"
19,4559,1045,1949,910,4.355,429200,"NEAR OCEAN"
25,4041,903,1689,784,4.2289,442700,"NEAR OCEAN"
38,2548,646,755,399,2.8352,408300,"NEAR OCEAN"
13,4000,883,1999,881,4.7245,273600,"<1H OCEAN"
18,2024,462,1047,451,3.5848,186900,"<1H OCEAN"
15,3141,664,1729,633,4.2165,234600,"<1H OCEAN"
14,3305,841,2272,769,3.4899,216700,"<1H OCEAN"
19,3808,790,1776,756,4.625,282200,"<1H OCEAN"
12,2228,479,1122,488,4.0385,350000,"<1H OCEAN"
17,1692,427,903,423,3.5859,262500,"<1H OCEAN"
16,2809,708,1260,638,3.2353,252900,"NEAR OCEAN"
29,1330,293,613,236,4.6591,353100,"<1H OCEAN"
14,3155,653,951,575,3.0625,268800,"<1H OCEAN"
11,3969,834,1508,754,4.3409,271400,"NEAR OCEAN"
5,7017,935,2427,867,10.1154,477700,"NEAR OCEAN"
12,5241,985,2048,943,6.4858,285400,"<1H OCEAN"
34,3712,667,1521,632,4.8125,387800,"<1H OCEAN"
19,4808,1029,2422,971,4.0121,279700,"<1H OCEAN"
18,1994,578,3031,577,2.7614,237500,"<1H OCEAN"
17,1600,458,1803,432,2.7865,216700,"<1H OCEAN"
23,5554,995,2408,936,5.3886,331900,"<1H OCEAN"
23,5069,770,2473,769,6.3047,285700,"<1H OCEAN"
22,8844,1706,4404,1594,4.4453,267800,"<1H OCEAN"
23,4095,578,1766,589,6.7418,302500,"<1H OCEAN"
24,6393,1141,2743,1057,5.1384,336900,"<1H OCEAN"
24,5203,957,2465,946,5.163,261000,"<1H OCEAN"
24,7141,1330,3418,1268,4.6649,237800,"<1H OCEAN"
24,2104,421,1181,414,3.8365,250900,"<1H OCEAN"
26,2236,280,809,282,6.7395,342800,"<1H OCEAN"
20,3182,884,1770,817,3.1912,220800,"<1H OCEAN"
26,1787,275,801,270,5.5514,255700,"<1H OCEAN"
17,2801,649,1473,535,4.2875,134800,"<1H OCEAN"
14,2127,537,1338,475,3.628,188500,"<1H OCEAN"
18,6565,1357,3079,1248,4.7515,295600,"<1H OCEAN"
24,3856,567,1741,588,7.248,302700,"<1H OCEAN"
3,945,115,337,123,11.5199,500001,"<1H OCEAN"
13,4013,903,1999,859,4.625,248800,"<1H OCEAN"
16,1476,294,886,270,5.3259,216400,"<1H OCEAN"
12,2480,858,1441,788,1.6705,350000,"<1H OCEAN"
24,2598,443,1184,435,5.8623,287800,"<1H OCEAN"
15,3244,421,1259,413,7.7854,395300,"<1H OCEAN"
26,1483,251,738,235,6,271400,"<1H OCEAN"
13,5126,711,2429,718,9.5268,437900,"NEAR OCEAN"
14,4494,1048,2222,963,4.7821,169400,"<1H OCEAN"
14,2673,687,1192,656,4.1862,188900,"<1H OCEAN"
15,1836,490,942,477,4.0238,182500,"<1H OCEAN"
13,4770,969,2261,972,5.883,295100,"NEAR OCEAN"
12,4014,868,1605,769,6.0102,396900,"<1H OCEAN"
32,6239,974,2615,950,6.6188,380000,"NEAR OCEAN"
37,997,262,531,282,4.7773,4e+05,"NEAR OCEAN"
15,2569,812,785,477,5.4011,346400,"NEAR OCEAN"
43,1222,303,565,309,4.8482,500001,"NEAR OCEAN"
44,1671,390,871,367,4.6369,422200,"NEAR OCEAN"
24,1608,314,592,314,5.0926,390500,"NEAR OCEAN"
33,2119,524,872,465,4.537,495500,"NEAR OCEAN"
31,1310,342,563,310,4.6528,457100,"NEAR OCEAN"
32,1258,333,645,334,5.0476,500001,"NEAR OCEAN"
24,1240,296,513,254,4.9044,485000,"NEAR OCEAN"
32,1179,250,369,209,5.1824,500001,"NEAR OCEAN"
19,1397,271,491,197,8.7397,500001,"NEAR OCEAN"
17,4573,937,1619,796,5.7704,500001,"NEAR OCEAN"
25,4150,570,1424,547,8.8281,461600,"NEAR OCEAN"
22,4311,531,1426,533,9.8177,500001,"NEAR OCEAN"
13,1822,313,643,303,9.8346,401700,"NEAR OCEAN"
14,2665,331,964,319,15.0001,500001,"NEAR OCEAN"
16,4392,602,1490,578,10.5424,500001,"<1H OCEAN"
14,2021,396,696,367,7.1673,340700,"NEAR OCEAN"
25,2472,450,1301,467,5.0699,266100,"<1H OCEAN"
17,1875,472,900,406,5.2589,226100,"<1H OCEAN"
22,5416,1271,2260,1184,3.8038,174500,"<1H OCEAN"
26,1388,409,515,392,1.8015,62000,"<1H OCEAN"
26,2461,562,971,544,2.1944,87500,"<1H OCEAN"
26,2013,551,664,510,2.2708,67500,"<1H OCEAN"
26,3083,806,960,723,1.9074,68500,"<1H OCEAN"
25,1995,637,743,597,1.4617,46900,"<1H OCEAN"
26,1625,440,533,414,1.808,58500,"<1H OCEAN"
26,5359,1508,1829,1393,1.7675,61300,"<1H OCEAN"
26,1967,577,692,538,1.6111,54300,"<1H OCEAN"
26,996,364,366,313,1.2813,46700,"<1H OCEAN"
27,529,159,193,155,2.0952,71300,"<1H OCEAN"
27,2301,640,847,627,1.7208,67500,"<1H OCEAN"
26,1876,455,1499,436,2.925,176000,"<1H OCEAN"
30,3380,722,2269,652,4.525,186000,"<1H OCEAN"
26,1382,387,1977,368,2.7589,137500,"<1H OCEAN"
25,2767,346,1148,372,6.394,316700,"<1H OCEAN"
27,2905,587,1781,561,4.25,214800,"<1H OCEAN"
26,2989,479,1596,475,5.7157,231200,"<1H OCEAN"
25,4650,849,2503,790,5.742,221900,"<1H OCEAN"
16,2070,263,878,297,7.0879,338800,"<1H OCEAN"
16,3757,650,1291,614,5.2001,235600,"<1H OCEAN"
26,2532,421,1274,441,5.3559,235800,"<1H OCEAN"
26,3842,609,1961,595,6.128,248200,"<1H OCEAN"
26,3711,610,1902,597,5.5599,234100,"<1H OCEAN"
25,8110,1264,3613,1232,6.0609,264900,"<1H OCEAN"
24,3865,802,2670,772,3.8158,180000,"<1H OCEAN"
37,1264,274,783,273,3.3438,199600,"<1H OCEAN"
30,1859,462,1314,418,3.0909,184400,"<1H OCEAN"
29,3443,635,2257,620,4.7404,207500,"<1H OCEAN"
26,4065,741,1960,739,4.506,240000,"<1H OCEAN"
16,4636,908,2341,825,4.4261,304700,"<1H OCEAN"
17,5239,1045,2440,985,4.375,248100,"<1H OCEAN"
22,4232,624,2408,660,6.6539,284900,"<1H OCEAN"
29,1312,267,922,255,3.1902,202400,"<1H OCEAN"
28,3215,652,2066,636,4.0194,197400,"<1H OCEAN"
30,1572,362,1351,359,3.369,190900,"<1H OCEAN"
17,2545,737,1468,699,1.9439,177700,"<1H OCEAN"
22,3024,754,2357,743,3.3125,191800,"<1H OCEAN"
23,1553,518,1988,474,2.1375,150000,"<1H OCEAN"
24,1880,405,967,418,4.4545,192500,"<1H OCEAN"
27,2343,415,1537,426,5.1345,210600,"<1H OCEAN"
34,2115,352,1253,338,5.1507,207500,"<1H OCEAN"
33,2683,436,1520,456,5.0091,211500,"<1H OCEAN"
25,1759,404,1404,385,3.6289,195800,"<1H OCEAN"
33,1387,238,890,264,5.422,204100,"<1H OCEAN"
32,1771,296,995,272,5.8362,217500,"<1H OCEAN"
35,2072,349,1249,317,3.9855,191900,"<1H OCEAN"
26,2141,597,2038,585,2.2981,177700,"<1H OCEAN"
24,1324,267,687,264,3.4327,192800,"<1H OCEAN"
29,1982,503,1426,502,3.0263,194200,"<1H OCEAN"
28,2401,503,1155,456,3.5139,211700,"<1H OCEAN"
14,1120,319,982,307,2.9083,179200,"<1H OCEAN"
12,1250,331,1047,334,3.0625,208800,"<1H OCEAN"
21,3803,898,1511,829,3,221200,"<1H OCEAN"
7,586,118,232,107,5.2077,181300,"<1H OCEAN"
27,2000,310,880,294,5.635,218900,"<1H OCEAN"
24,3810,579,1818,590,5.8053,255900,"<1H OCEAN"
32,2980,494,1370,481,5.0866,223500,"<1H OCEAN"
25,4061,545,1623,527,7.1572,294900,"<1H OCEAN"
26,5321,889,2932,896,5.8914,237600,"<1H OCEAN"
32,3191,634,1718,611,4.1548,216600,"<1H OCEAN"
30,2460,403,1277,395,5.4372,223200,"<1H OCEAN"
28,3375,559,1754,554,5.5446,228900,"<1H OCEAN"
19,2648,478,1160,452,5.9357,207400,"<1H OCEAN"
26,2001,302,836,298,5.1061,257500,"<1H OCEAN"
26,2343,377,1166,373,6,233100,"<1H OCEAN"
25,3554,528,1600,537,6.6453,270100,"<1H OCEAN"
26,3642,557,1623,569,5.8426,259400,"<1H OCEAN"
25,3715,575,1640,572,5.7705,247100,"<1H OCEAN"
29,3675,613,1457,591,6.0553,369400,"<1H OCEAN"
34,3486,507,1311,503,7.1221,384500,"<1H OCEAN"
34,2840,395,1127,396,7.6144,376200,"<1H OCEAN"
26,2146,298,852,296,6.6137,342700,"<1H OCEAN"
34,2473,383,967,353,5.8283,362400,"<1H OCEAN"
31,4231,617,1694,623,6.6312,360100,"<1H OCEAN"
34,2287,347,1051,346,5.5767,372000,"<1H OCEAN"
30,2879,403,1109,414,6.9324,364700,"<1H OCEAN"
25,5321,967,1969,903,5.0102,340100,"<1H OCEAN"
23,6368,1030,3281,1001,6.1142,240400,"<1H OCEAN"
23,2663,430,1499,403,5.7837,258000,"<1H OCEAN"
24,84,14,32,8,5.875,193800,"<1H OCEAN"
16,2956,393,1379,429,8.4952,359600,"<1H OCEAN"
16,4021,701,1488,650,5.32,219500,"<1H OCEAN"
18,3414,434,1272,454,8.7015,390900,"<1H OCEAN"
25,3112,435,1098,401,6,353500,"<1H OCEAN"
25,2356,330,937,326,6.6264,359100,"<1H OCEAN"
22,4048,562,1637,541,7.3463,355600,"<1H OCEAN"
33,2685,466,1359,476,5.0261,245100,"<1H OCEAN"
21,2196,504,1215,477,4.8,196900,"<1H OCEAN"
26,4422,624,1936,625,6.4288,320700,"<1H OCEAN"
22,1892,442,1015,404,4.1379,212500,"<1H OCEAN"
20,1379,333,937,304,3.6217,195300,"<1H OCEAN"
17,2439,554,1161,532,3.6442,193100,"<1H OCEAN"
19,1863,355,1260,317,3.2465,277400,"<1H OCEAN"
21,6623,1204,3193,1129,4.5395,256000,"<1H OCEAN"
21,4890,653,2295,654,6.983,329700,"<1H OCEAN"
19,4526,830,2318,748,4.6681,320700,"<1H OCEAN"
26,4105,637,2072,648,5.844,273900,"<1H OCEAN"
20,1488,312,972,283,4.055,201900,"<1H OCEAN"
25,1548,279,732,265,5.123,159600,"<1H OCEAN"
25,2637,462,965,415,4.5833,190900,"<1H OCEAN"
25,3497,513,1839,544,5.4216,263000,"<1H OCEAN"
22,2711,352,1305,368,8.5407,398800,"<1H OCEAN"
22,1391,338,810,295,3.8792,218200,"<1H OCEAN"
21,1189,281,577,264,3.3155,237500,"<1H OCEAN"
17,1851,346,770,310,5.6093,244400,"<1H OCEAN"
17,2178,477,1077,457,3.6815,245300,"<1H OCEAN"
20,2662,464,1275,472,6.0162,318500,"<1H OCEAN"
19,2485,437,1286,431,4.7466,258300,"<1H OCEAN"
16,1139,328,665,290,3.2933,260000,"<1H OCEAN"
34,3203,653,2072,691,4.225,198400,"<1H OCEAN"
25,3030,532,1668,509,4.625,229600,"<1H OCEAN"
25,768,195,529,184,3.175,132800,"<1H OCEAN"
22,5290,1054,2812,1021,4.53,226400,"<1H OCEAN"
24,4316,678,2286,665,5.7018,286700,"<1H OCEAN"
21,3941,655,1897,670,4.88,343900,"<1H OCEAN"
21,2997,372,1323,372,8.6123,386700,"<1H OCEAN"
17,1973,516,1112,501,3.8512,163800,"<1H OCEAN"
24,3983,675,1568,638,4.6458,213400,"<1H OCEAN"
22,4057,624,2204,643,5.8527,241000,"<1H OCEAN"
27,2990,515,1849,497,5.6846,216100,"<1H OCEAN"
26,2523,437,1377,450,5.2542,234600,"<1H OCEAN"
26,3635,567,1779,543,5.7089,237400,"<1H OCEAN"
19,1795,328,1014,322,4.535,289300,"<1H OCEAN"
24,2233,347,1162,355,5.6094,279200,"<1H OCEAN"
23,3132,469,1646,478,5.777,315900,"<1H OCEAN"
25,2856,388,1212,362,6.1737,313100,"<1H OCEAN"
18,3628,546,1922,544,7.5057,328500,"<1H OCEAN"
16,1831,390,1347,389,3.8426,344400,"<1H OCEAN"
29,3963,772,2104,743,4.9803,208600,"<1H OCEAN"
29,3740,691,1724,638,3.9628,215600,"<1H OCEAN"
28,3857,857,2328,830,4.0156,196000,"<1H OCEAN"
26,3616,892,2257,821,3.1497,217600,"<1H OCEAN"
21,2052,456,1173,432,3.7885,204500,"<1H OCEAN"
10,3897,893,1992,693,4.1591,192300,"<1H OCEAN"
18,5238,1083,3032,1065,4.4583,190100,"<1H OCEAN"
34,3482,614,2227,641,5.1155,200900,"<1H OCEAN"
26,2342,383,1290,394,5.6677,220700,"<1H OCEAN"
31,1922,329,1030,353,5.3416,213000,"<1H OCEAN"
30,2320,448,1434,452,4.0865,203700,"<1H OCEAN"
23,5495,1141,2873,1004,3.9156,224100,"<1H OCEAN"
29,2064,447,1265,400,3.8864,209300,"<1H OCEAN"
29,3061,612,2396,640,4.6326,195200,"<1H OCEAN"
34,1078,205,575,206,4.5083,188000,"<1H OCEAN"
29,2307,452,1218,402,3.4306,194200,"<1H OCEAN"
28,4097,838,2112,803,4.5,202100,"<1H OCEAN"
35,4166,713,2354,709,5.1775,213400,"<1H OCEAN"
35,3473,563,2091,580,4.4821,214100,"<1H OCEAN"
30,4781,831,2568,797,5.4746,226400,"<1H OCEAN"
36,1138,228,725,219,3.4167,187200,"<1H OCEAN"
34,1948,306,957,304,4.9777,212600,"<1H OCEAN"
33,2053,418,1154,405,4.0455,197200,"<1H OCEAN"
32,1162,196,563,178,3.875,203000,"<1H OCEAN"
35,1661,272,949,276,5.2548,192600,"<1H OCEAN"
34,2079,343,1379,352,5.103,207000,"<1H OCEAN"
30,1549,325,885,299,4.0039,195100,"<1H OCEAN"
29,2641,637,2413,619,2.8169,165100,"<1H OCEAN"
25,6348,1615,4188,1497,3.139,185700,"<1H OCEAN"
20,3540,906,2898,876,3.0252,178000,"<1H OCEAN"
28,1624,289,755,280,4.7083,268100,"<1H OCEAN"
19,1434,391,1088,341,3.369,269600,"<1H OCEAN"
15,2298,567,1261,527,4.2422,159400,"<1H OCEAN"
42,1461,302,986,314,3.9559,161100,"<1H OCEAN"
18,2628,720,2276,649,2.735,170800,"<1H OCEAN"
16,1689,499,1260,453,3.1205,174000,"<1H OCEAN"
13,2086,544,1356,462,2.95,165600,"<1H OCEAN"
17,2334,537,1662,535,3.0147,217000,"<1H OCEAN"
34,1239,307,869,291,3.59,161900,"<1H OCEAN"
20,2303,612,1607,564,2.9,176100,"<1H OCEAN"
18,2939,437,1278,435,7.1425,393700,"<1H OCEAN"
25,3401,509,1503,498,6.6704,240600,"<1H OCEAN"
21,5195,1020,2539,988,4.5033,160500,"<1H OCEAN"
23,2111,306,979,288,8.5621,347800,"<1H OCEAN"
17,1851,344,764,339,5.1315,181800,"<1H OCEAN"
17,1740,445,1158,412,2.8649,137500,"<1H OCEAN"
9,1344,279,530,265,5.0731,185100,"<1H OCEAN"
11,1454,247,635,236,6.2427,218500,"<1H OCEAN"
15,3801,542,1992,526,9.0683,367400,"<1H OCEAN"
16,2003,300,1172,318,6.0394,321600,"<1H OCEAN"
14,923,136,420,130,10.2252,462800,"<1H OCEAN"
33,1849,384,218,92,1.7083,143800,"INLAND"
30,2979,583,316,124,2.1987,124000,"INLAND"
22,2213,372,98,42,1.1912,170000,"INLAND"
15,2146,361,197,76,4.1316,2e+05,"INLAND"
25,2171,386,248,116,3.0375,171900,"INLAND"
21,2484,460,309,144,3.9722,127800,"INLAND"
18,1703,360,354,163,3.6563,146900,"INLAND"
32,1684,359,454,209,2.9125,145800,"INLAND"
25,1669,348,163,78,5.75,176600,"INLAND"
14,1382,242,141,66,4.1016,283300,"INLAND"
17,2839,525,390,189,3.5667,179200,"INLAND"
18,3824,559,241,106,5.5456,360000,"INLAND"
17,1480,241,202,80,3.9375,213200,"INLAND"
20,1703,294,409,174,3.087,196900,"INLAND"
18,2245,392,421,162,4.5795,158300,"INLAND"
21,3005,574,385,150,3.1193,153300,"INLAND"
19,1746,306,251,104,4.8182,146900,"INLAND"
20,3729,614,365,152,4.962,169500,"INLAND"
21,2459,525,584,233,3.01,163500,"INLAND"
30,2369,469,510,213,2.65,123800,"INLAND"
24,2237,491,264,95,4.1364,154500,"INLAND"
24,1602,426,751,257,1.7609,99300,"INLAND"
22,2309,571,919,342,3.0057,93600,"INLAND"
32,1347,444,825,303,1.8269,225000,"INLAND"
26,1930,391,307,138,2.6023,139300,"INLAND"
13,7689,1415,3264,1198,3.653,146800,"INLAND"
30,806,189,326,146,2.8155,101000,"INLAND"
19,1048,262,493,184,2.2917,118200,"INLAND"
15,1117,242,551,229,2.6319,97700,"INLAND"
18,6501,1416,2954,1373,2.5373,143000,"INLAND"
27,3436,755,1568,709,2.4273,138400,"INLAND"
17,7635,1284,3096,1227,4.2917,184300,"INLAND"
41,3471,753,1680,710,2.6701,139000,"INLAND"
52,1280,281,523,266,1.7375,122200,"INLAND"
20,2024,313,879,309,5.2903,239400,"INLAND"
17,3949,717,1683,686,3.3802,216500,"INLAND"
23,1654,299,787,299,4.2723,193100,"INLAND"
10,2509,422,1037,389,6,220100,"INLAND"
17,3353,463,1417,447,5.1721,237100,"INLAND"
15,10282,1333,3868,1300,6.4789,287800,"INLAND"
27,771,108,315,111,8.4882,276600,"INLAND"
22,2750,433,1161,428,4.2143,236500,"INLAND"
22,1816,278,832,278,5.07,233000,"INLAND"
20,2104,370,745,314,4.1685,217500,"INLAND"
13,3480,528,1432,532,6.1642,277800,"INLAND"
18,2541,414,1276,405,5.1857,220100,"INLAND"
16,1608,296,792,286,3.1583,239200,"INLAND"
11,4552,639,2006,623,4.3962,264400,"INLAND"
14,2028,255,781,251,6.5322,394000,"INLAND"
11,4897,636,1931,616,7.7499,334800,"INLAND"
16,1584,264,613,226,6.0302,273100,"INLAND"
16,2807,459,1201,429,4.7941,247600,"INLAND"
5,9137,1368,3667,1294,5.4896,229600,"INLAND"
12,3605,576,1556,549,4.9,203700,"INLAND"
19,3869,887,2086,685,2.6065,154900,"INLAND"
14,3323,499,1527,540,5.3451,172100,"INLAND"
22,7173,1314,3526,1316,3.3941,135900,"INLAND"
6,4223,672,1747,631,5.419,267400,"INLAND"
6,4664,644,2105,663,6.0804,198700,"INLAND"
10,7277,1168,3507,1131,4.485,179400,"INLAND"
21,4812,1117,1985,1045,2.5083,128500,"INLAND"
33,4384,778,1775,789,4.05,134700,"INLAND"
9,5558,1099,2717,1043,3.6455,139200,"INLAND"
21,2253,416,1050,411,3.141,220100,"INLAND"
14,1449,228,670,232,4.3897,186300,"INLAND"
7,4185,750,2147,706,4.0519,129200,"INLAND"
36,3903,885,2313,804,2.655,86300,"INLAND"
52,493,89,189,94,2.108,83800,"INLAND"
41,4374,1039,2387,959,2.3611,87900,"INLAND"
3,20214,3559,8361,3112,4.2259,169300,"INLAND"
47,2901,631,1276,578,2.1366,101900,"INLAND"
43,1292,307,647,249,2.7188,85300,"INLAND"
12,1198,174,443,170,6.0097,187500,"INLAND"
6,3819,550,1738,587,5.8718,201400,"INLAND"
7,9003,1739,4445,1591,3.816,147900,"INLAND"
11,1851,352,1049,369,3.5288,141100,"INLAND"
18,549,143,249,136,0.8691,136500,"INLAND"
13,3813,871,1513,783,2.0807,142600,"INLAND"
8,3418,514,1312,409,6.3914,218000,"INLAND"
5,12259,1643,4819,1582,5.4498,217300,"INLAND"
14,5094,729,1974,705,5.5205,188700,"INLAND"
15,2615,485,1063,428,3.7904,173200,"INLAND"
23,1419,261,706,269,3.1875,110200,"INLAND"
45,907,176,463,190,2.2292,92000,"INLAND"
11,2521,521,1390,477,3.5265,124800,"INLAND"
20,3118,500,1405,519,6,209400,"INLAND"
21,3691,640,1758,603,3.5607,151900,"INLAND"
8,4114,710,2268,716,4.4085,139400,"INLAND"
15,4488,859,2114,805,2.9484,124400,"INLAND"
19,3568,646,1714,590,4.0862,162700,"INLAND"
16,3155,541,1630,540,4.0282,126400,"INLAND"
16,1210,228,726,222,2.7083,82100,"INLAND"
19,2531,461,1206,429,4.4958,192600,"INLAND"
16,2094,358,1092,357,4.4769,191400,"INLAND"
45,2019,394,1104,407,3.1691,108700,"INLAND"
31,1297,259,765,240,2.7656,93600,"INLAND"
10,653,120,407,146,3.3889,110800,"INLAND"
23,1750,297,1012,315,3.4706,99300,"INLAND"
45,1529,317,793,281,2.9866,91300,"INLAND"
9,5927,1269,3369,1176,2.8194,111300,"INLAND"
16,2069,312,889,299,4.6771,212000,"INLAND"
21,4064,871,1847,859,3.0321,135500,"INLAND"
24,2558,423,1149,403,4.0679,190500,"INLAND"
42,410,117,706,112,1.0179,125000,"INLAND"
15,5301,884,2335,831,4.515,164000,"INLAND"
34,2144,372,899,378,3.3021,158800,"INLAND"
15,4145,691,1872,680,4.3553,220600,"INLAND"
16,2544,431,1199,412,4.5129,196300,"INLAND"
14,3888,890,1830,844,1.8238,158600,"INLAND"
17,1475,403,943,363,2.1287,55300,"INLAND"
14,2267,355,1140,369,4.7019,212800,"INLAND"
12,3676,550,1572,510,4.8214,201900,"INLAND"
13,1467,221,688,231,5.2536,191900,"INLAND"
16,1106,195,505,187,5.0126,192300,"INLAND"
18,1931,380,1271,377,2.7463,156100,"INLAND"
14,4239,824,1729,794,2.4278,167700,"INLAND"
14,1710,294,839,297,4.7143,150700,"INLAND"
22,1931,445,1009,407,2.75,153200,"INLAND"
17,2289,450,1182,397,2.3696,166800,"INLAND"
17,3403,661,1540,622,3.6354,162900,"INLAND"
21,4059,730,1874,693,4.8051,174300,"INLAND"
17,4786,799,2066,770,3.9734,185400,"INLAND"
4,170,23,93,27,10.9891,312500,"INLAND"
25,2691,598,964,373,3.9196,142700,"INLAND"
17,1819,389,736,283,2.8603,128900,"INLAND"
15,4126,903,723,266,3.0147,118800,"INLAND"
16,868,178,44,21,3,175000,"INLAND"
14,10098,1545,701,254,4.0819,141300,"INLAND"
22,8259,1409,845,353,3.3699,244000,"INLAND"
24,2069,436,909,374,2.5326,139100,"INLAND"
20,4570,906,2125,815,3.0403,148000,"INLAND"
8,3758,717,1744,661,3.1972,151500,"INLAND"
25,2220,511,912,449,1.8914,87800,"INLAND"
26,2023,385,922,365,2.8125,83500,"INLAND"
20,1511,328,791,320,2.0221,70900,"INLAND"
23,2679,546,1424,529,2.8812,81900,"INLAND"
20,1349,238,601,203,3.5417,96600,"INLAND"
15,1666,351,816,316,2.9559,118800,"INLAND"
35,383,92,202,72,2.6458,102500,"INLAND"
23,1017,218,387,152,2.2656,88200,"INLAND"
15,1291,283,582,242,2.1216,102000,"INLAND"
15,3763,784,717,348,2.2019,130500,"INLAND"
9,1955,398,294,122,3.9583,126500,"INLAND"
8,1116,214,27,39,2.5893,83000,"INLAND"
16,2534,557,638,244,2.2101,88800,"INLAND"
18,1234,266,543,201,2.5156,71900,"INLAND"
11,513,104,204,86,2.375,1e+05,"INLAND"
47,2149,456,965,419,1.7829,55900,"INLAND"
18,3406,673,1567,617,2.2717,75900,"INLAND"
10,1262,258,510,209,2.1667,92800,"INLAND"
19,785,151,366,140,3.0625,82500,"INLAND"
22,1334,261,597,222,2.2132,89200,"INLAND"
24,1629,313,641,274,2.2067,69600,"INLAND"
31,3127,664,1345,580,1.5774,58000,"INLAND"
38,725,190,219,115,1.625,75000,"INLAND"
19,897,180,276,110,2.9554,89400,"INLAND"
25,958,245,28,16,2.625,67500,"INLAND"
36,1597,301,632,262,3.5962,93600,"INLAND"
21,3229,667,1501,582,2.1524,77100,"INLAND"
10,1572,232,247,104,5.8453,193800,"INLAND"
11,919,199,69,43,1.6944,137500,"INLAND"
23,1127,225,215,85,3.4844,143800,"INLAND"
15,1717,336,501,206,3.6477,113400,"INLAND"
17,1944,394,384,172,1.6875,111500,"INLAND"
14,5156,880,616,281,3.3462,145200,"INLAND"
38,1214,254,723,236,2.5469,87800,"INLAND"
42,1178,261,804,283,2.9688,92900,"INLAND"
36,730,155,476,142,2.4306,88900,"INLAND"
41,1248,278,770,250,3.025,90600,"INLAND"
19,4592,895,2769,838,3.3622,105100,"INLAND"
15,1386,247,703,185,3.6415,124200,"INLAND"
45,2881,514,1470,515,3.3687,123800,"INLAND"
52,1797,332,905,313,2.7054,141700,"INLAND"
52,2274,571,1167,504,2.0284,101600,"INLAND"
37,2337,452,948,437,3.145,169100,"INLAND"
24,950,183,383,182,3.0694,125000,"INLAND"
43,2862,772,1878,675,2.1151,96700,"INLAND"
29,1157,297,2027,253,1.6389,155000,"INLAND"
10,642,176,462,186,2.1528,162500,"INLAND"
27,1342,547,844,484,1.1194,95800,"INLAND"
44,917,224,666,220,1.685,114200,"INLAND"
46,1680,453,1570,435,2.0436,82300,"INLAND"
34,3676,697,2653,682,2.5804,92400,"INLAND"
38,1156,241,877,200,1.4514,79900,"INLAND"
40,1166,250,976,244,1.95,84800,"INLAND"
52,201,44,130,24,2.025,125000,"INLAND"
45,131,28,89,31,2.6071,112500,"INLAND"
31,4163,1242,3928,1076,1.6943,85900,"INLAND"
27,3960,886,2807,838,3.024,122500,"INLAND"
32,1625,335,1212,327,2.7596,82200,"INLAND"
33,2070,469,1851,467,2.4667,80700,"INLAND"
33,3974,548,1398,528,7.2519,216600,"INLAND"
25,2396,316,951,314,8.2405,235200,"INLAND"
28,1650,210,557,211,7.6632,204800,"INLAND"
14,9286,1269,3565,1238,6.6635,219600,"INLAND"
7,9376,1181,3570,1107,8.5326,315200,"INLAND"
52,3307,553,1269,529,4.3176,136200,"INLAND"
30,2953,703,1406,580,2.6895,150000,"INLAND"
52,1992,345,948,358,3.2917,129300,"INLAND"
51,1806,322,709,298,3.575,125500,"INLAND"
48,1915,348,1060,376,3.4044,117900,"INLAND"
38,1383,238,649,232,5.0194,148900,"INLAND"
41,1707,276,660,269,3.8618,134800,"INLAND"
32,2837,617,1393,595,2.3798,118800,"INLAND"
24,4481,901,2398,823,3.864,123400,"INLAND"
34,2316,365,956,389,4.337,157800,"INLAND"
29,124,22,50,18,12.5381,112500,"INLAND"
28,3747,651,2399,646,3.8682,116500,"INLAND"
31,914,177,556,161,3.7344,115300,"INLAND"
46,2189,423,866,389,3.1384,111500,"INLAND"
32,1979,491,954,444,2.4408,117300,"INLAND"
37,1586,283,675,305,2.9583,132100,"INLAND"
37,1462,257,849,287,3.0542,123900,"INLAND"
32,4251,848,2494,798,2.8173,110800,"INLAND"
33,2275,469,1691,459,2.7452,98100,"INLAND"
27,2341,418,1272,415,3.0208,112700,"INLAND"
30,3153,623,1544,575,3.4491,133800,"INLAND"
36,1380,269,598,262,3.1667,122900,"INLAND"
35,1599,284,721,287,4.125,120700,"INLAND"
43,633,166,292,135,1.1601,121400,"INLAND"
49,2527,461,1344,451,4.0833,114400,"INLAND"
32,2215,351,771,311,4.3542,142600,"INLAND"
20,1682,296,706,291,4.0966,140100,"INLAND"
21,2468,380,1164,385,4.0625,136800,"INLAND"
26,3014,494,1832,485,4.8333,127900,"INLAND"
35,3306,680,1742,673,3.7109,109100,"INLAND"
30,1198,251,1019,214,3.0509,82700,"INLAND"
35,1468,298,1168,261,2.2222,81300,"INLAND"
35,793,150,669,128,4.0156,89300,"INLAND"
37,987,187,551,191,3.5865,112000,"INLAND"
42,943,171,466,203,3.1458,116000,"INLAND"
33,2074,476,911,420,2.87,117600,"INLAND"
29,3181,714,1603,706,3.25,112500,"INLAND"
32,2885,595,1509,590,3.1795,125600,"INLAND"
22,4179,1081,2096,1013,2.4435,118500,"INLAND"
26,2420,532,1383,469,3.5403,113500,"INLAND"
35,1764,325,1094,353,4.1528,113900,"INLAND"
36,2284,444,1425,405,4.0526,104500,"INLAND"
36,2386,396,1176,374,4.5122,113300,"INLAND"
15,4836,1368,3012,1240,2.1865,129300,"INLAND"
31,1273,262,686,254,2.4922,109400,"INLAND"
34,1577,272,880,284,4.6327,116000,"INLAND"
12,3539,869,1987,859,2.1023,103700,"INLAND"
32,2349,452,1479,425,3.9118,114100,"INLAND"
30,2992,516,1521,507,3.9128,126900,"INLAND"
32,1814,320,903,306,4.1776,118700,"INLAND"
33,1371,236,715,227,4.375,129900,"INLAND"
20,5998,1320,3185,1199,3.2731,113900,"INLAND"
33,2433,525,1466,517,3.0437,110800,"INLAND"
29,2320,422,1358,415,3.7333,121400,"INLAND"
35,2552,588,1840,551,2.2548,113300,"INLAND"
25,2886,583,2327,577,2.3851,113700,"INLAND"
32,1263,178,508,180,3.6667,314100,"INLAND"
23,4487,754,2609,778,4.2788,148700,"INLAND"
15,14281,2511,7540,2245,4.3222,138000,"INLAND"
4,80,10,55,13,7.7197,193800,"INLAND"
25,1858,366,1311,331,2.7083,87800,"INLAND"
34,1231,216,841,199,2.6442,92000,"INLAND"
33,3084,570,1753,449,3.05,97800,"INLAND"
9,5455,882,3015,858,4.2321,162800,"INLAND"
24,2316,599,1829,532,1.6955,86800,"INLAND"
31,1192,307,1013,283,2.0742,76200,"INLAND"
38,2228,571,1697,530,1.9052,83400,"INLAND"
21,2634,421,1376,406,4.2589,152200,"INLAND"
16,10072,2043,5913,1909,3.0606,119500,"INLAND"
26,3042,598,1720,551,2.76,95200,"INLAND"
34,2101,426,1150,377,3.0909,98300,"INLAND"
26,2372,621,1647,612,1.4719,88600,"INLAND"
32,1617,346,1153,385,3.016,96600,"INLAND"
18,3307,547,1738,457,4.566,116900,"INLAND"
12,9966,1517,5008,1492,4.5625,171300,"INLAND"
15,1929,317,1237,316,4.4063,128500,"INLAND"
21,2050,392,1153,336,4.84,116400,"INLAND"
20,2451,475,1785,456,3.3966,115000,"INLAND"
17,2727,462,1691,448,4.8371,160600,"INLAND"
21,2394,416,1291,381,4.2099,138700,"INLAND"
8,12106,1913,5810,1717,4.9886,158100,"INLAND"
23,2000,376,1361,388,4.369,121100,"INLAND"
35,2051,427,1466,425,3.6711,108200,"INLAND"
21,3736,738,2021,640,4.4545,142400,"INLAND"
24,7779,1835,3996,1765,2.1764,135300,"INLAND"
12,6751,1153,3266,1134,3.8529,145500,"INLAND"
36,3791,746,2258,672,3.2067,124700,"INLAND"
14,13562,2057,7600,2086,5.2759,182900,"INLAND"
34,1293,215,774,217,3.8906,141000,"INLAND"
29,1430,273,872,283,4.0833,141000,"INLAND"
35,352,62,184,57,3.6691,137500,"INLAND"
19,256,34,101,28,5.3269,375000,"INLAND"
26,2925,575,1921,501,3.1859,153100,"INLAND"
17,3583,700,1587,719,2.6979,75000,"INLAND"
21,5675,935,2834,865,4.2263,203200,"INLAND"
30,5398,926,2672,864,4.4762,163900,"INLAND"
29,266,42,136,40,1.625,164300,"INLAND"
6,575,73,318,88,7.0215,257100,"INLAND"
3,1240,151,519,146,7.5408,271900,"INLAND"
17,3196,444,1581,462,5.9333,229400,"INLAND"
7,10223,1491,5205,1509,5.4872,203400,"INLAND"
7,3797,850,2369,720,3.5525,137600,"INLAND"
16,693,185,365,176,2.3417,191700,"INLAND"
25,2999,439,1396,458,5.6973,164800,"INLAND"
2,17978,3217,7305,2463,5.1695,220800,"INLAND"
15,1864,271,1006,288,7.2379,251000,"INLAND"
25,5187,934,2725,860,4.1865,154300,"INLAND"
24,2807,501,1653,509,4.8167,163300,"INLAND"
21,1839,324,871,307,3.4459,198800,"INLAND"
12,2290,319,728,228,6.1561,233500,"INLAND"
16,4157,586,2036,594,6.155,246400,"INLAND"
22,2620,396,1324,362,5.3735,214600,"INLAND"
17,338,47,200,46,7.8118,244200,"INLAND"
19,4741,835,2903,796,4.3723,135600,"INLAND"
17,5364,1020,3754,936,3.2857,139100,"INLAND"
31,2529,513,1504,426,2.9821,115600,"INLAND"
28,2101,337,1061,348,4.55,146800,"INLAND"
12,9016,1486,4285,1457,4.9984,169100,"INLAND"
34,1565,296,1142,328,3.6979,99600,"INLAND"
15,6248,1249,3795,1128,4.1264,124600,"INLAND"
12,7923,1470,4861,1385,4.2985,139200,"INLAND"
29,932,153,711,172,4.8214,143400,"INLAND"
26,2481,620,2411,552,1.7059,85800,"INLAND"
34,559,139,532,137,3.0687,88500,"INLAND"
19,1891,465,1693,416,2.7813,112900,"INLAND"
29,1625,336,1046,320,3.1985,117300,"INLAND"
28,2787,490,1684,467,4.0256,127100,"INLAND"
16,4112,880,2821,857,3.0122,114700,"INLAND"
19,4780,861,3043,766,3.7431,132800,"INLAND"
21,713,142,476,142,3.5208,121100,"INLAND"
33,919,208,724,235,3.4028,110500,"INLAND"
34,2086,417,1501,395,3.2311,105600,"INLAND"
35,1566,294,1056,279,3.5227,105400,"INLAND"
31,2191,459,1564,450,2.6776,122000,"INLAND"
18,3869,773,2500,726,3.6583,126100,"INLAND"
26,2970,576,2156,558,3.9522,124600,"INLAND"
21,3491,760,1920,669,2.2241,127300,"INLAND"
10,9738,2130,4936,1840,3.3187,144800,"INLAND"
14,10395,1799,6295,1855,4.7295,149900,"INLAND"
7,10235,2238,5271,2094,3.6071,159100,"INLAND"
22,3611,666,1869,649,4.2207,141100,"INLAND"
5,2589,351,1109,360,6.8089,334100,"INLAND"
16,5418,1005,2690,1088,4.0556,158000,"INLAND"
24,3044,602,2541,564,4.131,123800,"INLAND"
21,722,178,770,165,2.5656,102500,"INLAND"
22,2855,667,2453,624,3.1312,91000,"INLAND"
4,6755,1017,2866,850,5.0493,239800,"INLAND"
36,838,210,722,180,2.4861,96200,"INLAND"
14,1731,404,1269,351,2.3654,107900,"INLAND"
19,2472,618,2143,610,2.2372,108800,"INLAND"
33,2076,517,1374,480,2.2197,138200,"INLAND"
40,1196,294,1052,258,2.0682,113000,"INLAND"
35,1755,446,1453,428,2.316,119400,"INLAND"
39,679,164,769,179,2.3036,110600,"INLAND"
42,765,171,590,177,1.6875,113500,"INLAND"
7,3586,959,2695,877,2.4387,117000,"INLAND"
13,3239,849,2751,813,2.6111,107000,"INLAND"
16,1739,478,1235,420,2.2969,116100,"INLAND"
37,621,156,443,135,2.3333,122800,"INLAND"
27,1786,287,939,278,5.1929,165000,"INLAND"
17,2772,449,1685,461,5.0464,163900,"INLAND"
30,701,131,356,125,3.2917,144300,"INLAND"
34,1511,272,773,265,3.5313,142100,"INLAND"
4,8207,1373,3887,1304,4.8686,195300,"INLAND"
28,895,127,346,115,5.4788,339300,"INLAND"
6,16431,2640,8222,2553,5.2861,195100,"INLAND"
6,202,29,75,28,4.125,216700,"INLAND"
6,502,76,228,65,4.2386,500001,"INLAND"
9,6538,955,2928,892,5.3006,221400,"<1H OCEAN"
25,6964,1066,3240,1036,5.2898,177100,"INLAND"
18,8136,1584,4976,1516,3.9414,137100,"INLAND"
13,8010,1366,3920,1309,5.536,204800,"<1H OCEAN"
18,6450,1165,3716,1113,4.2721,150300,"INLAND"
23,2949,473,1671,477,5.195,161000,"INLAND"
15,7626,1570,3823,1415,3.4419,138100,"INLAND"
2,17470,2727,5964,1985,6.2308,257900,"<1H OCEAN"
20,688,146,575,144,3.55,111000,"INLAND"
22,2397,400,1347,403,4.46,189800,"INLAND"
7,2191,324,1156,310,5.5362,195600,"INLAND"
5,5846,1035,3258,1001,4.7965,160800,"<1H OCEAN"
14,3776,580,1877,559,5.1365,215000,"INLAND"
15,2857,421,1361,382,4.6875,189800,"INLAND"
2,12837,1842,4636,1453,5.1512,187800,"INLAND"
17,2678,394,1225,367,5.363,211300,"INLAND"
12,3964,524,1707,549,5.1624,267900,"INLAND"
10,5600,848,2573,788,5.0346,240500,"INLAND"
16,1171,235,659,216,3.1103,110000,"INLAND"
14,2300,335,1001,311,5.1045,161300,"INLAND"
15,3991,751,2317,657,2.9542,127900,"INLAND"
16,3498,702,2372,672,2.3229,118000,"INLAND"
13,4770,718,1985,662,4.2273,295200,"INLAND"
8,1954,330,973,321,4.4875,249100,"INLAND"
9,7538,1125,3450,1077,5.4625,223600,"INLAND"
12,1159,209,523,159,2.7232,123200,"INLAND"
15,826,138,440,134,4.8125,173900,"INLAND"
33,6982,1371,5650,1195,2.5379,152700,"INLAND"
15,6437,1298,2805,1205,4.1883,184500,"INLAND"
19,3216,666,1363,629,3.7585,144500,"INLAND"
20,4589,594,1660,595,7.4141,236500,"INLAND"
7,11232,1791,4218,1644,5.2713,216500,"INLAND"
52,1417,353,881,300,1.9531,162500,"INLAND"
8,152,19,1275,20,1.625,162500,"INLAND"
27,321,64,214,67,3.175,101600,"INLAND"
10,17286,4952,9851,4616,1.7579,103400,"INLAND"
27,5464,850,2400,836,4.711,133500,"INLAND"
28,3420,691,1502,656,3.4896,140300,"INLAND"
4,18767,3032,8805,2723,4.6667,160600,"INLAND"
23,3707,769,1938,658,2.725,95300,"INLAND"
28,2683,708,2047,636,2.275,85400,"INLAND"
23,3021,527,1580,533,4.4063,129900,"INLAND"
11,6617,1118,3710,1087,4.7877,132600,"INLAND"
7,13195,2696,6763,2437,3.5851,142000,"INLAND"
5,13096,2208,6780,2180,4.2775,138700,"INLAND"
5,9179,1361,4573,1294,5.253,163300,"INLAND"
5,8403,1240,3962,1150,5.2174,155500,"INLAND"
5,4873,639,1947,568,6.3223,223200,"INLAND"
3,18356,2537,8437,2342,5.6409,197700,"INLAND"
10,972,212,773,219,1.3125,135700,"INLAND"
35,3623,841,2721,766,2.1574,86900,"INLAND"
13,8443,1744,4885,1470,3.0907,127200,"INLAND"
2,337,55,115,49,3.1042,164800,"INLAND"
15,1569,423,1123,369,1.6111,113900,"INLAND"
12,7105,1447,4520,1333,3.2705,113200,"INLAND"
8,10110,1761,5804,1703,4.2654,137600,"INLAND"
7,9812,1914,5595,1729,4.1482,124600,"INLAND"
9,11654,2100,7596,2127,4.0473,127200,"INLAND"
5,11775,2031,6686,1911,4.1953,136600,"INLAND"
8,2405,537,1594,517,3.0789,114200,"INLAND"
14,5104,1026,3513,972,3.2148,117000,"INLAND"
5,16884,2865,9509,2688,4.0938,130900,"INLAND"
4,10002,1468,5439,1397,5.0223,152600,"INLAND"
12,3236,502,1610,502,4.7568,143500,"INLAND"
8,8302,1461,5155,1370,4.0467,121500,"INLAND"
4,1611,239,275,84,3.5781,244400,"INLAND"
3,21060,3366,9623,2812,4.189,143000,"INLAND"
16,56,7,39,14,2.625,500001,"INLAND"
8,1031,201,606,179,2.8194,136300,"INLAND"
7,77,12,64,15,4.6,187500,"INLAND"
14,1265,230,621,173,3.6618,161300,"INLAND"
2,1424,251,681,192,4.0833,1e+05,"INLAND"
2,4198,805,1943,673,3.9052,122100,"INLAND"
4,9911,1946,5145,1661,3.4237,113700,"INLAND"
16,8476,1758,2711,1427,2.1848,97900,"<1H OCEAN"
8,5528,1073,1674,918,2.5335,110100,"<1H OCEAN"
16,5373,1079,1573,933,1.9912,98600,"<1H OCEAN"
24,4210,920,1283,829,2.0881,83300,"<1H OCEAN"
23,6323,1196,1984,1124,2.3276,92400,"<1H OCEAN"
24,5783,1256,1990,1151,1.9014,83500,"<1H OCEAN"
3,6484,1037,3295,1074,4.5881,136400,"<1H OCEAN"
8,26322,4072,9360,3361,5.3238,228900,"<1H OCEAN"
10,5156,941,2294,747,3.58,113400,"<1H OCEAN"
10,3659,650,1476,515,3.8869,125900,"<1H OCEAN"
12,1869,356,1007,323,3.125,117200,"<1H OCEAN"
2,7401,1187,2826,839,4.1386,177300,"<1H OCEAN"
11,939,187,557,190,2.375,145800,"INLAND"
14,2715,500,1540,464,3.8036,139600,"INLAND"
13,1914,339,930,304,4.1875,161200,"INLAND"
6,1771,293,935,279,4.065,148200,"INLAND"
7,1697,424,808,354,1.3417,169300,"INLAND"
17,4174,851,1845,780,2.2618,96100,"INLAND"
11,4934,929,2508,840,2.625,155400,"INLAND"
7,1810,386,931,355,2.5221,109200,"<1H OCEAN"
17,2813,565,1345,488,2.5847,145300,"INLAND"
13,4496,756,2044,695,3.2778,148800,"INLAND"
3,5284,920,2703,729,4.0717,126500,"INLAND"
13,1974,426,1276,408,1.972,90500,"INLAND"
16,4928,960,2132,853,2.7983,112500,"INLAND"
18,4799,1035,1966,944,2.1182,71300,"INLAND"
2,6305,1265,2489,1152,3.1319,111500,"INLAND"
10,2381,454,1323,477,2.6322,140700,"INLAND"
17,3318,759,2016,673,2.2969,89300,"INLAND"
23,3465,703,2672,607,1.9767,81500,"INLAND"
5,2108,496,1666,461,2,83000,"INLAND"
15,4173,804,2393,713,2.4662,118300,"INLAND"
11,3196,576,1757,552,4.0982,173300,"INLAND"
22,4249,922,2405,846,2.1549,146500,"INLAND"
9,6907,1379,3665,1290,2.8401,104200,"INLAND"
19,3173,678,2204,606,2.1484,129200,"<1H OCEAN"
16,2876,576,1859,545,2.0878,101300,"<1H OCEAN"
19,2248,427,1207,368,2.817,110000,"<1H OCEAN"
11,1161,235,640,210,2.1667,114600,"<1H OCEAN"
5,6529,997,3464,1006,5.3275,168700,"<1H OCEAN"
8,4345,865,2425,785,3.2481,123800,"<1H OCEAN"
10,2591,486,1255,425,3.1513,154300,"<1H OCEAN"
9,981,169,596,156,3.1832,157400,"<1H OCEAN"
11,1229,236,581,190,3.102,111300,"<1H OCEAN"
27,4376,1003,2667,870,1.9194,100600,"<1H OCEAN"
10,516,107,282,96,4.2788,125000,"<1H OCEAN"
9,13288,2728,7235,2350,3.375,131800,"<1H OCEAN"
17,10145,2306,4776,1749,2.2423,132600,"<1H OCEAN"
23,6859,1535,3405,1351,2.5395,109200,"<1H OCEAN"
7,16010,2726,7139,2426,3.8056,162200,"<1H OCEAN"
15,4573,928,2513,832,2.6949,163600,"<1H OCEAN"
8,446,62,188,68,9.4356,465600,"<1H OCEAN"
10,4097,813,2082,731,3.2258,159300,"<1H OCEAN"
10,1652,316,725,233,3.5125,155600,"<1H OCEAN"
12,1481,265,757,243,3.235,210700,"<1H OCEAN"
7,7722,1324,2975,1161,3.6273,150900,"<1H OCEAN"
2,30450,5033,9419,3197,4.5936,174300,"<1H OCEAN"
3,2744,428,1223,366,4.7944,215300,"<1H OCEAN"
2,2569,431,1232,388,4.3651,145600,"<1H OCEAN"
2,20391,3245,7132,2716,3.9443,187300,"<1H OCEAN"
4,4952,1000,2912,943,3.7538,147500,"<1H OCEAN"
5,3471,530,1541,502,4.8083,347700,"<1H OCEAN"
9,2802,471,1155,421,4.125,392100,"INLAND"
6,1868,289,750,247,4.3833,307600,"<1H OCEAN"
7,1972,352,964,317,3.244,337200,"INLAND"
8,1003,167,388,140,4.2917,221900,"INLAND"
5,1585,247,510,181,6.9136,493300,"<1H OCEAN"
6,108,18,43,17,3.475,187500,"<1H OCEAN"
13,270,42,120,42,6.993,500001,"<1H OCEAN"
4,21988,4055,8824,3252,3.9963,191100,"<1H OCEAN"
4,30401,4957,13251,4339,4.5841,212300,"<1H OCEAN"
4,9089,1413,3886,1243,4.6904,174200,"<1H OCEAN"
13,1614,410,846,270,2.83,43000,"<1H OCEAN"
6,13724,2269,5860,1986,3.9617,183000,"<1H OCEAN"
4,6112,890,2088,712,5.5351,429000,"<1H OCEAN"
4,966,133,311,92,5.2066,500001,"<1H OCEAN"
6,8278,1579,3062,1446,3.0043,134700,"INLAND"
19,6807,1164,2703,1055,3.1591,189700,"INLAND"
15,2094,316,937,277,5.3623,201300,"INLAND"
11,1183,178,543,147,4.4792,173900,"INLAND"
15,652,149,248,97,2.1071,93800,"INLAND"
18,397,89,239,80,2.8125,143800,"INLAND"
13,16148,3474,6159,3232,1.9961,97800,"INLAND"
14,2281,426,894,430,2.3712,127900,"INLAND"
19,2238,573,1190,507,2.0714,85800,"INLAND"
23,4676,1096,2770,1057,1.7847,109500,"INLAND"
14,6027,1148,3136,1036,2.964,121500,"INLAND"
15,3757,666,1693,654,3.6806,112800,"INLAND"
20,2233,431,1024,399,2.4554,89400,"INLAND"
20,4735,973,2306,904,3.069,87000,"INLAND"
21,4587,810,2233,765,3.2371,94500,"INLAND"
18,1996,405,1270,400,2.7083,91200,"INLAND"
19,2901,445,1414,475,4.6406,118900,"INLAND"
17,5160,851,2344,781,3.7175,120000,"INLAND"
13,3603,573,1644,515,4.0433,132300,"INLAND"
35,3269,757,2328,705,2.5898,76300,"INLAND"
31,2712,628,1519,629,1.942,86200,"INLAND"
22,3740,965,2011,824,1.3039,77500,"INLAND"
18,9601,2401,4002,2106,1.4366,77000,"INLAND"
25,4952,1062,1589,1024,1.8446,85700,"INLAND"
20,3674,792,1498,758,2.2161,76900,"INLAND"
19,3649,755,1717,696,2.2115,87600,"INLAND"
14,7240,1410,2708,1240,2.4145,137600,"INLAND"
15,2873,903,1094,659,1.8015,105100,"INLAND"
10,6890,1702,3141,1451,1.7079,95900,"INLAND"
12,5829,1309,2711,1118,1.9707,107900,"INLAND"
12,7626,1704,2823,1554,2.1722,69400,"INLAND"
8,5330,1529,2143,1107,2.1103,94400,"INLAND"
14,3700,750,1171,695,1.9476,112500,"INLAND"
7,10352,2007,3559,1689,2.2925,113100,"INLAND"
20,1317,203,453,158,2.8393,120700,"INLAND"
15,2228,472,653,350,2.683,139300,"INLAND"
10,6317,1335,2625,1094,2.3,108900,"INLAND"
8,10997,2205,5060,1949,2.1979,95300,"INLAND"
20,2399,546,1726,542,1.8845,77700,"INLAND"
21,2990,691,2108,660,2.0135,83000,"INLAND"
24,2680,606,1728,527,2.535,74800,"INLAND"
24,3409,804,1939,739,1.7303,74000,"INLAND"
12,701,130,434,110,2.0577,56700,"INLAND"
5,4116,761,1714,717,2.5612,130800,"INLAND"
20,3111,623,1000,508,1.5982,140000,"INLAND"
23,2719,538,930,485,2.0154,81700,"INLAND"
13,10886,2127,4266,1955,2.3169,123400,"INLAND"
13,2604,443,978,417,2.933,170700,"INLAND"
25,3750,781,1594,785,2.4167,104900,"INLAND"
33,1575,326,879,282,2.5357,94400,"INLAND"
21,4624,852,2174,812,3.5255,132100,"INLAND"
22,4227,658,1849,619,4.7356,195900,"INLAND"
18,4775,886,1868,836,2.3355,118800,"INLAND"
14,5320,974,1947,843,3.1393,116300,"INLAND"
12,5876,1222,2992,1151,2.4322,112100,"INLAND"
25,1254,312,715,301,2.7344,149000,"INLAND"
5,1822,367,798,313,2.8783,105200,"INLAND"
6,78,11,27,10,3.125,187500,"INLAND"
22,1999,497,1304,479,1.4063,81900,"INLAND"
26,503,69,293,59,3.7083,147500,"INLAND"
11,658,131,376,120,2.3977,58000,"INLAND"
16,319,68,212,67,1.4688,90000,"INLAND"
19,2307,525,1266,437,1.6875,63000,"INLAND"
17,2009,469,820,381,1.3286,81800,"INLAND"
2,6900,1238,1950,980,3.0417,146300,"INLAND"
1,6,2,8,2,1.625,55000,"INLAND"
18,521,118,174,74,2.7788,91100,"INLAND"
27,3459,640,1760,654,3.4545,89800,"INLAND"
40,2277,498,1391,453,1.9472,73200,"INLAND"
29,3197,632,1722,603,3.0432,91200,"INLAND"
29,2793,722,1583,626,1.424,73200,"INLAND"
33,376,83,267,88,2.1581,68300,"INLAND"
30,3915,672,1820,643,3.6339,98600,"INLAND"
13,7804,1594,3297,1469,2.0549,95600,"INLAND"
29,4549,916,2494,912,2.0976,72600,"INLAND"
37,1495,429,865,342,1.2188,55000,"INLAND"
34,3183,738,1820,647,2.2321,71800,"INLAND"
18,553,100,215,82,5.5,193800,"INLAND"
35,4448,906,2736,843,2.218,73400,"INLAND"
32,3141,812,2589,721,1.4556,54600,"INLAND"
37,1858,361,1632,310,2.7536,73100,"INLAND"
10,2653,621,1967,598,2.6643,81000,"INLAND"
16,5277,1070,657,276,3.3333,143400,"INLAND"
35,324,63,158,39,3.4167,1e+05,"INLAND"
25,10665,2161,1874,852,3.0625,150500,"INLAND"
21,3460,711,658,255,3.5882,161100,"INLAND"
11,2385,661,682,242,2.9141,214300,"INLAND"
3,830,145,272,104,3.8281,163500,"INLAND"
14,1016,219,443,169,2.8071,137500,"INLAND"
12,1153,265,446,195,3.038,128100,"INLAND"
13,3166,682,1250,475,2.355,122900,"INLAND"
8,1294,272,457,199,2.9167,115300,"INLAND"
10,489,82,183,74,6.2702,345500,"INLAND"
6,1251,268,544,216,3.0694,173400,"INLAND"
26,186,48,102,39,2.5625,103100,"INLAND"
16,3730,827,1346,592,2.183,113500,"INLAND"
13,1187,255,442,179,1.9107,155700,"INLAND"
15,11115,2257,4122,1653,2.7219,74400,"INLAND"
12,549,109,209,90,3.0208,66300,"INLAND"
21,1284,306,537,233,1.95,61000,"INLAND"
35,321,71,157,61,2.8056,68100,"INLAND"
29,551,166,224,107,1.1917,50000,"INLAND"
20,260,67,69,50,3.5208,76600,"INLAND"
17,5293,1266,1201,599,1.6849,88400,"INLAND"
11,12557,3098,2453,1232,1.7844,78500,"INLAND"
13,3921,754,1902,665,3.3616,89600,"INLAND"
16,4913,1395,2518,1132,1.4665,61100,"INLAND"
18,2990,648,1280,532,2.625,68200,"INLAND"
10,7249,1882,4274,1621,1.6983,66600,"INLAND"
12,3369,780,1315,584,1.7388,66000,"INLAND"
11,1381,300,644,248,2.3382,89400,"INLAND"
18,2233,471,919,388,3.2578,85200,"INLAND"
10,3254,913,923,486,1.8,81000,"INLAND"
5,4332,868,1420,567,4.0417,146400,"INLAND"
16,980,193,454,185,4.0729,1e+05,"INLAND"
22,1540,364,610,268,1.5227,71000,"INLAND"
17,4465,859,853,445,3.6875,130400,"INLAND"
16,3648,1035,1687,581,1.9167,70400,"INLAND"
18,7962,1652,2009,921,3.3897,230200,"INLAND"
16,10077,2186,3048,1337,2.9647,110900,"INLAND"
28,2992,562,676,346,5.7613,500001,"INLAND"
28,8399,1839,3470,1340,2.5885,159000,"INLAND"
13,7559,1444,3189,1105,3.4886,112500,"INLAND"
16,343,85,29,14,2.1042,87500,"INLAND"
27,3316,636,2362,532,2.9569,65900,"INLAND"
21,10227,2315,3623,1734,2.5212,145200,"INLAND"
12,9482,2501,2725,1300,1.5595,115600,"INLAND"
36,1765,399,451,264,2.6083,321900,"INLAND"
15,3004,615,437,210,3.6667,90000,"INLAND"
26,5032,1229,3086,1183,2.5399,94800,"INLAND"
12,12396,2552,2548,1265,3.4394,162200,"INLAND"
31,6814,1714,2628,1341,2.1176,124100,"INLAND"
24,6087,1217,1721,833,3.1493,199400,"INLAND"
13,8789,1875,1274,688,3.7396,148900,"INLAND"
22,6050,1387,1432,890,2.2216,183900,"INLAND"
25,2616,547,581,343,3.1364,301600,"INLAND"
20,4810,1074,1304,740,2.25,248100,"INLAND"
18,9374,1780,1678,919,3.9737,235600,"INLAND"
18,2547,463,411,214,2.5489,220500,"INLAND"
5,4423,763,1906,667,4.6855,125200,"INLAND"
5,5480,1371,1050,485,1.7204,137500,"INLAND"
14,9425,2020,1711,1000,2.6298,145200,"INLAND"
3,9169,1512,3838,1270,4.3111,142500,"INLAND"
6,4863,920,3010,828,3.9508,104200,"INLAND"
7,10105,2481,6274,2095,2.4497,90900,"INLAND"
10,6960,1487,1130,661,2.1411,136400,"INLAND"
8,6710,1343,2069,781,3.5223,115100,"INLAND"
12,7095,1260,1179,570,4.9444,285000,"INLAND"
17,4293,712,1091,464,6.1437,232100,"INLAND"
16,5228,992,1177,639,3.0859,134600,"INLAND"
14,16921,2837,2524,1262,7.6281,341700,"INLAND"
8,3059,500,612,208,6.8729,259200,"INLAND"
9,5534,1206,2283,1008,3.6161,99100,"INLAND"
6,24121,4522,4176,2221,3.3799,239300,"INLAND"
7,17579,3479,3581,1820,4.084,194500,"INLAND"
5,19107,3923,2880,1376,4.036,158500,"INLAND"
19,12467,2508,4086,1761,3.2846,131900,"INLAND"
25,1137,414,604,240,1.3801,55000,"INLAND"
33,2565,745,2301,638,2.5477,83000,"INLAND"
26,4300,767,1557,669,4.4107,122500,"INLAND"
27,1781,441,759,340,3.3162,113600,"INLAND"
10,11836,2405,3811,1570,4.0079,134500,"INLAND"
17,8626,1859,3497,1337,3.312,121300,"INLAND"
19,7646,1618,2496,1075,3.5569,128000,"INLAND"
17,12509,2460,2737,1423,4.5556,258100,"INLAND"
10,11659,2007,2186,1083,6.9833,238800,"INLAND"
19,6190,1355,2242,1043,3.0021,152300,"INLAND"
18,4872,1110,955,656,2.2439,97500,"INLAND"
24,2596,438,473,237,3.7727,500001,"INLAND"
5,846,249,117,67,7.9885,403300,"INLAND"
25,2475,476,910,387,3.3639,168800,"INLAND"
17,4289,893,958,440,2.4659,177800,"INLAND"
15,3895,782,900,529,2.2208,138300,"INLAND"
7,8806,1542,858,448,7.8005,318100,"INLAND"
11,12327,2000,2450,1139,7.4382,353100,"INLAND"
12,5048,842,883,391,5.6918,231300,"INLAND"
10,2387,481,863,304,2.8882,137500,"INLAND"
15,2214,410,1152,350,2.9187,93400,"INLAND"
11,4686,851,2466,731,3.3333,91800,"INLAND"
7,4497,831,2248,713,3.6354,98000,"INLAND"
8,3079,558,1572,474,4.5938,102600,"INLAND"
10,9404,1827,3208,1283,3.1086,105800,"INLAND"
5,1664,444,907,374,2.7667,92900,"INLAND"
9,3861,849,825,401,3.2833,124700,"INLAND"
9,1961,595,966,275,3.8125,96700,"INLAND"
6,12991,2555,4571,1926,4.7195,199300,"INLAND"
5,3584,760,1097,470,3.1771,167400,"INLAND"
24,880,187,507,169,3.4583,67500,"INLAND"
33,278,91,375,81,2.025,50000,"INLAND"
25,5236,1039,2725,935,3.775,93400,"INLAND"
10,9033,2224,5525,1845,2.7598,95000,"INLAND"
14,2774,566,1530,505,3.0682,104100,"INLAND"
26,4120,858,2918,815,3.3107,69400,"INLAND"
28,2488,714,2891,676,2.3169,68900,"INLAND"
38,1695,352,1279,305,2.1217,68500,"INLAND"
29,1133,221,918,239,2.8648,72100,"INLAND"
19,3114,787,3157,772,1.7083,82200,"INLAND"
28,826,258,979,245,1.7172,58800,"INLAND"
26,2399,625,2654,535,2.2989,60600,"INLAND"
32,4981,1326,3779,1186,1.7805,76900,"INLAND"
17,4874,1349,5032,1243,2.444,90000,"INLAND"
22,197,54,331,70,2.9286,112500,"INLAND"
20,1273,354,1548,355,2.0871,84700,"INLAND"
10,1711,499,1896,443,1.6557,65400,"INLAND"
23,1152,273,1077,235,2.5,96300,"INLAND"
19,1596,295,1201,282,3.8846,100900,"INLAND"
34,584,176,625,166,1.5809,1e+05,"INLAND"
16,926,189,238,118,3.0114,366700,"INLAND"
3,7437,1222,574,302,10.2948,382400,"INLAND"
13,1713,512,1978,442,2.1287,58600,"INLAND"
17,2421,820,2971,685,1.654,1e+05,"INLAND"
24,2985,958,4042,905,1.7344,66400,"INLAND"
20,1660,379,637,250,2.0347,68900,"INLAND"
12,1230,277,1334,260,2.2679,61400,"INLAND"
18,3585,800,3873,788,2.5714,65900,"INLAND"
22,639,203,664,153,1.9306,47500,"INLAND"
16,1859,476,1994,477,1.7297,67500,"INLAND"
25,2888,654,2940,660,2.2141,66700,"INLAND"
17,89,19,79,21,2.375,155000,"INLAND"
11,5692,1346,5682,1273,2.5383,74000,"INLAND"
16,381,89,182,75,2.425,76100,"INLAND"
18,1706,397,3424,283,1.625,53500,"INLAND"
17,97,24,29,15,1.2656,27500,"INLAND"
21,1161,282,724,186,3.1827,71700,"INLAND"
15,644,129,137,52,3.2097,71300,"INLAND"
17,2809,635,83,45,1.6154,87500,"INLAND"
28,1678,322,666,256,2.9653,94900,"INLAND"
20,1491,360,1135,303,1.6395,44400,"INLAND"
17,720,174,333,117,1.6509,85700,"INLAND"
14,1501,337,515,226,3.1917,73400,"INLAND"
20,1454,326,624,262,1.925,65500,"INLAND"
27,173,35,117,34,2.0833,45000,"INLAND"
34,4789,1175,3134,1056,2.1782,58400,"INLAND"
16,1187,261,1115,242,2.1759,61500,"INLAND"
16,3741,801,2434,824,2.6797,86500,"INLAND"
29,1387,236,671,239,3.3438,74000,"INLAND"
26,18,3,5,3,0.536,275000,"INLAND"
25,2907,680,1841,633,2.6768,82400,"INLAND"
21,1988,483,1182,437,1.625,62000,"INLAND"
35,5298,954,1933,918,3.9167,155700,"INLAND"
38,2507,446,888,448,4.0972,163700,"INLAND"
38,1878,338,710,342,3.7731,161400,"INLAND"
43,1806,339,764,341,3.9271,147100,"INLAND"
46,2443,476,939,457,3.5893,142000,"INLAND"
52,3080,545,975,495,3.776,164500,"INLAND"
42,2334,435,892,446,3.0208,148800,"INLAND"
44,2314,415,796,388,3.4914,153900,"INLAND"
48,1962,356,704,362,3.5313,147900,"INLAND"
52,4408,807,1604,777,3.8914,181600,"INLAND"
40,1394,397,689,353,1.7765,109800,"INLAND"
44,2092,555,878,528,1.5922,115100,"INLAND"
43,3807,952,1484,850,2.3266,137500,"INLAND"
52,2035,483,904,459,2.6976,109300,"INLAND"
52,576,146,273,127,2.01,94300,"INLAND"
48,2434,744,1281,662,1.6277,140600,"INLAND"
52,2151,664,1146,603,1.4034,90300,"INLAND"
52,1186,341,1038,320,1.6116,70500,"INLAND"
20,463,180,486,190,1.0313,85000,"INLAND"
52,1000,324,456,250,1.4375,168800,"INLAND"
5,761,306,2031,295,0.7526,162500,"INLAND"
20,4018,1220,1570,1122,2.5821,125000,"INLAND"
9,745,175,297,160,3.358,77500,"INLAND"
52,569,405,509,367,0.9196,137500,"INLAND"
42,1823,566,761,503,1.245,137500,"INLAND"
47,2438,804,1148,747,1.4301,141700,"INLAND"
52,567,193,272,187,1.625,187500,"INLAND"
49,1334,492,634,421,1.7568,93800,"INLAND"
38,2410,967,1091,829,1.2209,87900,"INLAND"
39,1360,368,589,338,2.1691,150000,"INLAND"
48,3136,926,1443,877,1.9034,123900,"INLAND"
38,2809,805,1243,785,1.8512,114100,"INLAND"
52,438,103,176,99,3.0217,2e+05,"INLAND"
50,3233,968,1223,837,1.2041,168100,"INLAND"
52,2501,757,1081,708,1.5872,157500,"INLAND"
52,2006,412,825,384,3.2963,236100,"INLAND"
52,3170,476,1027,457,4.63,233800,"INLAND"
52,1750,372,764,369,2.9191,111800,"INLAND"
52,810,172,326,151,3.1583,140000,"INLAND"
52,893,159,367,160,3.2386,213200,"INLAND"
52,1917,367,722,358,3.1484,158900,"INLAND"
52,1625,419,614,383,2.0549,156700,"INLAND"
41,1105,227,443,210,3.1827,131700,"INLAND"
45,2423,466,873,438,3.7167,131900,"INLAND"
52,906,165,257,166,2.8542,139400,"INLAND"
50,1533,288,532,257,2.5417,125900,"INLAND"
46,1316,244,452,245,3.0938,137800,"INLAND"
52,3994,635,1295,625,5.1169,232500,"INLAND"
52,3420,555,1301,530,4.0417,173800,"INLAND"
35,182,39,115,43,2.6417,98900,"INLAND"
44,3514,714,1509,656,2.7333,100100,"INLAND"
19,3374,808,1412,753,1.4889,77600,"INLAND"
52,1878,393,722,381,3.3348,122800,"INLAND"
51,1250,235,452,232,2.625,121200,"INLAND"
46,1698,383,726,386,2.9821,97000,"INLAND"
52,889,162,273,145,3.125,85600,"INLAND"
52,907,180,479,177,2.2125,104000,"INLAND"
52,3126,648,1789,558,1.7616,84100,"INLAND"
52,2094,463,1364,407,1.2235,68500,"INLAND"
48,1091,403,926,336,1.1458,65400,"INLAND"
52,1532,408,782,369,1.8911,85900,"INLAND"
51,2083,559,874,524,2.0221,95800,"INLAND"
44,1986,573,1044,490,1.7328,88100,"INLAND"
44,1151,263,518,258,2.0089,113600,"INLAND"
46,1476,344,688,353,2.7316,134700,"INLAND"
38,1145,324,596,288,1.78,114300,"INLAND"
42,900,239,506,231,1.2813,87500,"INLAND"
35,1521,457,987,455,1.9013,86900,"INLAND"
51,1492,385,736,365,1.7155,108800,"INLAND"
41,1124,344,807,316,1.4712,94600,"INLAND"
44,1375,351,766,321,2.1719,87500,"INLAND"
36,613,166,425,147,2.2031,93800,"INLAND"
45,858,254,510,200,1.0114,80000,"INLAND"
46,2646,645,1684,616,1.128,123100,"INLAND"
43,1048,312,1320,294,1.0649,137500,"INLAND"
45,3032,631,1341,597,2.8417,137900,"INLAND"
46,1485,278,531,291,2.7885,137200,"INLAND"
52,1844,392,667,353,3.0033,103500,"INLAND"
52,2515,460,836,442,3.3844,151100,"INLAND"
52,2784,455,957,448,5.6402,209800,"INLAND"
52,1777,368,624,350,3.6729,137800,"INLAND"
47,2313,536,779,442,2.5639,123000,"INLAND"
52,1145,133,334,138,8.338,405800,"INLAND"
51,4280,632,1486,621,5.0359,224100,"INLAND"
49,4094,634,1363,659,5.2362,236800,"INLAND"
44,1167,201,452,209,3.7344,179800,"INLAND"
52,2508,360,832,345,7.1035,228700,"INLAND"
52,2037,358,811,375,4.3929,162500,"INLAND"
50,1587,448,877,380,2.0833,94300,"INLAND"
52,1684,309,675,296,4.1467,175000,"INLAND"
52,2216,333,714,327,4.8603,191900,"INLAND"
52,814,216,327,181,2.8542,125000,"INLAND"
48,968,310,706,274,0.9948,65400,"INLAND"
29,1303,308,861,263,1.0208,55800,"INLAND"
47,2085,464,1346,402,1.2679,56700,"INLAND"
24,979,287,546,291,1.186,67000,"INLAND"
52,1384,295,561,244,2.0242,94600,"INLAND"
47,1159,250,810,244,2.7787,56000,"INLAND"
41,1278,308,839,280,1.4702,58300,"INLAND"
48,1001,205,605,175,1.8333,58200,"INLAND"
40,2077,435,1454,385,2.0074,57000,"INLAND"
29,1407,265,556,235,3.0521,108000,"INLAND"
43,2084,417,912,410,2.9769,92700,"INLAND"
44,1879,359,791,345,3.15,101500,"INLAND"
44,2570,509,1145,503,2.5694,92400,"INLAND"
48,3421,734,1441,727,1.9485,86600,"INLAND"
18,2525,501,1726,468,2.398,87600,"INLAND"
29,2358,493,1071,470,2.925,94300,"INLAND"
42,3321,688,1346,658,2.4618,101300,"INLAND"
47,2518,501,1308,471,2.5389,75700,"INLAND"
35,2061,371,1110,342,3.1944,79000,"INLAND"
37,1058,224,588,231,2.9737,72100,"INLAND"
37,1958,367,1171,366,2.8298,71200,"INLAND"
36,1581,288,832,291,3.4083,71800,"INLAND"
36,1488,294,846,279,3.1208,82700,"INLAND"
36,2430,426,1199,437,3.1667,81900,"INLAND"
37,1951,432,1089,411,2.3272,80600,"INLAND"
25,3087,720,2529,708,1.8689,66800,"INLAND"
21,3249,666,2611,663,1.9423,87800,"INLAND"
32,2828,556,1655,485,2.5574,72600,"INLAND"
43,2089,399,955,385,2.5898,72100,"INLAND"
30,3657,945,2925,899,1.3927,78300,"INLAND"
38,2080,388,995,380,2.7697,76600,"INLAND"
39,3184,593,1188,572,4.6923,192000,"INLAND"
37,3642,684,1508,657,3.5231,114300,"INLAND"
34,1613,265,631,266,4.25,191900,"INLAND"
36,2603,408,966,419,5.3135,216600,"INLAND"
37,2008,466,1261,427,2.2574,59100,"INLAND"
33,2918,439,1085,427,5.5208,171300,"INLAND"
31,1595,217,542,236,6.6112,251600,"INLAND"
30,3236,588,1167,569,4.0972,181400,"INLAND"
38,1451,315,786,340,2.3487,101600,"INLAND"
40,2966,536,1225,505,3.125,130600,"INLAND"
37,1655,393,841,355,1.6932,78400,"INLAND"
43,1378,280,708,280,2.3542,103900,"INLAND"
36,1824,357,906,356,2.9911,96400,"INLAND"
37,1902,413,955,384,3.1014,96800,"INLAND"
42,1468,281,571,271,3.3906,124200,"INLAND"
41,3364,685,1841,626,2.1975,73500,"INLAND"
37,1704,361,902,356,1.9837,62300,"INLAND"
36,2099,510,1845,483,1.4138,52500,"INLAND"
43,3215,725,2400,625,1.4625,54400,"INLAND"
44,543,146,506,125,1.3646,65400,"INLAND"
18,700,169,260,128,2.9219,152900,"INLAND"
32,2364,439,1331,449,3.319,84500,"INLAND"
30,1715,271,842,263,3.0313,87900,"INLAND"
29,2049,330,787,309,3.7414,98500,"INLAND"
30,3166,607,1857,579,3.1768,79500,"INLAND"
34,2815,479,1075,471,3.9792,164800,"INLAND"
31,3089,585,1366,561,4.2885,160300,"INLAND"
30,3377,623,1289,594,3.5737,171200,"INLAND"
23,6876,1456,2942,1386,3.0963,156900,"INLAND"
21,4426,790,1856,761,4.1,158300,"INLAND"
25,4719,745,1857,739,5.0371,180200,"INLAND"
14,5490,851,2415,837,6.5253,216800,"INLAND"
9,4868,738,2036,750,5.7621,204600,"INLAND"
15,6093,1051,2415,997,4.2075,183600,"INLAND"
17,8482,1590,3362,1513,4.2216,217900,"INLAND"
17,3087,477,1365,495,6.4667,216800,"INLAND"
20,6132,1324,2595,1174,3.1607,178900,"INLAND"
19,4900,805,2519,855,4.8497,184400,"INLAND"
5,27870,5027,11935,4855,4.8811,212200,"INLAND"
5,3344,800,1341,670,3.6196,152800,"INLAND"
6,9104,1535,3759,1481,5.1442,174500,"INLAND"
34,2561,497,1583,530,3.1583,95800,"INLAND"
24,979,201,723,205,2.5926,72300,"INLAND"
23,2679,792,1740,659,1.3679,70300,"INLAND"
26,1557,301,986,300,2.6613,77700,"INLAND"
29,3606,690,2317,696,2.7368,78200,"INLAND"
32,4013,725,2032,675,3.3689,83400,"INLAND"
26,3165,806,2447,752,1.5908,78600,"INLAND"
26,4629,832,2902,816,2.735,74600,"INLAND"
17,3595,790,2760,770,2.3233,78800,"INLAND"
25,2969,551,1745,487,2.6382,76200,"INLAND"
26,6121,1185,4224,1105,2.3496,68000,"INLAND"
24,2359,462,2048,476,3.2702,67300,"INLAND"
38,1865,384,1052,354,1.7891,60500,"INLAND"
38,1746,388,1142,315,1.7714,69900,"INLAND"
34,1893,415,884,395,2.1679,75400,"INLAND"
34,1717,354,848,306,2.4741,87000,"INLAND"
39,1453,324,843,281,1.7692,63900,"INLAND"
37,2745,588,1607,556,1.8007,65400,"INLAND"
36,1825,411,1226,391,1.5292,55700,"INLAND"
26,2177,638,1971,560,1.2575,66800,"INLAND"
18,2123,606,1576,599,1.5735,110000,"INLAND"
25,3033,665,1559,627,2.7101,99500,"INLAND"
17,1895,424,620,417,1.7188,137500,"INLAND"
52,20,4,74,9,3.625,80000,"INLAND"
42,2316,515,1597,522,1.8205,60400,"INLAND"
36,3446,950,2460,847,1.6521,69700,"INLAND"
29,4221,901,2294,850,2.2245,75900,"INLAND"
37,1705,325,827,326,2.6288,71200,"INLAND"
37,1477,321,888,312,2.5592,70300,"INLAND"
29,3873,797,2237,706,2.1736,72100,"INLAND"
32,2437,592,1596,557,1.68,84100,"INLAND"
34,1279,285,963,268,2.71,65600,"INLAND"
27,7212,1606,4828,1549,2.214,82400,"INLAND"
27,2527,439,1089,415,4.088,96800,"INLAND"
20,2033,586,1281,521,1.4007,97500,"INLAND"
15,7901,1422,4769,1418,2.8139,90400,"INLAND"
24,7740,1539,4333,1397,3.025,87900,"INLAND"
15,10211,1995,5656,1752,2.575,107900,"INLAND"
34,3573,662,1540,620,3.5323,109800,"INLAND"
31,4297,788,2083,771,3.3878,109300,"INLAND"
28,2780,510,1638,533,2.9571,103100,"INLAND"
12,4602,930,2299,860,3.0625,90500,"INLAND"
12,4929,1010,2621,870,2.7262,109800,"INLAND"
24,1766,340,1028,372,3.5402,98700,"INLAND"
8,3593,659,1710,530,3.5227,93100,"INLAND"
17,13180,2444,7235,2335,3.363,103000,"INLAND"
13,7880,1992,4749,1882,1.9657,116000,"INLAND"
12,7290,1283,3960,1248,3.5968,106300,"INLAND"
11,8537,1643,4224,1648,2.9647,108900,"INLAND"
19,1808,375,758,320,2.0062,92000,"INLAND"
21,2066,748,2548,734,1.3571,55000,"INLAND"
19,8507,1470,3517,1453,4.3644,137400,"INLAND"
23,2790,430,1407,460,4.3288,133700,"INLAND"
26,1532,264,781,285,4.6944,130900,"INLAND"
25,2171,431,1053,422,3.5278,126200,"INLAND"
18,1734,467,783,447,1.9044,154300,"INLAND"
26,2697,398,1088,389,5,142500,"INLAND"
14,2534,705,1495,583,1.9167,156300,"INLAND"
19,2497,494,748,442,2.925,142400,"INLAND"
38,152,30,65,35,0.9274,67500,"INLAND"
43,987,240,1253,237,0.9204,82100,"INLAND"
43,88,21,119,19,1.725,67500,"INLAND"
16,2987,864,1240,755,2.8231,137500,"INLAND"
17,7228,1369,2455,1365,5.1385,179500,"INLAND"
22,4899,847,1701,826,5.2449,387000,"INLAND"
33,2648,357,863,359,8.4016,338700,"INLAND"
25,2022,295,639,278,5.8416,297600,"INLAND"
16,4429,1124,1538,960,3.2443,190700,"INLAND"
22,2623,357,838,368,7.143,327800,"INLAND"
23,3713,1078,2194,1018,1.7451,89600,"INLAND"
35,1166,193,574,190,2.2452,102800,"INLAND"
36,1327,209,613,230,3.8672,111400,"INLAND"
33,2289,576,1100,503,2.1694,95700,"INLAND"
34,172,38,149,55,2.6442,55000,"INLAND"
36,3099,605,1322,623,3.4784,105500,"INLAND"
16,5407,1467,2523,1265,2.0471,104200,"INLAND"
18,5527,1446,2883,1305,2.6485,114500,"INLAND"
17,12355,3630,5692,3073,2.5245,99100,"INLAND"
18,6955,1882,2803,1740,3.089,141400,"INLAND"
36,2396,536,1225,515,2.9559,136600,"INLAND"
22,5773,1320,2607,1250,2.5238,118800,"INLAND"
37,1994,347,782,355,4.1488,136400,"INLAND"
36,1239,237,764,222,3.0156,103000,"INLAND"
33,2091,468,1053,470,2.2264,108100,"INLAND"
34,1151,234,563,251,2.8,113600,"INLAND"
25,2228,534,1130,481,2.5363,124600,"INLAND"
18,2614,624,1181,616,2.0432,156800,"INLAND"
36,2253,434,1018,426,3.2596,98700,"INLAND"
36,2019,369,878,356,2.8462,93400,"INLAND"
41,2577,365,913,339,6.3406,448300,"INLAND"
35,3137,544,1312,549,3.788,136800,"INLAND"
36,1119,144,414,150,5.8336,283300,"INLAND"
36,1249,159,362,143,6.8469,446400,"INLAND"
34,2888,496,1168,479,3.6053,148600,"INLAND"
36,2523,401,927,398,3.5179,207800,"INLAND"
37,2839,390,1006,400,7.3343,280400,"INLAND"
38,2968,475,1176,454,5.0497,191700,"INLAND"
38,1839,287,685,276,4.5313,189400,"INLAND"
36,2388,369,838,356,4.775,194100,"INLAND"
27,3900,776,1549,761,2.7788,115700,"INLAND"
27,4314,611,1662,575,5.0997,170100,"INLAND"
35,1930,328,805,338,4.4643,133000,"INLAND"
36,1275,227,530,245,3.875,133600,"INLAND"
35,2355,365,993,354,5.0492,144100,"INLAND"
29,1285,193,460,206,5.3243,265700,"INLAND"
32,3303,480,1185,436,5.0508,225700,"INLAND"
25,3196,406,978,419,8.4699,344000,"INLAND"
20,2992,378,1105,368,8.6572,320200,"INLAND"
18,1631,228,599,228,7.8031,267200,"INLAND"
23,2912,421,1132,410,5.9174,225900,"INLAND"
22,3273,480,1151,463,8.05,380000,"INLAND"
24,6540,1008,2667,1031,5.5632,175200,"INLAND"
28,6119,985,2631,934,4.875,146400,"INLAND"
28,4175,796,2032,830,3.4299,164000,"INLAND"
25,4916,1243,2140,1136,2.5511,134100,"INLAND"
37,2191,394,951,362,3.8882,159500,"INLAND"
34,2447,503,1077,456,3.058,133000,"INLAND"
30,2619,370,940,359,4.7283,164500,"INLAND"
36,322,48,133,59,4.6111,139300,"INLAND"
19,4563,1069,2256,926,2.1472,143400,"INLAND"
32,3658,797,1452,715,2.6623,120700,"INLAND"
37,494,86,253,99,4.8194,141100,"INLAND"
30,5996,1018,2532,1049,4.6127,151800,"INLAND"
27,1743,380,697,368,1.6678,166100,"INLAND"
34,2352,610,1127,592,2.2,116500,"INLAND"
41,774,144,356,150,3.5625,115300,"INLAND"
43,1077,199,447,182,3.0139,115600,"INLAND"
42,945,193,460,193,3.7569,127100,"INLAND"
39,823,146,329,144,3.0833,114100,"INLAND"
27,2375,537,863,452,3.0086,126900,"INLAND"
30,2930,739,1661,668,2.7813,118900,"INLAND"
34,1226,180,359,167,3.8068,150400,"INLAND"
35,2024,359,786,364,2.4632,156900,"INLAND"
27,5693,1487,2334,1387,2.2844,170500,"INLAND"
45,2696,624,1059,582,1.8176,160900,"INLAND"
30,3626,834,1577,806,2.517,130400,"INLAND"
31,1540,452,1079,444,1.8571,98700,"INLAND"
28,3671,886,1733,820,2.2292,113200,"INLAND"
33,3512,825,1515,782,1.9908,118800,"INLAND"
21,3260,763,1735,736,2.5162,97500,"INLAND"
33,3171,832,1591,695,2.0786,88600,"INLAND"
34,1126,256,589,243,2.1776,84400,"INLAND"
40,1134,252,675,249,1.3696,65200,"INLAND"
41,1087,272,462,219,2.0224,64900,"INLAND"
42,1385,273,740,274,2.6055,78000,"INLAND"
43,1009,225,604,218,1.6641,67000,"INLAND"
42,2217,536,1203,507,1.9412,73100,"INLAND"
36,1765,438,1008,382,2.0639,73000,"INLAND"
41,1404,313,765,330,1.8792,63300,"INLAND"
41,1578,317,897,333,2.3214,66800,"INLAND"
38,1384,287,682,280,1.9167,64400,"INLAND"
42,1720,382,1069,362,1.8611,60500,"INLAND"
44,1728,367,1042,349,1.6033,58500,"INLAND"
21,2274,495,1157,445,2.098,49800,"INLAND"
18,909,198,661,176,3.1696,77400,"INLAND"
34,2010,411,1501,422,2.0417,65900,"INLAND"
18,1756,442,837,320,1.125,70500,"INLAND"
25,1678,367,971,307,1.0398,62100,"INLAND"
28,1219,240,559,212,3.8295,122200,"INLAND"
38,1673,399,1116,382,1.3302,62200,"INLAND"
33,1077,271,753,236,1.3462,55900,"INLAND"
38,1402,370,970,382,1.6343,71000,"INLAND"
37,1607,385,972,354,1.9107,64700,"INLAND"
37,3009,733,1513,588,1.4387,61000,"INLAND"
5,2680,502,1885,498,2.6369,110000,"INLAND"
8,3746,767,2161,744,3.2039,103400,"INLAND"
14,3167,551,1787,533,3.8125,92600,"INLAND"
23,1481,343,1079,315,1.867,60600,"INLAND"
20,1517,323,1287,328,1.6607,67000,"INLAND"
26,3185,658,2444,626,1.56,67600,"INLAND"
28,1246,295,884,258,1.4397,51700,"INLAND"
37,1534,315,1147,322,2.5643,59800,"INLAND"
38,2419,605,1696,503,1.4861,63100,"INLAND"
32,2436,612,1509,618,1.0424,81400,"INLAND"
43,705,178,464,159,2.4205,60900,"INLAND"
35,3326,696,2511,649,1.9871,60900,"INLAND"
33,1591,466,1000,418,1.0467,70100,"INLAND"
44,2324,413,823,375,4.6625,158900,"INLAND"
46,1758,511,1094,484,1.0685,70000,"INLAND"
43,1111,269,613,290,1.2917,66300,"INLAND"
29,1978,538,823,490,1.9688,135600,"INLAND"
34,438,116,263,100,0.9379,67500,"INLAND"
29,2197,520,1374,483,2.1889,69300,"INLAND"
35,1372,360,850,328,1.6331,67500,"INLAND"
17,1269,233,494,231,3.9615,331300,"INLAND"
5,8149,1913,2933,1616,3.6788,178800,"INLAND"
6,12197,2617,5634,2329,3.7449,129300,"INLAND"
8,16679,3457,7919,3329,3.7188,134500,"INLAND"
5,1395,373,638,322,2.6745,225000,"INLAND"
6,693,143,276,151,3.1944,117000,"INLAND"
8,15309,2996,7463,2885,3.9143,129700,"INLAND"
6,4391,974,1982,914,3.4291,105300,"INLAND"
23,7709,1279,4147,1262,3.8272,96600,"INLAND"
18,1511,315,1062,304,2.3438,89400,"INLAND"
28,800,149,450,158,2.1029,108600,"INLAND"
32,541,82,229,98,8.0379,383300,"INLAND"
10,3054,528,1932,510,3.0903,91900,"INLAND"
25,1287,224,727,236,4.7396,135500,"INLAND"
26,1708,299,911,290,4.0227,99800,"INLAND"
25,2336,406,1172,408,3.5129,101200,"INLAND"
10,2562,460,1478,433,4.0625,96200,"INLAND"
24,2159,369,1141,355,3.9853,90400,"INLAND"
32,965,183,568,188,3.8611,93900,"INLAND"
28,927,165,542,148,2.5,96200,"INLAND"
19,2476,534,1355,463,2.0625,94400,"INLAND"
32,2118,345,1019,338,3.725,112200,"INLAND"
28,1601,308,848,305,3.6429,105200,"INLAND"
24,3124,556,1512,555,3.1942,94900,"INLAND"
32,2962,526,1542,521,2.2243,89200,"INLAND"
35,1299,254,705,245,2.8333,103000,"INLAND"
19,946,182,474,173,5.0155,97300,"INLAND"
11,3335,658,1963,622,3.3125,96800,"INLAND"
31,1007,181,563,185,3.625,91300,"INLAND"
35,1814,367,1076,372,2.7179,81100,"INLAND"
3,3438,603,1602,554,3.9914,120500,"INLAND"
50,880,150,1148,148,2.5062,112500,"INLAND"
29,2103,380,1124,387,3.0833,87000,"INLAND"
34,1086,187,663,190,3.3074,84200,"INLAND"
35,1643,298,831,305,4.0673,84200,"INLAND"
36,1775,296,937,305,3.1786,83400,"INLAND"
35,1851,327,1007,286,3.2361,84000,"INLAND"
35,2943,554,1460,510,2.6713,84400,"INLAND"
38,300,47,154,51,4.0909,108300,"INLAND"
35,1093,192,590,190,2.7009,80200,"INLAND"
29,3757,646,2022,611,3.5429,88200,"INLAND"
35,1620,276,939,277,2.5542,72900,"INLAND"
35,1565,290,861,277,2.4844,77000,"INLAND"
40,67,17,50,32,1.7596,93800,"INLAND"
36,1354,258,771,267,2.2723,78800,"INLAND"
36,1786,338,974,319,2.555,72700,"INLAND"
37,2176,460,1067,357,2.3958,78400,"INLAND"
38,1001,228,597,226,2.2788,73400,"INLAND"
35,562,174,240,106,0.9338,112500,"INLAND"
18,3938,649,1861,606,3.6484,95000,"INLAND"
25,3919,764,2203,783,2.2402,89500,"INLAND"
30,2897,506,1508,478,3.865,88400,"INLAND"
26,2230,410,1155,377,3.4911,88200,"INLAND"
16,2686,516,1553,529,3.7857,112700,"INLAND"
17,1968,364,996,331,3.7031,114300,"INLAND"
20,7085,1222,3455,1229,4.3118,120000,"INLAND"
18,7923,1558,3789,1473,3.5403,98600,"INLAND"
2,21897,3513,8652,2873,4.5432,151300,"INLAND"
7,4842,935,2857,907,3.9318,133000,"INLAND"
15,4680,758,2626,729,3.8355,107000,"INLAND"
13,6850,1400,4251,1421,3.6989,93300,"INLAND"
5,14414,2979,7608,2832,3.5802,129600,"INLAND"
17,2770,684,1471,624,2.3683,82500,"INLAND"
5,5819,1507,3237,1356,2.2339,116600,"INLAND"
9,3184,779,1929,769,2.3844,86000,"INLAND"
22,2878,599,1362,541,2.7955,96500,"INLAND"
17,4866,1056,2371,1030,2.4574,103300,"INLAND"
17,3778,939,2393,862,1.8972,100500,"INLAND"
34,825,173,355,130,3.1858,109500,"INLAND"
33,1503,282,652,229,3.6937,99300,"INLAND"
28,3379,552,1543,556,4.2743,124000,"INLAND"
34,1503,264,731,285,4.0352,118500,"INLAND"
35,643,117,331,134,3.0417,120700,"INLAND"
16,3154,860,1837,793,1.9805,92900,"INLAND"
8,3322,805,1694,774,2.7011,130700,"INLAND"
17,1149,257,583,243,2.8092,137500,"INLAND"
18,4164,963,2032,898,2.119,133100,"INLAND"
24,3313,769,1631,681,2.5556,105700,"INLAND"
14,756,141,424,155,3.6953,116100,"INLAND"
27,1672,299,757,282,3.6786,159700,"INLAND"
20,2498,546,1185,506,3.2243,107900,"INLAND"
15,4371,908,1842,818,2.7797,105500,"INLAND"
23,2446,523,1132,513,2.6266,198500,"INLAND"
27,1595,246,610,253,4.6,199000,"INLAND"
24,3533,741,1496,723,2.8106,183200,"INLAND"
12,2772,578,1335,565,3.8068,161000,"INLAND"
27,2203,493,1158,492,2.4342,119500,"INLAND"
17,2761,501,1128,482,3.7562,139700,"INLAND"
13,3033,540,1363,519,4.0036,161700,"INLAND"
23,1947,409,866,400,2.7181,156800,"INLAND"
19,1853,415,772,397,2.2574,135800,"INLAND"
20,4021,864,1658,730,2.4537,153000,"INLAND"
22,1778,408,875,375,2.6023,142200,"INLAND"
11,1716,404,722,415,2.0926,166100,"INLAND"
21,2453,518,1326,505,2.7079,148000,"INLAND"
20,5801,1148,2586,1063,3.9063,162100,"INLAND"
25,4260,607,1635,640,6.2817,288200,"INLAND"
24,2868,527,1284,487,3.3182,213000,"INLAND"
31,1817,372,992,339,3.0972,150000,"INLAND"
20,7003,1409,3107,1315,3.0348,150500,"INLAND"
31,3114,430,1121,456,6.244,240000,"INLAND"
29,2430,448,1087,394,3.0864,177900,"INLAND"
33,898,190,470,201,2.6897,148300,"INLAND"
22,3902,845,1870,763,2.774,190200,"INLAND"
17,992,151,316,159,6.6238,326700,"INLAND"
20,5001,830,2330,830,4.0833,160000,"INLAND"
19,5407,838,1927,804,4.6302,195400,"INLAND"
19,8501,1558,3576,1467,3.6523,158500,"INLAND"
27,1713,282,761,295,5.2081,136400,"INLAND"
26,1604,245,751,267,4.7381,140500,"INLAND"
26,1149,193,500,194,5.078,163400,"INLAND"
21,1276,208,501,205,3.95,143600,"INLAND"
23,2628,499,1210,453,3.0952,157700,"INLAND"
21,2759,409,1053,374,5.5,165700,"INLAND"
21,3824,634,1818,600,3.712,139000,"INLAND"
28,3391,550,1546,553,4.2188,139200,"INLAND"
26,3192,447,1132,418,4.5278,144300,"INLAND"
36,1665,293,846,306,3.5852,121600,"INLAND"
15,6940,1019,2829,990,5.4889,232300,"INLAND"
14,3443,510,1413,505,5.6529,196000,"INLAND"
13,4491,689,1657,667,5.259,249400,"INLAND"
19,2926,476,1349,480,4.6437,212900,"INLAND"
19,3243,546,1334,515,4.8088,169500,"INLAND"
14,3335,440,1329,429,6.2082,250300,"INLAND"
17,7741,1401,3153,1331,3.7869,216100,"INLAND"
26,3670,556,1616,550,5.02,169600,"INLAND"
19,3170,444,1344,452,6.1183,221600,"INLAND"
19,1891,266,678,255,6.1872,188700,"INLAND"
15,2642,520,1032,475,4.1382,189800,"INLAND"
21,2764,363,902,360,5.6864,258700,"INLAND"
17,2655,421,991,384,4.6484,270600,"INLAND"
25,2787,601,1247,522,2.9016,159800,"INLAND"
22,1597,280,657,273,4.3098,213500,"INLAND"
40,1098,175,415,160,4.8375,217400,"INLAND"
33,1984,289,842,276,5.2949,173300,"INLAND"
27,2744,464,1340,452,3.8816,147300,"INLAND"
24,3459,573,1336,544,4.8661,186200,"INLAND"
36,120,16,30,14,10.2264,350000,"INLAND"
19,3574,669,1373,643,3.6298,242100,"INLAND"
8,4053,912,2033,897,2.8973,117100,"INLAND"
14,5827,1246,2578,1038,3.0212,112900,"INLAND"
35,3095,594,1550,576,3.575,113500,"INLAND"
15,5828,1051,2868,1037,3.7813,143200,"INLAND"
14,11442,2690,6068,2435,2.6016,121200,"INLAND"
18,7334,1332,3339,1271,3.235,124700,"INLAND"
21,6575,1105,3358,1098,4.0739,115400,"INLAND"
11,13796,2372,6000,2250,3.8776,124500,"INLAND"
13,5826,1411,2244,1219,1.9093,142900,"INLAND"
17,5434,1106,2755,1047,2.8226,99900,"INLAND"
32,1875,361,1027,343,3.5769,103800,"INLAND"
15,2514,482,1166,503,2.2813,131900,"INLAND"
11,2306,420,1308,418,3.9506,122200,"INLAND"
14,4594,774,2474,782,4.5245,127500,"INLAND"
18,3998,744,2071,660,4.3836,102000,"INLAND"
17,3214,551,1879,562,4.3643,124900,"INLAND"
16,2966,578,1365,480,3.2444,118400,"INLAND"
16,3592,642,1740,629,3.0703,126000,"INLAND"
15,2226,421,1004,417,2.7868,117800,"INLAND"
15,3137,509,1635,544,4.6923,122700,"INLAND"
25,1252,207,587,217,3.5893,146400,"INLAND"
10,3908,890,1898,798,2.8426,130600,"INLAND"
21,3455,706,1605,704,3.1382,91600,"INLAND"
26,1387,226,807,244,4.1563,135700,"INLAND"
17,2683,704,1410,659,1.962,130200,"INLAND"
17,2767,584,1275,568,2.5909,125400,"INLAND"
27,1998,353,970,343,4.8224,115500,"INLAND"
31,2532,479,1396,467,4.0417,114500,"INLAND"
12,5098,1094,2029,1065,3.5444,132500,"INLAND"
13,2135,429,779,432,3.6995,134900,"INLAND"
16,5179,1271,2181,1151,2.1009,82500,"INLAND"
22,1194,207,545,223,3.8603,134300,"INLAND"
15,4018,850,2070,814,3.0733,119800,"INLAND"
19,2655,438,1253,454,5.2817,140600,"INLAND"
20,1234,208,649,211,4.8523,143000,"INLAND"
32,2915,492,1292,454,3.3188,117100,"INLAND"
23,2145,340,1022,349,4.2037,125400,"INLAND"
16,3747,586,1817,590,4.6488,145300,"INLAND"
16,3389,597,1674,568,4.4489,145600,"INLAND"
4,3080,827,1195,683,2.7477,133000,"INLAND"
13,3243,488,1585,480,5.7133,166800,"INLAND"
16,3262,533,1794,543,4.2464,144400,"INLAND"
17,3917,638,1809,564,5.2586,137000,"INLAND"
17,3050,481,1490,489,4.5562,134500,"INLAND"
24,1014,185,606,194,4.1607,112800,"INLAND"
20,1402,236,676,236,3.7426,135500,"INLAND"
15,1497,243,730,242,4.9688,135600,"INLAND"
13,4256,619,1948,622,5.2051,167400,"INLAND"
13,503,70,267,77,6.1943,276100,"INLAND"
14,6155,1034,2407,941,4.2262,244300,"INLAND"
18,1830,313,905,361,4.2273,141800,"INLAND"
16,3185,886,1550,802,2.5199,149000,"INLAND"
8,1145,241,447,216,4.0781,124300,"INLAND"
15,2116,524,866,519,2.7388,111600,"INLAND"
15,1701,346,723,352,3.8906,128700,"INLAND"
16,3467,615,1478,601,3.75,147300,"INLAND"
23,1727,264,833,258,5.4797,160000,"INLAND"
29,1087,174,430,174,4.3625,158800,"INLAND"
20,1881,378,921,360,1.8589,144000,"INLAND"
20,1992,363,889,346,3.6516,130500,"INLAND"
15,6838,941,3166,926,5.2177,162700,"INLAND"
16,4082,666,1912,652,4.4609,142900,"INLAND"
14,3713,637,1845,635,4.3009,143400,"INLAND"
9,7812,1348,3275,1178,4.3826,146600,"INLAND"
5,7138,1227,2623,1139,5.6902,243200,"INLAND"
7,7104,970,2772,920,6.3528,274500,"INLAND"
28,2970,471,1379,463,4.3214,131700,"INLAND"
26,3077,607,1603,595,2.7174,137500,"INLAND"
10,6262,1278,2954,1169,3.4506,139000,"INLAND"
23,1843,273,818,276,4.4695,214700,"INLAND"
18,4947,714,2227,675,4.8542,170500,"INLAND"
19,5268,849,2357,849,3.9226,148700,"INLAND"
27,5266,971,2432,948,3.8954,133000,"INLAND"
28,3558,589,1742,581,4.0182,131700,"INLAND"
9,2200,422,938,369,3.4896,143800,"INLAND"
11,5500,956,2827,946,4.1071,145800,"INLAND"
20,1412,226,700,227,4.05,130700,"INLAND"
19,2987,626,1610,605,3.0533,112100,"INLAND"
16,1754,284,773,277,4.817,147000,"INLAND"
26,1546,287,773,299,2.9803,115400,"INLAND"
10,3875,668,1632,593,4.6902,171000,"INLAND"
26,1937,286,769,274,6.1185,179200,"INLAND"
17,1605,217,732,241,5.47,204800,"INLAND"
52,240,44,6675,29,6.1359,225000,"INLAND"
15,3084,557,1040,562,2.5183,293300,"INLAND"
37,1252,267,686,256,3,121900,"INLAND"
42,2101,480,945,426,2.3333,116000,"INLAND"
21,6198,1223,2827,1179,3.7796,159000,"INLAND"
6,9798,1551,4583,1494,5.0159,189600,"INLAND"
21,3517,667,1687,655,3.1161,131600,"INLAND"
2,12360,1747,4438,1470,6.2503,222500,"INLAND"
8,530,109,398,96,4.2031,212500,"INLAND"
6,6873,959,2354,931,6.8869,263100,"INLAND"
16,2574,441,1041,428,3.6645,203400,"INLAND"
4,11021,1565,3857,1494,7.2582,273200,"INLAND"
25,394,94,155,83,2.233,55000,"INLAND"
35,7088,1279,4885,1272,2.6981,112500,"INLAND"
35,3295,560,1454,536,3.1711,101900,"INLAND"
21,9774,1777,4674,1712,3.6817,136100,"INLAND"
24,4378,910,2149,812,2.5035,123700,"INLAND"
17,13553,2474,6544,2359,3.9727,132700,"INLAND"
25,2707,464,1423,490,4.3235,116900,"INLAND"
32,9534,1819,4951,1710,3.3926,103400,"INLAND"
13,2321,539,1066,497,2.7652,95600,"INLAND"
22,2938,619,1501,561,2.7356,96100,"INLAND"
23,2547,504,1235,469,2.4722,103300,"INLAND"
26,1814,299,963,317,4.4519,110500,"INLAND"
17,6663,1369,2840,1299,2.9452,115600,"INLAND"
25,1122,198,564,213,3.1654,111600,"INLAND"
17,1671,378,848,351,3.1194,112500,"INLAND"
29,1276,225,600,223,4.0938,109100,"INLAND"
15,3369,499,1733,470,5.31,127500,"INLAND"
17,3608,682,1694,666,3.311,109400,"INLAND"
25,692,146,504,167,3.6897,101100,"INLAND"
18,1169,186,614,192,4.5766,108700,"INLAND"
13,4715,1090,2420,1059,2.9693,104400,"INLAND"
18,224,38,95,41,3.1042,165000,"INLAND"
19,2653,680,1419,579,2.3787,91300,"INLAND"
10,2421,580,962,497,2.5035,112500,"INLAND"
9,2748,521,1663,565,3.5192,113300,"INLAND"
22,1229,253,733,250,2.5,101600,"INLAND"
17,1621,350,706,338,2.3684,150000,"INLAND"
3,4188,1136,2081,995,3.0481,92500,"INLAND"
19,2460,470,1346,480,3.6563,95600,"INLAND"
25,3002,718,1660,613,2.1116,89600,"INLAND"
29,2748,563,1619,525,2.8966,92400,"INLAND"
12,2975,628,1440,593,2.9896,118600,"INLAND"
11,2838,498,1701,504,4.1447,114000,"INLAND"
12,16239,3358,8656,3234,3.5691,116300,"INLAND"
19,6308,1167,3012,1112,2.9464,113500,"INLAND"
16,3895,896,1762,855,2.6635,135800,"INLAND"
18,2129,363,815,347,2.7679,118000,"INLAND"
26,1793,244,653,235,5.6485,129500,"INLAND"
16,2629,491,1265,485,4.5066,140200,"INLAND"
17,1605,258,748,262,5.0917,134100,"INLAND"
14,5737,1008,2731,983,4.4602,134500,"INLAND"
18,4481,780,2211,775,3.9934,123300,"INLAND"
22,2607,411,1216,407,5.0427,126900,"INLAND"
33,1191,198,554,191,2.8021,118800,"INLAND"
16,2278,370,1203,371,5.0622,132400,"INLAND"
17,6225,938,3064,947,5.2881,138000,"INLAND"
21,2713,432,1287,440,4.5815,125500,"INLAND"
20,1232,332,667,288,1.8288,32500,"INLAND"
27,1827,509,852,450,2.0901,52500,"INLAND"
19,822,134,457,133,4.15,157500,"INLAND"
29,2337,391,1054,352,4.2206,157700,"INLAND"
4,20982,3392,10329,3086,4.3658,130600,"INLAND"
4,14418,2282,6578,2140,4.5604,145900,"INLAND"
3,2696,384,990,316,5.4445,237600,"INLAND"
19,2780,414,1320,404,5.8831,209900,"INLAND"
2,6992,1132,2816,984,4.3879,144400,"INLAND"
14,3205,465,1439,456,5.7452,240900,"INLAND"
17,4401,655,1970,639,5.8239,247500,"INLAND"
6,3254,465,1168,345,5.1811,188400,"INLAND"
14,3727,685,1741,646,3.5625,125700,"INLAND"
18,2643,502,1755,541,3.3281,91200,"INLAND"
7,6091,921,2916,886,4.7557,150400,"INLAND"
10,3425,629,1538,587,4.45,138700,"INLAND"
15,4155,637,1722,616,4.8831,154400,"INLAND"
15,1883,254,893,256,6.2575,143500,"INLAND"
11,2322,459,1373,424,3.175,94400,"INLAND"
18,4813,849,2333,843,4.175,144400,"INLAND"
10,5121,763,2568,758,5.2447,148100,"INLAND"
10,1034,153,478,155,7.0326,241100,"INLAND"
14,2634,463,1402,432,3.8897,175700,"INLAND"
14,2655,441,1277,422,4.6989,213800,"INLAND"
20,2054,339,934,336,4.5368,219300,"INLAND"
17,2193,386,1148,372,4.5272,191700,"INLAND"
17,1144,202,626,178,4.4107,151600,"INLAND"
14,1357,247,695,224,4.1974,157800,"INLAND"
20,1732,307,999,305,3.9808,160200,"INLAND"
20,1314,229,712,219,4.4125,144600,"INLAND"
11,1554,260,793,233,4.8073,156700,"INLAND"
17,2756,557,1986,530,3.2234,82000,"INLAND"
14,980,171,659,183,4.4306,170100,"INLAND"
16,1708,391,687,378,1.9485,155400,"INLAND"
19,1403,276,901,290,3.215,104600,"INLAND"
22,1768,396,1005,420,1.8846,88300,"INLAND"
4,6125,1063,3077,953,4.1179,134600,"INLAND"
27,2475,548,1703,517,2.5727,86100,"INLAND"
8,10505,1777,6002,1694,4.0516,121200,"INLAND"
11,5665,1507,3422,1299,2.3343,97800,"INLAND"
18,1378,235,818,262,4.0625,100300,"INLAND"
21,1787,291,988,301,4.35,96200,"INLAND"
16,1215,223,787,233,4.1597,95900,"INLAND"
5,5666,1178,3139,1131,3.3608,108900,"INLAND"
10,4446,897,2499,884,3.5461,103600,"INLAND"
3,39320,6210,16305,5358,4.9516,153700,"INLAND"
24,1605,277,1966,250,3.0833,162500,"INLAND"
32,1441,261,629,249,4.4519,137500,"INLAND"
36,1212,255,569,256,2.0048,72900,"INLAND"
47,1396,254,630,218,2.8616,92500,"INLAND"
43,1906,327,996,314,2.9744,136800,"INLAND"
52,910,212,429,212,1.6458,52800,"INLAND"
36,1395,264,700,244,2.4353,162500,"INLAND"
19,4896,1083,2150,905,3.3398,89700,"INLAND"
17,3610,593,1734,559,5.8324,374200,"INLAND"
21,2471,473,1753,451,4.025,293800,"INLAND"
27,2049,417,1230,336,4.6477,265900,"INLAND"
23,3359,725,1862,651,2.6719,193600,"INLAND"
36,1019,168,602,169,2.625,210000,"INLAND"
21,3416,624,1862,595,4.7813,241500,"<1H OCEAN"
20,1345,230,731,217,4.2333,363300,"INLAND"
11,1613,335,1617,342,3.1375,146200,"INLAND"
41,440,106,389,94,2.6818,225000,"INLAND"
11,1708,394,1474,372,2.8839,145900,"INLAND"
50,2666,613,1768,555,2.6598,157300,"INLAND"
52,1860,400,1215,367,2.9554,136500,"INLAND"
40,2352,536,1430,535,3.0912,155300,"INLAND"
23,1771,356,1105,338,3.7049,192200,"INLAND"
36,1256,270,910,255,1.9405,145400,"INLAND"
13,4115,782,2903,747,3.7316,192400,"INLAND"
6,3769,669,2061,648,4.1875,217600,"INLAND"
11,1996,382,1023,358,3.5714,243000,"INLAND"
17,2625,512,1487,481,3.6354,221200,"INLAND"
14,3658,612,1951,600,4.76,216000,"INLAND"
11,3701,739,1749,654,3.067,207900,"INLAND"
7,1644,338,1143,331,4.005,180400,"INLAND"
7,1626,325,677,304,2.3125,170800,"INLAND"
30,516,90,288,95,3.6333,202500,"INLAND"
7,4609,741,1660,720,5.0871,290500,"INLAND"
15,2638,429,1289,357,4.1528,336800,"INLAND"
23,395,70,166,52,2.2132,1e+05,"INLAND"
52,1691,301,618,239,3.2292,225000,"<1H OCEAN"
4,22128,3522,10450,3258,6.1287,289600,"<1H OCEAN"
2,556,63,179,54,8.4411,500001,"<1H OCEAN"
14,5622,861,3108,821,5.7763,206700,"INLAND"
3,9662,1385,2497,856,6.7172,292400,"<1H OCEAN"
4,9755,1748,4662,1583,5.6501,254900,"<1H OCEAN"
16,13290,2062,6931,2023,5.228,187800,"<1H OCEAN"
10,10856,2278,6474,2199,3.851,137200,"INLAND"
4,8301,1333,3941,1236,6.2141,252200,"<1H OCEAN"
13,984,127,364,119,7.5839,426900,"<1H OCEAN"
40,1092,213,457,190,5.1165,184200,"<1H OCEAN"
28,1437,295,724,262,2.725,140200,"INLAND"
10,1979,454,1117,389,3.7802,107300,"INLAND"
25,1719,331,1098,324,3.625,121800,"INLAND"
29,1276,283,1216,316,2.5972,134300,"INLAND"
31,1840,380,1187,357,3.8875,129200,"INLAND"
30,4255,773,2129,730,4.5185,142500,"INLAND"
35,3222,559,1970,550,3.7083,131000,"INLAND"
34,4055,739,2470,753,3.8586,136000,"INLAND"
14,4136,886,2026,788,3.2344,128200,"INLAND"
24,1948,362,1286,364,3.6,139300,"INLAND"
33,4674,791,2769,784,4.1448,137300,"INLAND"
33,1552,288,1326,303,3.7969,128400,"INLAND"
29,873,226,649,198,2.7986,114400,"INLAND"
25,1881,433,1337,417,2.5536,144000,"INLAND"
25,2054,609,2271,564,2.3049,150000,"INLAND"
7,732,145,431,132,2.9107,95300,"INLAND"
27,2127,628,1970,534,1.4722,91300,"INLAND"
25,1859,463,1070,374,2.5395,187500,"INLAND"
10,1875,366,1055,363,4.3264,128900,"INLAND"
24,2834,470,1815,471,4.7357,162500,"INLAND"
16,1458,295,912,331,3.625,160400,"INLAND"
20,2281,444,1545,481,2.5735,130500,"INLAND"
31,2220,526,1662,472,2.7321,104300,"INLAND"
8,1841,409,1243,394,4.0614,107000,"INLAND"
5,4459,896,2028,881,4.0096,182600,"INLAND"
13,5301,1025,2870,984,3.5954,163000,"INLAND"
20,1950,310,1054,312,4.625,222100,"INLAND"
17,4098,733,1859,713,2.9811,231800,"INLAND"
17,2902,476,1652,479,5.6029,161800,"INLAND"
17,1781,262,860,256,6.5958,236800,"INLAND"
36,2340,392,1213,388,4.125,213000,"INLAND"
15,4363,690,2410,666,5.4824,179700,"INLAND"
5,3761,580,2335,648,5.7338,225400,"INLAND"
28,707,154,561,129,2.5781,111600,"INLAND"
15,4905,711,2711,762,5.7021,193100,"INLAND"
17,12689,2426,7343,2230,3.6361,157700,"INLAND"
11,3467,749,2163,676,3.4267,164400,"INLAND"
20,8561,1411,4861,1450,4.7056,165500,"INLAND"
16,2859,668,1946,591,3.0396,124300,"INLAND"
20,6374,1412,3690,1350,3.4184,162500,"INLAND"
20,7326,1555,5718,1538,3.2073,123500,"INLAND"
30,2598,573,2170,518,2.3,95600,"INLAND"
24,1033,189,486,204,4.1719,213500,"INLAND"
25,3430,485,1284,438,8.5282,360100,"INLAND"
16,2896,404,1165,379,6.4559,392900,"INLAND"
4,4082,578,1996,580,6.7813,286300,"INLAND"
4,4791,695,1871,659,6.9532,277000,"INLAND"
11,3628,469,1488,463,7.0844,325000,"INLAND"
8,1692,253,857,251,6.9418,310500,"INLAND"
20,2524,311,965,285,8.0103,395500,"INLAND"
16,2196,287,949,289,8.6573,354000,"INLAND"
8,2915,371,1271,354,7.9627,345400,"INLAND"
10,2846,362,1221,355,7.7234,304100,"INLAND"
17,3229,405,1289,407,6.3842,307100,"INLAND"
15,3162,495,1145,473,5.3525,191700,"INLAND"
19,3995,554,1523,509,6.075,254100,"INLAND"
22,2272,278,933,305,8.8204,390500,"INLAND"
9,3877,490,1815,490,8.4839,406700,"INLAND"
24,2121,296,913,302,5.9328,255900,"INLAND"
17,3006,427,1291,406,6.2083,242700,"INLAND"
4,4323,775,1479,663,6.0758,226800,"INLAND"
18,3605,534,1682,480,5.8407,202900,"INLAND"
29,2927,634,1710,623,3.6219,176600,"INLAND"
16,2129,420,932,379,2.5868,146900,"INLAND"
30,2674,428,1404,456,4.2969,165600,"INLAND"
16,2427,522,794,491,2.6929,119300,"INLAND"
16,2181,321,1133,350,5.7214,259400,"INLAND"
16,3190,471,1414,464,5.5292,208600,"INLAND"
16,3853,541,1726,497,6.1195,251100,"INLAND"
19,3445,661,1635,580,5.0681,230500,"INLAND"
27,2298,340,1071,369,6.5587,239000,"INLAND"
28,2788,370,1140,385,5.3368,233500,"INLAND"
17,3759,1035,1722,847,2.6074,137500,"INLAND"
11,7392,1796,3841,1621,2.8326,163000,"INLAND"
28,1263,248,601,219,3.875,174000,"INLAND"
19,2969,605,1326,573,4.3438,155700,"INLAND"
19,1688,365,622,322,3.6,136400,"INLAND"
37,1971,345,939,358,3.4634,145300,"INLAND"
26,1855,553,1109,536,2.2429,150000,"INLAND"
30,1461,341,1014,345,2.4667,106000,"INLAND"
22,1547,334,773,316,2.9812,148800,"INLAND"
17,4418,1256,2417,1094,2.7266,101000,"INLAND"
26,1151,200,593,188,3.6667,166300,"INLAND"
20,2462,496,1117,458,3.2321,162500,"INLAND"
23,1426,313,954,319,3.0357,151500,"INLAND"
33,2446,396,1209,412,4.3958,145600,"INLAND"
20,3216,516,1655,524,5.1261,158800,"INLAND"
17,1869,311,831,262,6.148,243900,"INLAND"
31,2561,414,1204,435,4.4637,192800,"INLAND"
15,4799,1209,2554,1057,2.6582,122800,"INLAND"
8,3557,890,2251,765,2.6818,114100,"INLAND"
34,2839,659,1822,631,3.05,121300,"INLAND"
46,1214,281,701,294,2.7083,116300,"INLAND"
44,1526,337,831,326,3.0284,115800,"INLAND"
44,2808,585,1444,550,2.7159,139300,"INLAND"
21,5662,1185,3067,1055,3.3482,137300,"INLAND"
28,2459,492,1230,498,3.0978,137200,"INLAND"
29,1840,388,1278,368,3.5036,123400,"INLAND"
24,2626,692,2204,647,1.7806,135000,"INLAND"
32,1775,314,1067,302,4.0375,121300,"INLAND"
35,2621,391,1074,391,4.7176,166400,"INLAND"
38,2750,572,1410,483,3.3836,144900,"INLAND"
37,2454,511,1165,504,2.9474,139600,"INLAND"
24,4043,952,2174,859,2.2244,114900,"INLAND"
36,2072,408,964,395,2.8702,137000,"INLAND"
33,2081,409,1008,375,2.587,138100,"INLAND"
36,1485,236,623,261,3.3036,141000,"INLAND"
33,3659,590,1773,615,3.9227,157200,"INLAND"
37,2576,468,1284,428,3.3958,130400,"INLAND"
43,1970,379,1036,391,3.2083,122800,"INLAND"
52,2264,439,1031,437,3.375,144300,"INLAND"
40,1609,258,624,242,5.4689,158200,"INLAND"
35,1254,241,729,253,3.495,118000,"INLAND"
33,1987,455,1369,475,2.4464,122600,"INLAND"
38,1810,371,1257,354,3.8355,111700,"INLAND"
39,2650,511,1537,495,3.4432,106700,"INLAND"
15,4061,811,2884,734,3.3936,127000,"INLAND"
30,1372,235,1047,225,3.1597,116300,"INLAND"
19,3490,816,2818,688,2.8977,126200,"INLAND"
26,3271,595,2259,566,4.0139,132000,"INLAND"
22,2626,631,1678,557,3.125,111800,"INLAND"
24,2801,554,2064,529,4.4946,136000,"INLAND"
20,3550,736,2229,681,3.0199,128800,"INLAND"
23,1945,362,1483,383,4.4205,135500,"INLAND"
11,2000,391,1503,426,4.6167,144000,"INLAND"
15,2700,460,1432,449,4.9063,159800,"INLAND"
35,2501,651,1182,591,1.4464,113200,"INLAND"
52,1041,252,558,231,1.9236,117200,"INLAND"
41,465,130,349,138,2.0893,112500,"INLAND"
16,6009,1599,5110,1389,2.5677,128900,"INLAND"
30,2787,713,2647,693,2.2765,98100,"INLAND"
38,2450,544,1823,536,2.837,111200,"INLAND"
52,1644,372,1269,355,2.6913,108300,"INLAND"
26,1592,429,1182,365,2.4583,110400,"INLAND"
39,1405,339,1489,336,1.608,91800,"INLAND"
41,1171,334,1479,334,2.25,90500,"INLAND"
43,763,219,851,198,1.7292,79200,"INLAND"
50,637,143,590,147,1.9659,85700,"INLAND"
39,1210,310,1294,303,2.3636,88300,"INLAND"
36,2341,520,2138,523,2.3347,104000,"INLAND"
33,960,216,831,222,2.5391,108600,"INLAND"
6,5129,1119,2533,949,3.625,113600,"INLAND"
16,3260,501,1973,535,4.6563,162000,"INLAND"
16,2081,348,1332,356,4.7872,147600,"INLAND"
14,2644,525,2021,511,3.6467,147500,"INLAND"
10,3657,695,2079,663,4.2054,159900,"INLAND"
6,2833,628,1717,589,3.2062,167500,"INLAND"
13,2295,374,1284,378,5.2551,194300,"INLAND"
27,574,103,321,103,3.9107,186500,"INLAND"
9,2107,411,1138,389,4.4042,159100,"INLAND"
14,2137,345,1151,352,5.753,185500,"INLAND"
16,3042,524,1516,475,4.8906,178500,"INLAND"
11,3358,504,1690,482,6.7544,207900,"INLAND"
15,4420,903,2373,858,3.449,149100,"INLAND"
28,2360,607,2623,592,2.5048,1e+05,"INLAND"
32,1129,251,1378,268,3.0057,96900,"INLAND"
27,1407,362,1684,350,2.1944,95700,"INLAND"
11,2050,382,1044,371,4.8281,137000,"INLAND"
21,1801,507,2556,484,2.4716,102500,"INLAND"
10,3194,579,2088,549,4.1779,159100,"INLAND"
10,4887,930,2637,831,4.0611,158000,"INLAND"
13,4864,729,2780,723,5.6168,175400,"INLAND"
9,4265,587,2280,589,5.5632,195100,"INLAND"
15,3942,661,2240,621,4.8311,176000,"INLAND"
16,2040,325,1207,324,5.0431,164100,"INLAND"
15,1791,346,1219,328,3.8125,170300,"INLAND"
16,2103,348,1305,356,5.2849,160400,"INLAND"
16,1499,232,918,239,5.5677,175400,"INLAND"
33,883,211,1007,210,2.8281,103600,"INLAND"
8,4116,766,1785,745,3.1672,150200,"INLAND"
12,5616,871,3019,782,5.5425,202300,"INLAND"
6,248,47,119,42,2.125,416700,"INLAND"
25,352,41,99,34,3.9696,5e+05,"INLAND"
8,63,9,25,7,7.7197,275000,"INLAND"
29,1005,152,513,149,2.4375,181300,"INLAND"
5,1387,236,855,270,5.411,201100,"INLAND"
26,1225,199,717,204,2.7284,225000,"INLAND"
36,447,95,2886,85,4.2578,183300,"INLAND"
2,7544,1516,2801,1001,4.0037,245200,"INLAND"
3,12806,2219,4249,1499,5.485,343100,"INLAND"
5,6135,879,2795,781,5.9369,225200,"INLAND"
4,17577,2819,7766,2473,5.1333,181800,"INLAND"
16,2114,374,1463,399,3.9241,131500,"INLAND"
21,2455,381,1094,327,4.6437,191700,"INLAND"
2,11965,1802,4436,1296,5.285,191700,"INLAND"
2,718,98,119,50,4.1,315000,"INLAND"
3,5710,919,2874,886,5.3638,206300,"INLAND"
10,9467,1181,3819,1122,7.8252,361400,"INLAND"
7,11818,1745,5499,1600,5.3678,231700,"INLAND"
16,13556,1704,5669,1668,6.5138,311500,"INLAND"
14,15809,2485,7363,2410,5.5198,245600,"INLAND"
21,8416,1386,4308,1341,4.4611,164600,"INLAND"
17,6709,1198,3954,1161,4.6997,156900,"INLAND"
10,20263,3915,9716,3744,3.8505,169600,"INLAND"
14,11635,2055,6443,2009,4.7547,157600,"INLAND"
18,6025,1062,3360,1028,4.8889,155700,"INLAND"
4,6956,1271,3455,1228,4.7193,178700,"INLAND"
4,5351,1210,2988,1101,3.7973,181300,"INLAND"
9,18956,4095,10323,3832,3.6033,132600,"INLAND"
17,3646,1035,1987,895,2.3603,139300,"INLAND"
4,6360,1584,3359,1396,3.5186,127800,"INLAND"
27,754,200,746,185,1.9531,100800,"INLAND"
16,2401,465,1757,500,3.9755,120400,"INLAND"
4,2152,580,1083,441,3.1458,118800,"INLAND"
16,3443,562,2130,564,5.0769,161400,"INLAND"
14,1463,261,881,245,4.7857,152500,"INLAND"
4,5998,1092,3182,1042,5.2692,174800,"INLAND"
5,6933,1311,3845,1285,4.6727,158900,"INLAND"
18,5605,1303,4028,1145,2.9386,116400,"INLAND"
5,2185,488,1379,458,3.7917,103000,"INLAND"
4,11587,1796,5804,1705,4.8283,141900,"INLAND"
7,5954,1071,3567,1070,3.2056,134100,"INLAND"
16,5058,965,3388,878,3.6417,119000,"INLAND"
10,714,131,381,119,0.8926,116100,"INLAND"
6,10565,1767,5690,1555,4.1797,141000,"INLAND"
35,908,226,667,203,2.5833,93500,"INLAND"
7,1759,473,1064,328,1.9583,108800,"INLAND"
8,4711,963,3310,988,3.5488,101600,"INLAND"
32,3170,630,2612,580,3.6394,99200,"INLAND"
32,1650,328,1124,290,3.1838,98600,"INLAND"
30,2287,531,1796,503,2.5833,90600,"INLAND"
18,3830,750,2767,702,3.6602,120700,"INLAND"
19,3155,572,2482,642,2.9973,113400,"INLAND"
28,1922,382,1565,340,3.915,117400,"INLAND"
17,1834,390,1253,357,3.1028,106400,"INLAND"
24,1017,227,568,187,1.5972,112500,"INLAND"
27,2532,495,1305,436,2.9107,143100,"INLAND"
24,2831,478,1582,435,4.3397,195600,"INLAND"
33,1379,273,884,229,2.7574,125000,"INLAND"
20,1483,249,660,194,3.9464,207700,"INLAND"
5,3958,665,2456,666,5.1647,154700,"INLAND"
4,3428,649,2158,632,5.0175,143400,"INLAND"
4,6034,1170,3527,1098,4.1775,143700,"INLAND"
3,12870,2315,5820,1759,4.2429,147300,"INLAND"
11,10804,1493,5221,1482,5.246,161400,"INLAND"
4,12156,1864,5020,1524,4.7909,149200,"INLAND"
16,1769,254,1778,251,5.3671,181800,"INLAND"
16,193,45,312,76,3.7578,137500,"INLAND"
7,6356,1244,4052,1164,2.9112,121700,"INLAND"
9,4288,1017,3156,900,2.7827,105800,"INLAND"
6,5571,1316,4048,1154,2.0308,91100,"INLAND"
25,4261,893,2319,702,3.3958,111900,"INLAND"
18,3977,809,2231,742,4.1399,115400,"INLAND"
34,1345,265,834,290,3.7011,99500,"INLAND"
17,4109,884,2544,780,2.7757,109800,"INLAND"
43,1898,418,971,366,2.4735,89900,"INLAND"
43,1614,400,926,349,2.075,95100,"INLAND"
24,3477,831,2541,753,2.3682,97400,"INLAND"
12,3598,828,2588,781,2.375,113800,"INLAND"
15,5024,992,3208,981,3.6025,116400,"INLAND"
28,3193,525,1750,523,4.1375,128300,"INLAND"
28,2300,419,1312,444,3.4844,127700,"INLAND"
31,3207,560,1582,538,4.263,127400,"INLAND"
18,3172,632,1621,573,2.7437,120200,"INLAND"
21,4460,930,2657,839,2.7569,127500,"INLAND"
13,4563,1187,2475,1019,2.1189,121700,"INLAND"
21,3465,639,2292,628,3.3553,113500,"INLAND"
18,2453,537,1503,500,2.3768,95300,"INLAND"
12,6758,1550,3204,1279,2.5181,105500,"INLAND"
5,4937,1139,2204,812,2.5272,92000,"INLAND"
21,3622,667,2503,720,3.8531,105400,"INLAND"
38,1541,290,861,299,3.5655,95600,"INLAND"
21,3300,587,1896,572,3.6466,130600,"INLAND"
29,1362,251,776,253,3.1287,102000,"INLAND"
29,3999,772,2602,760,3.5481,105500,"INLAND"
14,1933,347,1443,376,4.2121,128100,"INLAND"
5,2987,457,1821,485,4.8889,138900,"INLAND"
16,1140,181,627,206,4.9444,132700,"INLAND"
36,1497,264,894,275,3.3066,96300,"INLAND"
32,3179,662,1878,661,3.1375,101200,"INLAND"
12,7184,1516,4862,1235,2.4492,103800,"INLAND"
19,1000,211,572,230,2.4028,112500,"INLAND"
9,2228,398,1316,370,4.1632,119800,"INLAND"
13,2903,510,1844,510,3.7198,112900,"INLAND"
17,2681,470,1621,459,3.875,118500,"INLAND"
23,1326,300,722,263,2.1856,107800,"INLAND"
12,1893,493,1054,389,2.3456,140800,"INLAND"
17,5959,1208,4115,1088,2.4053,105200,"INLAND"
7,5059,780,3253,801,4.9196,140500,"INLAND"
8,3955,815,2184,725,3.3438,127600,"INLAND"
32,3616,631,2131,593,3.2879,95500,"INLAND"
17,2029,404,1190,437,2.9554,115000,"INLAND"
11,5684,1139,3095,1036,3.6875,112600,"INLAND"
6,1156,191,910,234,4.9091,122400,"INLAND"
52,50,9,60,16,4.125,262500,"INLAND"
4,8866,1832,4775,1554,3.7348,125800,"INLAND"
5,6190,993,3615,963,4.4034,133200,"INLAND"
10,5736,945,3528,932,4.3958,130700,"INLAND"
15,1966,331,1118,323,3.8558,122700,"INLAND"
26,1387,277,664,239,3.0278,96800,"INLAND"
28,2879,659,1661,554,2.066,88100,"INLAND"
44,2087,447,1270,423,2.3889,86100,"INLAND"
10,3404,855,1656,675,1.6977,91300,"INLAND"
22,5640,889,3157,887,4.1581,126500,"INLAND"
35,2969,521,1555,503,3.25,107100,"INLAND"
32,3190,568,1614,512,3.8398,118200,"INLAND"
18,5877,1043,3114,1002,4.0294,133200,"INLAND"
26,3920,570,1862,552,3.7286,132000,"INLAND"
29,2819,637,1683,608,2.3205,87600,"INLAND"
31,2587,531,1227,489,2.3578,88600,"INLAND"
33,1904,343,1366,338,3.6227,92800,"INLAND"
17,3139,569,1612,516,3.3571,112300,"INLAND"
17,5451,1008,3533,940,3.9191,101600,"INLAND"
17,1906,334,1550,338,3.025,81800,"INLAND"
27,2919,549,1841,564,2.8682,96400,"INLAND"
14,2991,522,1729,537,3.5139,146800,"INLAND"
28,1905,372,1480,341,2.9844,79200,"INLAND"
31,1606,354,1049,335,2.1935,72700,"INLAND"
28,1473,333,1196,312,1.6993,67800,"INLAND"
32,1691,353,1457,329,1.8438,66600,"INLAND"
29,1646,391,1296,351,1.9423,69700,"INLAND"
37,1834,393,1198,348,2.225,81600,"INLAND"
32,2699,552,2086,551,2.2974,84500,"INLAND"
36,1717,348,1054,279,2.4444,73400,"INLAND"
41,1837,409,1430,344,2.4524,70400,"INLAND"
37,2868,574,2055,563,2.3508,70500,"INLAND"
39,2210,498,1752,477,1.4066,66400,"INLAND"
33,933,219,838,211,1.3417,69000,"INLAND"
30,2335,363,1214,311,2.2449,93200,"INLAND"
18,3009,740,2317,659,1.6375,72400,"INLAND"
29,1494,286,991,280,2.125,70600,"INLAND"
29,331,85,341,107,0.7069,70300,"INLAND"
38,1462,337,1208,324,2.2604,68100,"INLAND"
41,1229,302,994,270,1.4891,67300,"INLAND"
38,1703,385,1356,363,2.0391,70400,"INLAND"
26,1008,164,568,196,3.3516,105600,"INLAND"
29,2912,566,2188,518,3.2656,90600,"INLAND"
34,2104,388,1578,365,3.0833,88400,"INLAND"
14,11827,2445,6640,2299,2.4878,103800,"INLAND"
14,5983,1224,3255,1150,2.5902,111500,"INLAND"
5,9269,1605,4916,1519,4.4367,133200,"INLAND"
16,774,122,489,136,5.7628,221300,"INLAND"
20,1160,181,543,188,5.2072,164300,"INLAND"
17,889,131,439,141,6.1426,155000,"INLAND"
26,3106,603,1396,576,3.1736,122200,"INLAND"
26,3728,888,1765,727,1.7456,86800,"INLAND"
35,4174,847,2127,778,3.2232,88300,"INLAND"
28,2685,425,1304,420,4.3676,111100,"INLAND"
30,2483,573,1172,438,1.875,89700,"INLAND"
25,2795,596,1650,569,3.0078,87100,"INLAND"
6,5661,1287,2943,1162,3.6362,106500,"INLAND"
19,2526,381,1176,381,5.5136,137100,"INLAND"
6,1068,182,999,188,4.7222,109000,"INLAND"
7,2914,481,1584,499,4.6312,124900,"INLAND"
5,4718,1140,2564,1056,2.9877,119900,"INLAND"
13,3616,665,2189,620,3.7949,106300,"INLAND"
9,711,139,316,152,4.0156,131000,"INLAND"
7,5747,1307,2578,1147,3.3281,122200,"INLAND"
33,1607,282,608,260,4.3438,115000,"INLAND"
38,740,163,332,138,2.4107,88000,"INLAND"
40,961,199,509,182,2.06,85500,"INLAND"
39,1781,335,841,320,1.9432,89000,"INLAND"
44,1487,273,972,281,3.2292,86100,"INLAND"
38,2011,448,1190,403,1.8654,89400,"INLAND"
34,2037,385,1195,391,3.9231,96000,"INLAND"
45,942,166,401,174,3.8594,90800,"INLAND"
38,1287,284,1047,269,2.2865,65500,"INLAND"
34,1127,275,971,249,2.0583,64800,"INLAND"
37,1412,343,1127,351,1.1667,70900,"INLAND"
35,1622,393,1296,362,1.9286,68500,"INLAND"
36,1076,283,773,224,2.6307,66400,"INLAND"
42,525,111,444,120,2.6771,67000,"INLAND"
38,1208,321,1225,317,1.4663,64000,"INLAND"
52,851,190,731,190,1.9044,64900,"INLAND"
41,1105,257,816,197,1.9375,64100,"INLAND"
52,1457,415,1238,341,2.0089,68100,"INLAND"
44,589,130,504,137,1.775,63400,"INLAND"
28,2899,755,2406,655,1.5208,69500,"INLAND"
27,2053,461,1737,463,3.1213,78800,"INLAND"
42,801,176,711,183,1.8681,59700,"INLAND"
40,1051,244,745,243,2.1842,75200,"INLAND"
34,1336,345,1009,311,1.608,73700,"INLAND"
32,2894,427,1151,446,6.2236,159700,"INLAND"
36,1734,280,604,259,3.8292,122200,"INLAND"
38,1981,343,796,344,3.8125,97400,"INLAND"
42,1811,345,856,352,2.9667,97000,"INLAND"
38,2458,488,1135,453,2.875,99100,"INLAND"
26,2469,532,1068,501,1.9832,122100,"INLAND"
35,2028,456,972,398,2.3778,90700,"INLAND"
32,2170,430,815,401,3.1765,135000,"INLAND"
40,2364,438,968,416,3.4906,93300,"INLAND"
52,1683,266,646,256,4.0481,97300,"INLAND"
49,1820,321,757,324,3.2976,102600,"INLAND"
40,2190,496,1214,493,2.3947,81900,"INLAND"
45,1598,314,771,319,2.5417,82900,"INLAND"
48,1717,307,610,267,3.125,97600,"INLAND"
39,1989,401,805,341,2.425,90000,"INLAND"
37,1454,261,761,248,2.3438,88100,"INLAND"
44,2469,568,1363,517,1.8396,77100,"INLAND"
29,2077,577,1418,524,1.8281,76800,"INLAND"
52,1859,395,968,333,1.2034,79500,"INLAND"
52,2424,528,1171,455,1.4815,77900,"INLAND"
36,2991,822,2378,751,1.3571,70600,"INLAND"
40,2198,612,1517,531,1.0951,65800,"INLAND"
44,2337,563,1238,467,1.5156,75800,"INLAND"
42,2115,557,1532,494,1.4531,71500,"INLAND"
43,1018,261,736,215,2.6,66900,"INLAND"
47,2456,611,1653,512,1.3973,66100,"INLAND"
47,1648,432,1308,385,1.2069,68200,"INLAND"
45,1369,351,1046,274,1.8438,72100,"INLAND"
50,1629,437,1581,394,2.2019,63500,"INLAND"
48,1498,448,1586,455,1.1687,70800,"INLAND"
35,2014,677,1714,612,0.7075,78800,"INLAND"
35,2426,715,1920,586,1.5561,68000,"INLAND"
39,1573,418,1258,359,1.4896,69500,"INLAND"
19,1204,405,844,424,0.7235,71300,"INLAND"
24,1451,387,1178,330,1.1806,68300,"INLAND"
49,60,11,76,13,2.5625,75000,"INLAND"
34,567,143,387,138,1.7981,73300,"INLAND"
31,1516,238,596,255,4.3362,159400,"INLAND"
37,1709,278,744,274,3.7188,116600,"INLAND"
35,2707,481,1595,479,3.9018,91500,"INLAND"
30,1770,380,990,348,3.3,97600,"INLAND"
33,2271,389,1100,380,3.5978,88300,"INLAND"
31,3538,658,1715,663,3.7125,98000,"INLAND"
30,1937,351,945,344,3.8906,123700,"INLAND"
16,30,3,49,8,4.625,250000,"INLAND"
22,7935,1976,4523,1791,2.1465,88800,"INLAND"
19,5163,1229,2680,1141,2.2482,114500,"INLAND"
36,3795,676,1742,585,4.1,96400,"INLAND"
35,1517,257,658,245,4.4435,97600,"INLAND"
35,1490,253,705,253,3.3616,95300,"INLAND"
33,2898,503,1374,487,3.6856,90000,"INLAND"
37,2498,472,1291,487,3,83400,"INLAND"
37,2403,550,1234,493,2,72100,"INLAND"
39,3521,747,2256,721,2.1375,87500,"INLAND"
31,2209,636,1314,562,1.7235,78800,"INLAND"
40,1298,254,793,268,3.0721,83800,"INLAND"
36,3337,687,2388,589,2.9628,87800,"INLAND"
35,861,148,381,138,2.5234,88200,"INLAND"
17,3107,752,2160,643,1.8463,72600,"INLAND"
32,2910,641,2011,614,2.7473,70800,"INLAND"
27,2896,684,1514,668,1.462,70200,"INLAND"
52,954,246,943,256,0.8658,87500,"INLAND"
30,2173,560,1509,486,1.4079,67700,"INLAND"
33,1210,288,850,238,1.2171,59300,"INLAND"
44,567,134,565,150,1.8281,62900,"INLAND"
9,3904,1042,3688,896,1.8022,78000,"INLAND"
29,1960,415,1681,435,2.9292,84500,"INLAND"
35,2240,423,1394,396,3.1799,86700,"INLAND"
37,2267,405,1175,403,3.75,95200,"INLAND"
32,2086,458,1355,412,2.5238,89200,"INLAND"
46,1851,425,1100,377,2.0461,90500,"INLAND"
35,1380,248,730,264,3.2305,93700,"INLAND"
33,4924,1007,3502,953,3.233,99400,"INLAND"
38,1585,345,1347,368,2.375,75300,"INLAND"
30,1129,251,1034,237,2.3917,78600,"INLAND"
41,1359,264,786,244,2.5208,85500,"INLAND"
46,1308,276,576,244,3.1875,84000,"INLAND"
52,1226,269,693,272,1.9963,76900,"INLAND"
52,802,160,564,131,2.1591,63500,"INLAND"
26,613,149,431,130,1.3977,73100,"INLAND"
42,530,123,390,124,1.0469,67000,"INLAND"
48,732,149,486,139,2.5673,68200,"INLAND"
36,755,157,625,152,2.0242,65000,"INLAND"
46,476,102,476,91,1.4511,73100,"INLAND"
43,1697,387,1181,352,1.9234,74600,"INLAND"
40,2011,495,1528,469,1.9375,69900,"INLAND"
40,2936,732,2024,676,2.1139,70900,"INLAND"
26,971,245,592,207,2.1125,84000,"INLAND"
37,953,231,611,230,1.9926,81500,"INLAND"
6,7423,2111,4092,1789,2.7002,88300,"INLAND"
18,1837,388,727,336,2.5187,116700,"INLAND"
14,1582,347,825,259,2.8281,106300,"INLAND"
29,2481,383,1188,385,4.7344,134600,"INLAND"
5,2785,577,1310,536,3.39,149500,"INLAND"
7,4672,1121,2534,1046,3.4228,115700,"INLAND"
7,1971,403,1336,423,4.5066,111500,"INLAND"
2,1658,290,868,304,5.1365,136700,"INLAND"
17,1779,292,1006,293,4.6708,123100,"INLAND"
18,2342,402,1264,382,4.7986,123700,"INLAND"
13,3853,761,1685,669,3.9024,122400,"INLAND"
24,1966,299,786,302,5.0318,134500,"INLAND"
9,1199,187,629,207,5.7393,151600,"INLAND"
18,1634,274,899,285,5.2139,129300,"INLAND"
9,8185,1525,3630,1466,4.1667,197700,"INLAND"
36,848,186,737,169,0.9838,79300,"INLAND"
38,1093,256,856,212,1.4279,73000,"INLAND"
30,2981,605,1784,573,2.45,85800,"INLAND"
21,3067,706,2140,687,2.4432,78800,"INLAND"
21,418,132,401,120,1.7206,82100,"INLAND"
17,3362,507,1520,496,6.1986,214500,"INLAND"
18,5761,1063,2763,1058,4.4472,161100,"INLAND"
34,1703,395,849,359,3.1607,138200,"INLAND"
20,5258,1514,3780,1404,2.025,85700,"INLAND"
23,4503,1156,3264,937,1.9821,93000,"INLAND"
18,5009,1108,2948,963,3.0042,106500,"INLAND"
5,1775,234,726,222,7.978,223900,"INLAND"
4,4289,682,1981,705,5.3366,165100,"INLAND"
9,3603,786,1782,718,3.2604,93300,"INLAND"
17,5036,817,2084,833,4.6445,137200,"INLAND"
16,2577,521,956,472,2.5625,129400,"INLAND"
6,2383,606,1301,488,3.016,107500,"INLAND"
23,3847,608,1621,630,4.6111,128400,"INLAND"
26,2041,293,936,375,6,140200,"INLAND"
16,1613,245,811,267,5.2591,140700,"INLAND"
9,2524,352,1139,362,6.2516,159300,"INLAND"
18,1859,251,747,256,7.732,173200,"INLAND"
14,2647,524,989,479,3.1513,160000,"INLAND"
18,1920,333,890,323,5.159,144800,"INLAND"
24,1203,310,594,187,1.1522,87500,"INLAND"
26,3774,716,1913,620,3.3534,98900,"INLAND"
6,4464,1093,2364,952,2.3848,81600,"INLAND"
10,1145,293,726,251,1.645,68700,"INLAND"
10,5951,1330,3204,1159,2.7011,110200,"INLAND"
14,3998,711,1509,665,3.4138,126700,"INLAND"
34,2457,499,1538,507,2.809,82500,"INLAND"
31,3037,565,1834,575,3.3445,92900,"INLAND"
24,3532,618,1681,590,3.5,113900,"INLAND"
29,2654,667,1822,593,2.1563,72300,"INLAND"
23,1920,454,1161,358,2.2109,73200,"INLAND"
22,1162,221,995,244,2.5875,81300,"INLAND"
18,1439,319,699,310,2.1071,73500,"INLAND"
33,2170,500,1425,472,2.0133,78300,"INLAND"
30,2512,597,1390,523,2.3725,77200,"INLAND"
32,1677,354,1021,339,3.6853,90900,"INLAND"
27,1245,229,692,234,3.2176,89400,"INLAND"
26,1757,304,905,281,3.4103,90900,"INLAND"
5,2167,384,1174,358,4.0114,97700,"INLAND"
5,5749,1385,2382,1088,3.0587,143100,"INLAND"
8,3065,692,1440,666,3.2368,129200,"INLAND"
2,3867,573,1275,433,5.4138,164400,"INLAND"
40,96,14,46,14,3.2708,162500,"INLAND"
3,15695,2248,6080,1920,6.2178,173900,"INLAND"
28,2243,399,1464,379,3.2105,90300,"INLAND"
22,2467,555,1567,494,2.6536,84700,"INLAND"
5,4458,751,2392,773,4.5938,126500,"INLAND"
14,1258,245,752,264,3.3924,97400,"INLAND"
28,1306,279,885,255,2.1154,75300,"INLAND"
7,1347,301,799,276,2.9485,112500,"INLAND"
26,1953,446,1284,414,1.3485,85100,"INLAND"
28,699,180,432,168,2.1875,81900,"INLAND"
37,1467,348,1316,339,1.448,72800,"INLAND"
40,2374,500,1772,455,2.189,72500,"INLAND"
52,954,233,533,239,1.3021,1e+05,"INLAND"
21,6107,1559,2805,1444,2.5643,102700,"INLAND"
29,3436,731,1323,676,2.4943,122300,"INLAND"
29,4007,700,1576,696,3.1801,149300,"INLAND"
41,1766,288,753,278,4.9125,140700,"INLAND"
52,1820,342,601,315,2.6129,137000,"INLAND"
52,1949,432,767,392,2.5143,117600,"INLAND"
33,1688,313,808,298,3.2188,117800,"INLAND"
33,3007,498,1252,488,3.8816,134600,"INLAND"
24,1587,222,676,234,6.0715,173400,"INLAND"
23,1762,267,1132,279,5.9915,153200,"INLAND"
14,3063,426,1570,419,6.2917,224700,"INLAND"
4,2904,764,1250,664,3.2131,137500,"INLAND"
38,2492,381,1003,369,3.6875,152800,"INLAND"
36,2223,361,942,331,4.6806,152400,"INLAND"
25,2513,340,900,320,6.4962,182400,"INLAND"
20,856,124,395,145,10.8634,381800,"INLAND"
9,5306,993,2630,925,4.51,135800,"INLAND"
24,6573,1235,2904,1202,3.0651,108000,"INLAND"
5,1473,228,842,257,4.875,138100,"INLAND"
15,1852,316,906,298,5.3526,129800,"INLAND"
3,5542,828,2506,806,5.5875,162000,"INLAND"
15,3057,510,1154,460,3.9741,141100,"INLAND"
25,3670,644,1815,634,4.0658,127400,"INLAND"
5,2634,359,1173,372,6.746,204100,"INLAND"
9,1442,219,633,230,5.0227,162300,"INLAND"
23,3215,462,1411,435,6.0701,149900,"INLAND"
24,2877,507,1141,474,4.2059,121500,"INLAND"
14,2845,420,1172,377,7.5822,283100,"INLAND"
33,2101,468,1997,412,2.8125,117200,"INLAND"
17,2285,554,1412,541,1.8152,94300,"INLAND"
26,7561,1051,2909,1012,7.2972,269600,"INLAND"
32,2832,393,1033,385,6.5648,237200,"INLAND"
26,5305,701,1818,676,6.1461,217100,"INLAND"
33,4583,648,1760,638,6.3308,230600,"INLAND"
37,106,18,27,12,4.0556,131300,"INLAND"
24,6260,1271,3132,1189,2.5156,103000,"INLAND"
38,281,55,151,52,1.3906,120800,"INLAND"
4,3078,510,1341,486,4.9688,163200,"INLAND"
34,2405,541,1342,514,2.8031,86900,"INLAND"
34,45,11,39,14,3.0625,500001,"INLAND"
25,2495,438,1071,405,4.8173,146600,"INLAND"
14,5764,1006,1876,841,1.9694,173200,"INLAND"
16,3784,577,1615,525,4.2333,220300,"INLAND"
19,4415,648,1627,619,4.2361,191600,"INLAND"
26,3909,670,1884,665,4.1361,121000,"INLAND"
15,5592,891,2419,840,4.7193,135200,"INLAND"
6,2290,312,957,274,7.2708,316700,"INLAND"
23,3967,766,1518,698,2.29,111800,"INLAND"
24,4144,826,2127,772,2.5172,96000,"INLAND"
23,3862,699,2082,652,3.154,115700,"INLAND"
20,3111,563,1453,538,3.3365,122800,"INLAND"
24,3912,809,1926,762,2.6875,116300,"INLAND"
21,3098,646,1351,614,2.598,106700,"INLAND"
27,5484,1205,2645,1131,2.1927,116700,"INLAND"
24,4663,1213,1851,1116,1.4418,103500,"INLAND"
28,3009,698,1200,626,1.3993,104600,"INLAND"
27,1945,446,859,418,1.5203,126200,"INLAND"
26,3501,664,1860,681,3.0403,113500,"INLAND"
29,3375,795,1760,699,2.7028,92000,"INLAND"
30,3474,735,1674,691,2.5863,98300,"INLAND"
35,7922,1636,3431,1329,3.4145,40400,"INLAND"
39,8193,1747,6852,1597,2.3832,35000,"INLAND"
6,8884,1687,3767,1334,3.599,140200,"INLAND"
6,4264,749,2005,666,3.4695,138800,"INLAND"
5,2884,567,1396,465,3.7361,119600,"INLAND"
6,6068,1137,3094,947,3.5167,130900,"INLAND"
4,6712,1200,3126,1026,3.2277,126500,"INLAND"
20,1319,309,486,196,2.0184,84900,"INLAND"
8,5445,1360,3220,1214,1.7567,69500,"INLAND"
14,859,212,541,181,1.6838,57900,"INLAND"
18,755,169,483,165,1.4196,64700,"INLAND"
10,2964,668,1853,609,1.6047,73400,"INLAND"
5,2949,671,1620,530,2.9479,83300,"INLAND"
7,3940,764,2140,711,3.0357,91300,"INLAND"
20,7052,1306,2197,810,3.7252,167100,"INLAND"
18,5210,912,1301,464,4.8623,176900,"INLAND"
35,1529,338,688,256,4.1083,108000,"INLAND"
39,1578,317,872,322,4.555,153100,"INLAND"
27,2718,583,1472,509,2.825,76600,"INLAND"
36,2181,555,1404,492,2.3077,55500,"INLAND"
37,1199,351,782,296,1.6515,61600,"INLAND"
36,2828,916,1762,736,1.4318,59600,"INLAND"
34,2194,519,1326,515,2.1056,72000,"INLAND"
29,2637,512,1188,446,2.99,69400,"INLAND"
26,2599,498,1332,443,2.7198,70400,"INLAND"
29,3111,661,1530,608,2.8281,69300,"INLAND"
37,1884,366,1052,353,3.175,66800,"INLAND"
36,1199,260,665,229,3.7065,62000,"INLAND"
5,4787,910,1944,806,2.6576,98500,"INLAND"
7,8414,1584,5146,1517,3.2794,92500,"INLAND"
17,1613,326,765,300,2.6827,110400,"INLAND"
14,3026,556,1349,485,2.8021,111200,"INLAND"
29,2251,464,855,315,3.4183,104100,"INLAND"
4,2372,361,1017,322,5.1112,170900,"INLAND"
9,4055,536,1458,478,5.4201,170600,"INLAND"
14,2125,348,1067,360,3.6333,116200,"INLAND"
10,4201,850,2378,808,2.1781,92200,"INLAND"
13,4460,925,2225,840,2.0136,94100,"INLAND"
31,265,55,186,55,2.125,64800,"INLAND"
8,3561,691,2156,659,2.7778,86900,"INLAND"
7,4998,953,2764,891,3.205,101900,"INLAND"
7,2449,447,1217,408,3.6646,109900,"INLAND"
10,3103,520,1283,464,3.071,151600,"INLAND"
7,3200,477,1522,470,4.6914,142200,"INLAND"
9,5756,807,2158,758,5.5875,167800,"INLAND"
17,4379,629,1720,595,5.086,148400,"INLAND"
13,5841,955,2455,915,4.1333,158200,"INLAND"
8,12526,2495,6133,2324,2.9072,119200,"INLAND"
12,4476,761,2255,735,3.925,118500,"INLAND"
15,5151,942,2896,897,3.4875,90800,"INLAND"
5,3772,619,2097,635,3.8194,98500,"INLAND"
38,1643,489,1196,406,1.2275,64100,"INLAND"
31,1174,360,1161,328,1.06,56500,"INLAND"
25,2546,488,1338,487,3.2596,85400,"INLAND"
26,2299,496,1259,441,2.6125,79900,"INLAND"
18,279,59,188,60,0.8246,91700,"INLAND"
9,5904,1165,3489,1063,3.125,92800,"INLAND"
10,3781,712,2044,685,3.0943,97100,"INLAND"
6,5667,1385,2447,1199,2.3617,103100,"INLAND"
10,2163,392,1174,362,3.375,98000,"INLAND"
9,3293,585,1678,530,3.2941,98300,"INLAND"
3,16533,2549,7588,2285,3.9792,122100,"INLAND"
34,4493,838,2335,779,3.1635,74300,"INLAND"
16,3072,612,1283,604,2.8929,115600,"INLAND"
18,2704,698,1611,597,2.0243,82300,"INLAND"
10,4676,884,2845,812,3.0181,100400,"INLAND"
14,2443,447,883,465,2.1111,116700,"INLAND"
7,4584,1051,2049,918,1.6232,93400,"INLAND"
3,7689,1545,3804,1399,3.3871,111800,"INLAND"
8,4627,887,2739,846,3.0204,93100,"INLAND"
7,2045,342,878,292,6.0296,194100,"INLAND"
7,2344,351,846,314,4.7361,174500,"INLAND"
8,1794,276,690,271,3.662,165300,"INLAND"
6,4632,753,1851,694,4.1933,163100,"INLAND"
8,3567,543,1133,419,5.3733,302600,"INLAND"
13,3682,668,1606,668,2.1875,119700,"INLAND"
14,2105,396,960,396,2.9934,118200,"INLAND"
11,5934,1380,2756,1239,1.5758,108300,"INLAND"
11,3572,592,1876,507,3.6615,105100,"INLAND"
8,6042,979,3031,991,3.3438,124400,"INLAND"
6,6988,1121,3660,1092,4.2224,125700,"INLAND"
9,2404,390,1074,359,5.0198,151900,"INLAND"
14,3019,643,1639,582,1.5288,103400,"INLAND"
13,2032,348,1038,344,4.2891,120100,"INLAND"
13,3684,604,1767,585,3.7478,113500,"INLAND"
8,3579,672,2216,630,3.4038,100500,"INLAND"
15,1703,273,847,266,3.7917,123400,"INLAND"
4,7151,1295,3527,1170,3.5696,129700,"INLAND"
8,6246,1273,3883,1264,2.7917,98200,"INLAND"
10,1731,299,1056,312,3.6007,104000,"INLAND"
16,5130,1172,3126,1046,1.6784,71900,"INLAND"
9,11810,2181,6716,2081,3.1821,95600,"INLAND"
4,5083,867,2541,856,4.2414,121400,"INLAND"
9,5983,1122,3515,1064,3.1505,102000,"INLAND"
9,5643,1005,3166,957,3.2077,93300,"INLAND"
11,4597,782,2534,776,3.3368,99300,"INLAND"
8,6463,1095,3213,1031,3.2215,108800,"INLAND"
14,4527,875,1640,590,2.8594,81700,"INLAND"
18,1321,272,754,226,3.4028,67500,"INLAND"
5,208,78,132,56,2.5333,75000,"INLAND"
12,807,199,246,102,2.5391,40000,"INLAND"
15,3149,713,1281,486,2,64700,"INLAND"
8,9975,1743,6835,1439,2.7138,22500,"INLAND"
12,8796,1721,11139,1680,2.2612,137500,"INLAND"
10,4256,861,1403,686,2.6618,81000,"INLAND"
37,452,109,184,59,3.7292,65800,"INLAND"
20,2352,556,1217,481,1.6063,55400,"INLAND"
9,1969,406,805,349,1.5491,62300,"INLAND"
18,1880,487,994,425,1.69,54200,"INLAND"
13,1808,411,735,320,1.5489,57400,"INLAND"
15,4203,966,1756,695,2.182,60800,"INLAND"
14,6438,1719,1586,691,1.6136,67400,"INLAND"
16,1247,315,433,159,1.0568,75000,"INLAND"
21,8502,2634,2330,991,1.3811,51300,"INLAND"
15,6928,1529,2568,1075,2.5405,69600,"INLAND"
19,1867,361,758,321,2.8929,98100,"INLAND"
14,4985,1238,2517,954,2.0674,65000,"INLAND"
15,5583,1149,2709,964,1.9779,73300,"INLAND"
18,5584,1303,2250,1158,1.5823,72400,"INLAND"
22,5473,1234,2581,1098,1.9375,65300,"INLAND"
17,6683,1296,2677,1227,2.4828,84000,"INLAND"
9,4855,872,2098,765,3.2723,97800,"INLAND"
16,5648,1089,2524,1008,2.6739,78000,"INLAND"
6,2104,348,841,320,4.1458,116300,"INLAND"
23,1175,468,355,151,2.2083,42500,"INLAND"
32,3298,1228,763,360,1.875,47800,"INLAND"
29,1202,290,383,156,1.3371,66900,"INLAND"
15,10377,2331,4507,1807,2.2466,66800,"INLAND"
13,9444,1997,4166,1482,2.6111,65600,"INLAND"
18,3312,705,1251,512,3.0139,82600,"INLAND"
19,301,65,150,56,3.125,65600,"INLAND"
8,569,97,312,96,4.3021,94500,"INLAND"
34,3868,1257,890,423,1.3571,41000,"INLAND"
30,540,136,122,63,1.3333,42500,"INLAND"
32,3163,712,1358,544,2.125,57700,"INLAND"
20,350,95,119,58,1.625,50000,"INLAND"
19,7650,1901,1129,463,1.82,80100,"INLAND"
15,5612,1283,1015,472,1.4936,66900,"INLAND"
17,2556,587,1005,401,1.6991,69100,"INLAND"
46,1497,309,787,271,2.1908,48100,"INLAND"
48,1291,248,580,211,2.1571,48600,"INLAND"
31,2478,464,1346,479,3.212,70400,"INLAND"
10,2502,573,1152,481,1.7062,86800,"INLAND"
18,3903,715,1388,428,4.2386,157200,"INLAND"
29,1290,263,323,113,1.9265,103300,"INLAND"
38,4116,949,1196,422,3.5625,96500,"INLAND"
16,3474,633,853,315,5.2185,128600,"INLAND"
34,3687,756,941,367,2.875,117600,"INLAND"
10,4750,844,1220,428,4.5536,132400,"INLAND"
26,6339,1244,1177,466,3.7708,110400,"INLAND"
27,9285,1621,1135,410,2.5446,135200,"INLAND"
33,399,87,71,27,1.875,71300,"INLAND"
13,4867,718,780,250,7.1997,253800,"INLAND"
16,7961,1147,879,280,5.2146,255200,"INLAND"
16,3326,569,527,192,5.7421,167600,"INLAND"
17,9419,1455,1382,459,6.2233,230900,"INLAND"
16,8020,1432,1749,540,4.9716,162500,"INLAND"
22,8106,1665,1062,423,3.0434,137200,"INLAND"
15,4236,753,703,255,3.5625,165500,"INLAND"
31,5454,1053,1408,504,5,161100,"INLAND"
21,4773,1047,337,130,3.9375,115000,"INLAND"
17,2828,506,673,274,5.2563,144100,"INLAND"
10,1039,174,317,109,7.2371,171900,"INLAND"
19,4641,994,1334,474,4.5972,123900,"INLAND"
22,4397,931,1145,445,4.5268,108400,"INLAND"
16,1347,327,271,91,4,87500,"INLAND"
21,2520,582,416,151,2.712,89000,"INLAND"
17,1181,271,248,114,5.5762,150000,"INLAND"
27,12342,2630,1300,566,1.998,153500,"INLAND"
23,6379,1636,1350,568,1.6336,124500,"INLAND"
16,3018,523,556,244,3.5288,189700,"INLAND"
13,4137,796,573,218,4.6394,226500,"INLAND"
11,1089,198,230,90,4.9643,176000,"INLAND"
15,4419,822,622,267,3.9688,182800,"INLAND"
19,5411,1042,441,185,3.1324,132000,"INLAND"
13,4760,938,309,132,5.4618,147800,"INLAND"
29,5055,1036,410,191,3.5104,157100,"INLAND"
13,3661,770,567,228,4.4063,152600,"INLAND"
19,1649,328,382,151,4.0556,133000,"INLAND"
18,6988,1635,2044,726,2.4308,90600,"INLAND"
19,5395,1220,981,366,2.6094,92400,"INLAND"
5,5806,1030,569,219,4.0132,163100,"INLAND"
15,8948,1985,1316,514,2.7375,90800,"INLAND"
11,5799,1527,713,262,2.5147,84700,"INLAND"
14,3959,849,1064,376,2.8214,111400,"INLAND"
10,4374,989,1020,376,2.6071,89000,"INLAND"
16,2098,449,342,143,4.0333,133900,"INLAND"
21,739,125,199,82,4.8958,117500,"INLAND"
52,3419,777,710,265,3.9028,128600,"INLAND"
4,42,10,9,3,0.536,42500,"INLAND"
38,898,259,106,52,1.6875,225000,"INLAND"
7,9759,1816,2933,1168,3.4912,157700,"INLAND"
32,671,166,856,114,2.6477,53300,"INLAND"
26,3606,792,1683,608,2.6587,57400,"INLAND"
33,552,120,347,97,1.8158,1e+05,"INLAND"
28,1932,421,1156,404,1.8958,55600,"INLAND"
14,3348,619,1756,557,3.5987,91400,"INLAND"
21,3254,669,1548,545,2.3373,57100,"INLAND"
30,5370,1062,2778,944,3.099,66800,"INLAND"
31,2034,444,1097,367,2.1522,60800,"INLAND"
16,1579,327,934,298,2.7305,73800,"INLAND"
28,1777,307,721,259,3.6343,79800,"INLAND"
20,2355,467,1198,428,3.9934,88500,"INLAND"
24,2741,577,1551,522,3.474,70500,"INLAND"
23,6060,1165,2920,1072,3.1528,69000,"INLAND"
16,6862,1292,3562,1126,3.6091,87200,"INLAND"
18,2127,443,1168,401,3.0313,80000,"INLAND"
7,2245,407,1016,364,3.9464,101500,"INLAND"
30,1211,289,611,230,1.6667,44700,"INLAND"
10,337,102,108,50,0.4999,55000,"INLAND"
4,5027,797,1869,686,3.5507,186100,"INLAND"
22,1054,239,428,239,1.2548,68300,"INLAND"
6,5110,1044,1938,724,3.1917,112800,"INLAND"
20,3481,840,1694,587,1.4,77700,"INLAND"
20,6541,1401,2631,980,2.1339,78500,"INLAND"
52,2023,301,649,285,4.7396,441700,"NEAR OCEAN"
52,1539,212,535,224,5.392,408500,"NEAR OCEAN"
52,1504,208,518,196,8.603,459600,"NEAR OCEAN"
52,1495,230,459,190,8.1548,500001,"NEAR OCEAN"
52,1388,213,513,211,6.1309,411600,"NEAR OCEAN"
52,1294,175,434,180,5.7914,500001,"NEAR OCEAN"
45,3149,639,1160,661,2.7266,354200,"NEAR OCEAN"
38,5430,1176,2357,1100,3.654,249000,"NEAR OCEAN"
39,3132,738,1200,690,2.5288,274000,"NEAR OCEAN"
36,2282,534,918,531,2.7222,284700,"NEAR OCEAN"
23,2474,594,1107,536,2.9705,245500,"NEAR OCEAN"
49,1566,494,643,419,1.9637,137500,"NEAR OCEAN"
52,852,262,389,249,2.6042,225000,"NEAR OCEAN"
21,1882,486,903,482,3.06,243800,"NEAR OCEAN"
27,2335,604,982,590,3.1921,261500,"NEAR OCEAN"
28,1514,384,540,352,2.1532,240000,"NEAR OCEAN"
19,5430,1593,2496,1484,2.9112,199100,"NEAR OCEAN"
34,1785,558,804,490,2.2687,2e+05,"NEAR OCEAN"
43,2361,489,824,470,3.4196,302200,"NEAR OCEAN"
36,2644,674,1211,654,3.0445,214800,"NEAR OCEAN"
40,1809,474,826,456,2.6518,179800,"NEAR OCEAN"
37,1921,502,811,472,2.75,175000,"NEAR OCEAN"
40,2261,579,903,525,2.465,198700,"NEAR OCEAN"
9,2818,821,851,555,2.6181,204200,"NEAR OCEAN"
27,3166,867,1332,817,2.6742,171400,"NEAR OCEAN"
43,2383,607,962,587,2.2578,263600,"NEAR OCEAN"
26,3149,832,1320,808,3.0259,211700,"NEAR OCEAN"
35,1391,329,726,317,2.6818,159400,"NEAR OCEAN"
47,1494,327,689,304,3.125,172700,"NEAR OCEAN"
16,6075,1816,2592,1634,2.5553,178100,"NEAR OCEAN"
29,1961,565,1002,569,2.2813,118100,"NEAR OCEAN"
25,1908,513,956,467,2.4828,133300,"NEAR OCEAN"
37,1832,525,955,488,2.7852,129200,"NEAR OCEAN"
19,1358,613,766,630,1.0353,150000,"NEAR OCEAN"
20,1182,379,678,326,2.1937,162500,"NEAR OCEAN"
27,1551,464,880,400,2.4167,131300,"NEAR OCEAN"
28,3025,756,1328,695,2.694,164100,"NEAR OCEAN"
35,2539,661,1308,629,2.6777,146400,"NEAR OCEAN"
32,2587,681,1246,650,2.1727,145500,"NEAR OCEAN"
35,1785,493,965,506,2.0792,160000,"NEAR OCEAN"
30,2582,650,1098,603,2.8281,171700,"NEAR OCEAN"
29,2568,682,1191,642,2.1094,162500,"NEAR OCEAN"
41,1545,420,747,415,2.375,154400,"NEAR OCEAN"
27,2280,695,1235,664,1.9392,142900,"NEAR OCEAN"
33,1591,461,794,425,2.6333,140000,"NEAR OCEAN"
22,2623,732,1283,718,2.1563,127100,"NEAR OCEAN"
24,3523,991,1775,873,2.1273,142300,"NEAR OCEAN"
24,1877,519,898,483,2.2264,112500,"NEAR OCEAN"
28,2279,671,1166,623,1.95,150000,"NEAR OCEAN"
23,3999,1182,2051,1130,2.1292,135000,"NEAR OCEAN"
31,2336,656,1186,609,2.5872,130600,"NEAR OCEAN"
50,1476,354,698,354,3,168800,"NEAR OCEAN"
52,1512,321,651,321,3.6852,185300,"NEAR OCEAN"
37,4142,1031,1936,968,2.693,174100,"NEAR OCEAN"
37,2344,546,1134,513,2.4394,118300,"NEAR OCEAN"
46,1898,441,978,439,3.2708,155200,"NEAR OCEAN"
52,1969,389,877,424,3.79,163400,"NEAR OCEAN"
20,2271,602,992,520,2.2599,157600,"NEAR OCEAN"
15,2671,724,1800,646,2.1394,106700,"NEAR OCEAN"
17,2060,633,1251,602,1.9886,119200,"NEAR OCEAN"
20,1406,413,850,412,2.3261,114600,"NEAR OCEAN"
25,2222,634,1025,568,1.64,130000,"NEAR OCEAN"
23,2681,717,1279,648,2.1597,116100,"NEAR OCEAN"
33,2279,591,1250,576,2.4297,139000,"NEAR OCEAN"
43,2336,644,1203,614,2.3594,127800,"NEAR OCEAN"
26,1221,331,620,296,2.4821,123600,"NEAR OCEAN"
29,2030,545,1014,518,2.2409,114200,"NEAR OCEAN"
28,2160,608,1339,571,1.9152,128100,"NEAR OCEAN"
27,1426,364,792,353,2.0673,118800,"NEAR OCEAN"
28,1605,501,936,460,2.5991,147500,"NEAR OCEAN"
17,1559,462,821,428,2.0139,150000,"NEAR OCEAN"
41,1469,421,803,395,2.1856,120500,"NEAR OCEAN"
48,1502,272,590,265,2.5952,190300,"NEAR OCEAN"
50,1729,355,617,337,3.6705,167000,"NEAR OCEAN"
48,2012,422,893,394,2.7928,175000,"NEAR OCEAN"
43,2167,464,977,461,3.125,192200,"NEAR OCEAN"
52,1484,224,498,223,6.6053,331400,"NEAR OCEAN"
52,1506,233,478,240,4.3875,3e+05,"NEAR OCEAN"
49,4449,711,1606,709,5.7768,281600,"NEAR OCEAN"
52,2606,426,883,380,4.2813,270800,"NEAR OCEAN"
38,2065,374,812,343,3.125,216500,"NEAR OCEAN"
44,1139,214,470,217,3.5481,203100,"NEAR OCEAN"
43,3889,711,1466,663,3.5529,223000,"NEAR OCEAN"
31,2293,549,1108,557,3.3854,204400,"NEAR OCEAN"
30,1835,474,934,415,2.875,139600,"NEAR OCEAN"
28,1457,397,672,342,1.9799,122700,"NEAR OCEAN"
21,2226,600,1085,533,2.2604,126300,"NEAR OCEAN"
19,2188,616,1304,607,2.0852,114400,"NEAR OCEAN"
17,871,379,955,351,1.4375,96400,"NEAR OCEAN"
11,2393,726,1905,711,1.3448,91300,"NEAR OCEAN"
11,1607,478,1384,450,2.05,1e+05,"NEAR OCEAN"
21,2127,658,1812,603,1.6896,1e+05,"NEAR OCEAN"
18,1943,587,1329,522,1.7696,103100,"NEAR OCEAN"
29,1650,496,882,445,2.2287,140000,"NEAR OCEAN"
31,1235,387,816,397,1.5517,122500,"NEAR OCEAN"
31,987,267,619,250,2.9286,151800,"NEAR OCEAN"
16,2426,799,1505,754,1.6444,103400,"NEAR OCEAN"
21,2063,609,1686,558,1.4828,94800,"NEAR OCEAN"
20,2355,722,1848,576,2.0036,99200,"NEAR OCEAN"
15,2422,774,2120,715,1.0617,92400,"NEAR OCEAN"
23,1858,551,1506,492,1.7446,85200,"NEAR OCEAN"
46,695,182,601,195,2.4219,90600,"NEAR OCEAN"
20,1667,469,1292,445,2.0893,101100,"NEAR OCEAN"
34,2131,594,1373,562,2.113,102100,"NEAR OCEAN"
13,2795,773,1869,690,2.1767,101800,"NEAR OCEAN"
14,2361,601,1831,526,1.6102,93400,"NEAR OCEAN"
25,2846,644,2272,632,2.2,98700,"NEAR OCEAN"
25,684,190,665,187,2.4524,90300,"NEAR OCEAN"
33,1126,267,621,241,3.2422,123100,"NEAR OCEAN"
35,1689,397,1135,366,2.3269,97300,"NEAR OCEAN"
24,2927,704,2005,668,2.2375,102900,"NEAR OCEAN"
34,1096,221,574,223,3.8355,126700,"NEAR OCEAN"
27,3160,627,1628,612,3.8864,132600,"NEAR OCEAN"
30,1899,546,1620,493,1.6034,84400,"NEAR OCEAN"
23,3130,779,2472,744,2.32,93200,"NEAR OCEAN"
20,3854,1046,3555,966,1.6747,1e+05,"NEAR OCEAN"
30,1772,500,1389,447,2.3641,94100,"NEAR OCEAN"
11,1976,548,1528,512,1.4886,89800,"NEAR OCEAN"
20,1886,586,1134,525,1.5029,1e+05,"NEAR OCEAN"
16,1111,328,930,303,1.2347,128100,"NEAR OCEAN"
15,1821,516,1385,439,2.5101,95300,"NEAR OCEAN"
24,1245,376,1230,362,1.875,95000,"NEAR OCEAN"
28,1220,391,1286,396,1.2286,105000,"NEAR OCEAN"
20,1701,503,1482,465,1.6789,95500,"NEAR OCEAN"
10,1922,577,1595,545,1.5208,118800,"NEAR OCEAN"
18,1704,596,1639,548,1.7391,125000,"NEAR OCEAN"
14,2523,545,1297,525,2.3886,138100,"NEAR OCEAN"
37,2690,549,1219,524,2.3148,154200,"NEAR OCEAN"
14,3073,851,2000,782,2.3824,144700,"NEAR OCEAN"
9,3464,749,1687,645,3.3026,119100,"NEAR OCEAN"
34,1917,419,1181,426,3.0208,129200,"NEAR OCEAN"
34,2178,455,1193,446,3.1719,115300,"NEAR OCEAN"
37,1042,205,589,208,2.6629,116900,"NEAR OCEAN"
31,2036,501,1263,442,2.5583,120700,"NEAR OCEAN"
20,1989,508,1452,462,2.0077,118300,"NEAR OCEAN"
26,2359,622,2067,581,1.8103,124700,"NEAR OCEAN"
19,2739,707,2004,622,1.6318,117700,"NEAR OCEAN"
42,1986,472,1472,475,2.1757,110100,"NEAR OCEAN"
33,3260,673,1784,666,3.5078,126500,"NEAR OCEAN"
36,3331,643,1903,622,3.6974,122000,"NEAR OCEAN"
38,1901,392,1099,406,2.7661,113900,"NEAR OCEAN"
35,1434,253,753,228,2.3812,135100,"NEAR OCEAN"
36,1158,218,619,233,3.6125,122500,"NEAR OCEAN"
19,2935,763,1953,720,1.4254,111300,"NEAR OCEAN"
18,2968,656,1149,581,2.6452,154200,"NEAR OCEAN"
22,922,240,1524,235,1.6815,218800,"NEAR OCEAN"
31,1070,155,426,153,6.1628,219200,"NEAR OCEAN"
34,2245,394,1849,429,3.5446,185500,"NEAR OCEAN"
38,3779,614,1495,614,4.3529,184000,"NEAR OCEAN"
42,1827,378,880,380,2.5125,176600,"NEAR OCEAN"
25,3911,849,1580,767,2.7778,184100,"NEAR OCEAN"
27,1221,254,606,259,3.0833,155400,"NEAR OCEAN"
31,2567,624,1255,582,2.5909,159100,"NEAR OCEAN"
20,2547,785,1199,643,1.7743,140300,"NEAR OCEAN"
21,1824,447,962,431,2.7826,143800,"<1H OCEAN"
23,2556,662,1200,548,1.8899,147700,"NEAR OCEAN"
18,2269,682,1329,581,1.7951,161800,"NEAR OCEAN"
34,1730,373,730,350,2.0284,161800,"NEAR OCEAN"
38,1130,228,699,241,2.65,167600,"NEAR OCEAN"
32,3888,827,3868,841,3.0755,166800,"NEAR OCEAN"
33,3535,683,1568,672,2.8097,158300,"NEAR OCEAN"
36,2785,577,1275,527,2.3015,156800,"NEAR OCEAN"
38,1549,288,636,278,3.2188,150500,"NEAR OCEAN"
46,1887,359,795,358,3.25,159600,"NEAR OCEAN"
37,2356,476,1231,499,2.965,155700,"NEAR OCEAN"
24,1629,587,1012,488,1.7452,156800,"NEAR OCEAN"
34,2516,611,1317,594,2.2308,125900,"NEAR OCEAN"
35,2144,388,1003,383,3.0938,137300,"NEAR OCEAN"
18,1758,286,987,277,4.6875,141800,"NEAR OCEAN"
32,2286,468,1741,467,3.0446,101900,"NEAR OCEAN"
36,2448,475,1268,450,2.5682,109100,"NEAR OCEAN"
33,3444,619,1884,582,3.7891,126700,"NEAR OCEAN"
31,2669,514,1626,499,3.1923,116900,"NEAR OCEAN"
35,1777,369,1158,353,3.4107,117000,"NEAR OCEAN"
25,2681,596,1947,553,2.8964,104300,"NEAR OCEAN"
39,2754,652,2263,619,2.2454,89600,"NEAR OCEAN"
35,1477,264,852,279,3.1786,100600,"NEAR OCEAN"
37,2176,418,1301,375,2.875,98900,"NEAR OCEAN"
36,2103,390,1279,392,2.4135,97000,"NEAR OCEAN"
21,1864,388,1498,389,3.8194,125700,"NEAR OCEAN"
11,2397,523,1566,514,3.8687,145200,"NEAR OCEAN"
27,2204,598,1656,521,1.4821,86200,"NEAR OCEAN"
26,4151,823,2822,697,2.8372,123400,"NEAR OCEAN"
14,2763,456,1914,465,4.1645,143000,"NEAR OCEAN"
20,2192,406,1766,393,4.0921,135000,"NEAR OCEAN"
12,3943,737,3280,751,4.112,141400,"NEAR OCEAN"
28,5274,991,3727,961,3.57,109800,"NEAR OCEAN"
25,3292,608,2266,592,3.2986,119200,"NEAR OCEAN"
33,3126,627,2300,623,3.2596,103000,"NEAR OCEAN"
34,2328,444,1684,429,3.25,99600,"NEAR OCEAN"
20,4050,745,2870,761,3.7366,121800,"NEAR OCEAN"
22,2756,516,1849,486,4.1837,125400,"NEAR OCEAN"
18,1643,283,1134,269,5.1769,133000,"NEAR OCEAN"
30,3187,592,2082,631,3.5388,118500,"NEAR OCEAN"
25,2321,398,1434,386,3.5341,120800,"NEAR OCEAN"
8,831,158,740,154,5.3908,165500,"NEAR OCEAN"
9,1520,269,1250,265,4.8875,157700,"NEAR OCEAN"
13,705,149,718,155,4.4375,154900,"NEAR OCEAN"
9,521,111,491,110,5.1305,158900,"NEAR OCEAN"
19,2304,572,2010,556,2.2866,109900,"NEAR OCEAN"
27,1790,356,1286,347,3.5437,115800,"NEAR OCEAN"
7,9311,1703,7302,1694,4.419,156900,"NEAR OCEAN"
18,1475,267,1149,268,5.0827,142200,"NEAR OCEAN"
38,1481,317,1080,291,2.85,125800,"NEAR OCEAN"
36,3815,796,2945,728,2.0959,125000,"NEAR OCEAN"
21,991,210,695,203,3.625,144300,"NEAR OCEAN"
41,2665,515,1664,512,2.375,113500,"NEAR OCEAN"
29,4047,754,2353,730,4.0505,125000,"NEAR OCEAN"
35,3414,580,1761,522,3.9922,129800,"NEAR OCEAN"
32,4227,785,2842,795,3.9646,137800,"NEAR OCEAN"
19,1469,275,1010,292,3.5664,150400,"NEAR OCEAN"
16,2168,343,1589,338,5.4863,153800,"NEAR OCEAN"
33,3425,511,1528,479,5.6889,234600,"NEAR OCEAN"
24,2587,491,1617,458,3.5066,133400,"NEAR OCEAN"
22,3362,630,1471,612,4.1442,303900,"NEAR OCEAN"
15,5094,818,2118,758,5.3505,266600,"NEAR OCEAN"
14,3986,675,2065,702,5.7192,267400,"NEAR OCEAN"
14,1689,555,1319,527,3.16,143800,"NEAR OCEAN"
15,1828,359,955,248,3.2174,165100,"NEAR OCEAN"
13,2132,425,1345,432,4,89300,"NEAR OCEAN"
14,1320,270,943,260,5.0947,152700,"NEAR OCEAN"
14,3464,683,2139,734,4.0668,137500,"NEAR OCEAN"
9,3417,860,2521,828,3.02,158900,"NEAR OCEAN"
9,3087,609,1530,556,3.775,125000,"NEAR OCEAN"
11,1875,357,1014,386,4.375,115000,"NEAR OCEAN"
7,2327,490,1304,445,3.3553,132200,"NEAR OCEAN"
7,6055,1004,3031,952,4.436,135000,"NEAR OCEAN"
5,3201,532,2061,536,5.0829,179400,"NEAR OCEAN"
10,901,163,698,167,4.6648,156100,"NEAR OCEAN"
8,2460,397,1784,390,4.5662,175500,"NEAR OCEAN"
12,3375,945,2357,808,1.5,106300,"NEAR OCEAN"
15,869,217,887,216,1.4583,84200,"NEAR OCEAN"
22,2409,582,1887,578,1.4089,94200,"NEAR OCEAN"
18,1645,430,1221,410,1.3269,108000,"NEAR OCEAN"
20,1102,205,852,217,3.1833,108300,"NEAR OCEAN"
11,3071,911,2812,774,1.2413,83100,"NEAR OCEAN"
28,633,137,525,170,3.6042,95600,"NEAR OCEAN"
42,2002,488,1505,464,1.5057,86300,"NEAR OCEAN"
9,1931,472,1628,445,2.085,92600,"NEAR OCEAN"
26,3114,686,1948,660,2.8942,124100,"NEAR OCEAN"
5,1615,387,1094,394,2.2024,137200,"NEAR OCEAN"
39,1273,246,770,242,2.0938,102500,"NEAR OCEAN"
33,1096,240,716,224,1.6944,111800,"NEAR OCEAN"
28,3109,594,1559,589,3.5789,120300,"NEAR OCEAN"
29,2238,523,2061,504,2.5559,96800,"NEAR OCEAN"
29,3422,713,2775,644,1.7075,86900,"NEAR OCEAN"
25,939,247,1003,240,1.75,87900,"NEAR OCEAN"
25,1491,348,1183,316,1.9583,88600,"NEAR OCEAN"
30,1729,457,1673,460,1.7,85900,"NEAR OCEAN"
34,2028,522,1797,464,1.7402,79400,"NEAR OCEAN"
37,2045,502,1920,472,1.8125,83300,"NEAR OCEAN"
33,1980,488,1626,428,1.4856,86400,"NEAR OCEAN"
14,819,237,827,237,1.3194,90500,"NEAR OCEAN"
36,1011,253,763,226,1.8187,84100,"NEAR OCEAN"
29,1040,291,1054,297,1.1818,83200,"NEAR OCEAN"
37,1269,340,1369,302,2.2102,87200,"NEAR OCEAN"
35,1292,272,1183,272,2.0547,98000,"NEAR OCEAN"
36,1421,367,1418,355,1.9425,93400,"NEAR OCEAN"
34,1144,295,1271,302,2.09,91800,"NEAR OCEAN"
37,2395,627,2489,599,1.5933,86300,"NEAR OCEAN"
39,395,159,620,162,2.725,86500,"NEAR OCEAN"
46,200,77,180,65,1.0658,93800,"NEAR OCEAN"
37,1082,294,1146,265,2.0673,88500,"NEAR OCEAN"
38,818,217,953,231,1.0531,65700,"NEAR OCEAN"
37,1361,348,1398,328,1.1681,78100,"NEAR OCEAN"
36,1469,400,1271,340,1.043,90100,"NEAR OCEAN"
48,786,230,917,231,1.875,75600,"NEAR OCEAN"
42,1210,292,945,258,0.8991,78900,"NEAR OCEAN"
38,1445,392,1286,357,1.4632,80200,"NEAR OCEAN"
35,1179,344,1372,330,1.9509,70200,"NEAR OCEAN"
33,1256,331,1315,321,1.9286,78500,"NEAR OCEAN"
38,993,246,760,205,1.1563,82700,"NEAR OCEAN"
42,1145,314,1114,307,1.2614,87500,"NEAR OCEAN"
44,1697,413,1396,363,1.5474,83300,"NEAR OCEAN"
32,2197,623,1784,599,1.901,120300,"NEAR OCEAN"
24,421,101,396,113,0.6433,111300,"NEAR OCEAN"
9,2436,720,1780,653,1.8299,137500,"NEAR OCEAN"
19,1341,435,1048,360,1.975,117900,"NEAR OCEAN"
36,6096,1285,3093,1229,3.37,159100,"NEAR OCEAN"
50,2307,424,887,356,3.5156,168800,"NEAR OCEAN"
52,3976,718,1750,769,3.4151,175400,"NEAR OCEAN"
46,3355,768,1457,708,2.6604,170100,"NEAR OCEAN"
52,1148,214,481,215,5.454,240900,"NEAR OCEAN"
52,2676,557,1181,537,3.6058,213100,"NEAR OCEAN"
50,1527,338,728,322,2.625,203200,"NEAR OCEAN"
43,2706,667,1531,614,2.1513,145000,"NEAR OCEAN"
43,2160,504,1221,452,2.4821,140600,"NEAR OCEAN"
52,1560,307,757,315,2.7083,199100,"NEAR OCEAN"
52,1911,415,777,412,2.2429,221100,"NEAR OCEAN"
42,1558,458,1227,407,2.2804,139100,"NEAR OCEAN"
17,1285,423,1208,409,1.758,126600,"NEAR OCEAN"
34,1694,455,1467,425,2.1164,139400,"NEAR OCEAN"
32,719,251,894,208,1.8456,103100,"NEAR OCEAN"
43,1073,344,660,279,2.0529,168800,"NEAR OCEAN"
45,1140,310,840,339,1.6156,156300,"NEAR OCEAN"
34,2533,862,2011,778,2.1199,160400,"NEAR OCEAN"
52,1225,332,955,321,1.6011,106300,"NEAR OCEAN"
52,979,314,975,297,1.2375,1e+05,"NEAR OCEAN"
52,800,313,1337,282,1.5594,87500,"NEAR OCEAN"
37,1220,325,1472,323,1.825,81500,"NEAR OCEAN"
35,614,180,691,164,1.6953,81300,"NEAR OCEAN"
43,966,255,857,208,1.2841,72000,"NEAR OCEAN"
39,1647,478,2176,479,1.7642,82900,"NEAR OCEAN"
32,1280,353,1335,330,1.6023,77300,"NEAR OCEAN"
35,365,98,463,112,2.5588,78800,"NEAR OCEAN"
43,1126,289,1132,294,2.1875,87000,"NEAR OCEAN"
40,1227,330,1199,316,1.2188,92500,"NEAR OCEAN"
36,633,148,557,139,1.5729,82700,"NEAR OCEAN"
48,510,180,545,132,1.8008,86500,"NEAR OCEAN"
44,658,218,869,212,1.9338,89400,"NEAR OCEAN"
47,552,161,593,174,0.9589,90000,"NEAR OCEAN"
50,475,172,483,120,1.3657,162500,"NEAR OCEAN"
52,402,183,557,172,1.3125,87500,"NEAR OCEAN"
52,458,148,1283,166,1.2863,86300,"NEAR OCEAN"
52,217,82,531,93,1.6607,137500,"NEAR OCEAN"
52,344,177,460,147,1.2292,137500,"NEAR OCEAN"
52,788,463,805,391,0.9142,162500,"NEAR OCEAN"
52,845,451,1230,375,1.0918,22500,"NEAR OCEAN"
5,2508,827,2066,761,1.3092,325000,"NEAR OCEAN"
7,2493,693,951,641,4.2375,205000,"NEAR OCEAN"
39,311,181,206,113,0.7685,187500,"NEAR OCEAN"
26,450,132,317,109,4,137500,"NEAR OCEAN"
24,1232,663,1184,626,1.0391,162500,"NEAR OCEAN"
52,1218,471,821,429,1.9597,2e+05,"NEAR OCEAN"
27,1245,471,653,451,1.2668,225000,"NEAR OCEAN"
52,408,143,313,143,1.815,116700,"NEAR OCEAN"
44,626,256,572,229,1.5909,262500,"NEAR OCEAN"
52,1682,617,873,534,2.0972,112500,"NEAR OCEAN"
52,1863,559,906,493,1.9203,195800,"NEAR OCEAN"
52,1578,487,879,446,2.4069,215000,"NEAR OCEAN"
49,1815,495,601,410,3.0571,418800,"NEAR OCEAN"
43,1437,406,692,379,3.1979,466700,"NEAR OCEAN"
39,3803,806,1567,775,3.7039,361500,"NEAR OCEAN"
38,5054,1168,2366,1103,2.9422,289400,"NEAR OCEAN"
52,55,18,65,22,1.6591,112500,"NEAR OCEAN"
40,581,157,298,156,2.4,255000,"NEAR OCEAN"
33,1115,316,583,269,2.5882,258300,"NEAR OCEAN"
20,1165,269,459,244,3.175,191700,"NEAR OCEAN"
52,25,5,13,5,0.536,162500,"NEAR OCEAN"
15,1716,702,914,672,1.0612,3e+05,"NEAR OCEAN"
45,3025,583,1980,550,2.2982,87500,"NEAR OCEAN"
27,2072,534,1118,510,2.8043,262100,"NEAR OCEAN"
24,3914,985,2147,874,2.9735,225000,"NEAR OCEAN"
26,696,185,384,184,2.6121,125000,"NEAR OCEAN"
23,2415,653,1275,596,3.1389,101800,"NEAR OCEAN"
26,617,112,251,110,3.8036,162000,"NEAR OCEAN"
11,4304,1245,1960,1105,3.3456,159800,"NEAR OCEAN"
52,1245,174,468,193,6.9322,334500,"NEAR OCEAN"
52,1283,173,436,190,7.4029,345700,"NEAR OCEAN"
52,1260,202,555,209,7.2758,345200,"NEAR OCEAN"
41,2621,542,1074,471,2.4016,287500,"NEAR OCEAN"
34,6001,1111,2654,1072,4.5878,291000,"NEAR OCEAN"
38,3966,768,1640,729,3.8409,291400,"NEAR OCEAN"
35,2914,683,1562,638,2.5259,240200,"NEAR OCEAN"
44,1168,263,509,256,2.7273,269700,"NEAR OCEAN"
43,952,209,392,210,2.1635,244200,"NEAR OCEAN"
44,1404,229,513,217,4.1806,263800,"NEAR OCEAN"
43,2216,375,918,388,5.5289,297700,"NEAR OCEAN"
37,2260,354,809,351,5.9113,388300,"NEAR OCEAN"
36,2052,287,699,265,7.5557,441400,"NEAR OCEAN"
38,2827,581,972,558,3.2361,500001,"NEAR OCEAN"
32,4164,701,1277,607,6.6661,500001,"NEAR OCEAN"
39,3089,431,1175,432,7.5925,466700,"NEAR OCEAN"
39,3819,594,1361,583,6.6013,396400,"NEAR OCEAN"
38,1840,291,633,283,4.9125,383600,"NEAR OCEAN"
36,2632,450,2038,419,6.5319,345800,"NEAR OCEAN"
33,1677,228,629,239,6.597,496400,"NEAR OCEAN"
37,2224,331,821,341,6.3331,4e+05,"NEAR OCEAN"
44,1934,325,783,316,4.8684,358600,"NEAR OCEAN"
33,4168,1112,1785,984,2.7515,247700,"NEAR OCEAN"
36,3548,956,1648,866,2.6962,288200,"NEAR OCEAN"
36,1830,430,755,419,2.9904,286800,"NEAR OCEAN"
40,2186,549,953,515,2.8007,257100,"NEAR OCEAN"
44,1686,285,712,298,4.0268,298600,"NEAR OCEAN"
44,1488,259,667,281,4.0862,321800,"NEAR OCEAN"
39,1688,256,635,272,4.5938,367400,"NEAR OCEAN"
21,2050,608,1131,550,2.4779,165000,"NEAR OCEAN"
16,735,139,299,134,4.6354,179200,"NEAR OCEAN"
16,1953,404,798,385,4.8167,169800,"NEAR OCEAN"
35,2615,525,1312,547,4.1339,238200,"NEAR OCEAN"
45,1718,293,757,329,4.05,284900,"NEAR OCEAN"
36,2831,669,1279,660,2.9896,252700,"NEAR OCEAN"
36,1856,475,822,416,2.3042,220600,"NEAR OCEAN"
41,1989,514,1015,489,2.79,226000,"NEAR OCEAN"
36,1240,310,577,319,2.6625,248200,"NEAR OCEAN"
32,3551,1037,1731,935,2.2017,208300,"NEAR OCEAN"
36,1929,526,974,491,1.7622,205800,"NEAR OCEAN"
33,1980,614,1057,567,2.2042,231300,"NEAR OCEAN"
37,1189,377,645,377,2.4672,216700,"NEAR OCEAN"
34,981,313,508,304,2.2328,266700,"NEAR OCEAN"
37,1467,442,651,354,2.375,340400,"NEAR OCEAN"
43,906,240,458,205,1.8365,328600,"NEAR OCEAN"
36,1527,427,710,312,2.7857,291700,"NEAR OCEAN"
21,1479,484,658,384,2.45,350000,"NEAR OCEAN"
38,1267,340,442,250,4.3403,5e+05,"NEAR OCEAN"
32,2021,524,973,485,3.18,362500,"NEAR OCEAN"
35,2494,690,1126,624,4.0313,385300,"NEAR OCEAN"
38,2331,493,836,433,4.9125,452600,"NEAR OCEAN"
22,2020,466,1010,429,3.4527,175000,"NEAR OCEAN"
23,2578,665,989,622,3.5484,238000,"NEAR OCEAN"
28,2453,648,1082,617,3.625,266700,"NEAR OCEAN"
35,1649,355,746,360,4.6293,356500,"NEAR OCEAN"
44,2172,431,892,420,4.1742,342200,"NEAR OCEAN"
17,1149,266,403,228,4.1652,241700,"NEAR OCEAN"
18,2539,616,964,526,3.4306,275000,"NEAR OCEAN"
20,961,278,525,254,3.1838,245800,"NEAR OCEAN"
25,2135,691,566,320,2.6902,212500,"NEAR OCEAN"
18,1741,602,508,283,3.2625,193800,"NEAR OCEAN"
19,786,282,525,229,1.7273,137500,"NEAR OCEAN"
23,1906,525,1029,491,2.93,183300,"NEAR OCEAN"
22,2981,873,1751,745,2.3482,190600,"NEAR OCEAN"
27,1297,355,776,337,2.4643,244400,"NEAR OCEAN"
28,1508,263,996,267,3.8026,270000,"NEAR OCEAN"
21,1703,335,902,369,3.7813,362500,"NEAR OCEAN"
37,1096,260,490,267,3.2663,270600,"NEAR OCEAN"
32,1601,468,731,429,2.5568,258300,"NEAR OCEAN"
30,2061,631,1007,577,2.5813,253100,"NEAR OCEAN"
31,2182,630,1069,599,2.9781,212500,"NEAR OCEAN"
27,848,300,455,298,3.0774,275000,"NEAR OCEAN"
25,1627,375,735,378,3.6429,317100,"NEAR OCEAN"
20,1838,540,615,325,3.5486,193800,"NEAR OCEAN"
21,2429,579,1011,538,3.225,229400,"NEAR OCEAN"
31,1403,388,724,371,2.6403,216100,"NEAR OCEAN"
28,3379,918,1849,849,3.0293,241700,"NEAR OCEAN"
26,3433,873,1492,798,2.9258,234800,"NEAR OCEAN"
28,1072,331,692,321,2.1357,187500,"NEAR OCEAN"
18,2205,661,874,580,3.8018,112500,"NEAR OCEAN"
19,1863,497,868,503,2.288,210000,"NEAR OCEAN"
30,1917,462,828,437,2.4671,276300,"NEAR OCEAN"
29,3376,882,1513,843,3.101,238200,"NEAR OCEAN"
32,2402,551,1020,532,3.3942,307400,"NEAR OCEAN"
35,2281,506,1005,496,4.2296,275000,"NEAR OCEAN"
26,2442,659,1134,624,3.3274,295500,"NEAR OCEAN"
25,2076,586,1060,554,2.8421,227800,"NEAR OCEAN"
30,1328,346,577,328,2.3284,290600,"NEAR OCEAN"
37,1616,421,650,395,2.92,326500,"NEAR OCEAN"
35,1878,308,598,257,6.9553,500001,"NEAR OCEAN"
30,1446,385,650,344,3.744,450000,"NEAR OCEAN"
33,1588,289,683,301,5.4103,332400,"NEAR OCEAN"
34,2420,391,917,392,6.5881,394400,"NEAR OCEAN"
39,1846,350,765,329,3.9187,311900,"NEAR OCEAN"
34,1655,450,870,411,3.2109,376000,"NEAR OCEAN"
41,1420,338,640,314,2.9306,360300,"NEAR OCEAN"
39,1877,426,805,409,3.875,410000,"NEAR OCEAN"
34,2392,653,933,619,3.7306,5e+05,"NEAR OCEAN"
38,2367,480,891,428,4.1477,500001,"NEAR OCEAN"
35,2908,595,1068,529,4.1793,500001,"NEAR OCEAN"
42,2820,488,1175,500,4.5083,405200,"NEAR OCEAN"
42,2785,389,833,333,11.3074,500001,"NEAR OCEAN"
34,2105,444,780,406,2.3187,488900,"NEAR OCEAN"
21,2455,660,1015,597,3.7596,381300,"NEAR OCEAN"
28,2334,694,770,552,3.1324,500001,"NEAR OCEAN"
24,3271,508,1496,482,5.9359,422200,"NEAR OCEAN"
22,3205,429,1083,410,8.1844,406300,"NEAR OCEAN"
20,2467,332,731,335,7.2559,392300,"NEAR OCEAN"
19,1759,214,659,195,10.7751,500001,"NEAR OCEAN"
30,3652,499,978,462,8.2374,500001,"NEAR OCEAN"
17,2075,262,704,241,10.9529,500001,"NEAR OCEAN"
26,3940,657,1180,600,6.1025,500001,"NEAR OCEAN"
18,5566,1465,6303,1458,1.858,205000,"NEAR OCEAN"
26,1647,261,694,259,4.6875,274400,"NEAR OCEAN"
19,2691,347,1154,366,8.051,363600,"NEAR OCEAN"
25,4229,601,1634,574,6.3955,316700,"NEAR OCEAN"
24,3596,494,1573,492,6.5382,326000,"NEAR OCEAN"
26,1352,202,654,217,5.3693,260700,"NEAR OCEAN"
15,2593,521,901,456,4.2065,277800,"NEAR OCEAN"
26,2012,315,872,335,5.4067,277500,"NEAR OCEAN"
18,3109,501,949,368,7.4351,445700,"NEAR OCEAN"
19,5255,762,1773,725,7.8013,474000,"NEAR OCEAN"
23,6139,826,2036,807,9.5245,500001,"NEAR OCEAN"
24,1663,199,578,187,10.7721,500001,"NEAR OCEAN"
34,5846,785,1817,747,8.496,500001,"NEAR OCEAN"
35,1420,193,469,177,8.0639,500001,"NEAR OCEAN"
25,2355,381,823,358,6.8322,500001,"NEAR OCEAN"
30,1670,219,606,202,12.4429,500001,"NEAR OCEAN"
25,2911,533,1137,499,5.1023,500001,"NEAR OCEAN"
27,2530,469,594,326,7.2821,500001,"NEAR OCEAN"
42,1761,329,480,255,5.3787,500001,"NEAR OCEAN"
18,3117,475,904,368,6.7587,388500,"NEAR OCEAN"
22,3479,448,1252,440,10.0707,500001,"NEAR OCEAN"
18,4231,728,2030,720,6.1805,272400,"NEAR OCEAN"
19,3716,563,1788,587,5.2113,267400,"NEAR OCEAN"
22,3501,631,1297,581,4.7891,295300,"NEAR OCEAN"
26,2298,549,980,555,2.4207,213500,"NEAR OCEAN"
15,2895,498,1164,443,5.102,417500,"NEAR OCEAN"
15,2290,662,1034,594,3.0104,204200,"NEAR OCEAN"
16,1675,354,604,332,5.2326,188300,"NEAR OCEAN"
15,1199,301,510,296,3.6083,180100,"NEAR OCEAN"
15,1703,320,587,282,5.0855,209800,"NEAR OCEAN"
16,1200,468,648,443,3.045,1e+05,"NEAR OCEAN"
11,3123,740,1223,634,5.417,196800,"NEAR OCEAN"
16,2800,566,1267,518,3.2794,148600,"NEAR OCEAN"
14,3512,807,1835,792,3.35,171000,"NEAR OCEAN"
4,16289,4585,7604,4176,3.6287,280800,"NEAR OCEAN"
5,3511,1008,1599,918,3.8542,176600,"NEAR OCEAN"
14,3114,773,1592,776,3.3176,156100,"NEAR OCEAN"
4,4308,1095,1923,932,3.9356,267000,"NEAR OCEAN"
12,1428,303,528,269,4.1429,254400,"NEAR OCEAN"
15,1613,303,702,240,4.875,169300,"<1H OCEAN"
14,1259,238,889,247,4.9464,174800,"<1H OCEAN"
5,1619,272,1063,296,6.0891,214600,"<1H OCEAN"
10,2349,431,1598,435,4.8229,183200,"<1H OCEAN"
12,1681,381,1050,362,4.2008,176100,"<1H OCEAN"
5,8576,1952,5006,1827,4.3598,189100,"<1H OCEAN"
8,3405,961,1742,918,2.8728,114600,"<1H OCEAN"
15,1450,266,747,290,3.6111,196300,"<1H OCEAN"
16,3230,579,1825,576,4.2969,151200,"<1H OCEAN"
16,2715,581,1619,584,4,154700,"<1H OCEAN"
14,3014,710,2165,705,3.7837,160300,"<1H OCEAN"
15,2785,644,1798,630,3.7156,175200,"<1H OCEAN"
14,3249,937,1929,838,2.8588,92500,"<1H OCEAN"
13,1743,363,854,353,4.6667,138200,"<1H OCEAN"
16,2173,399,1460,393,4.2614,169600,"<1H OCEAN"
17,1481,315,1002,300,3.6196,163400,"<1H OCEAN"
7,1308,418,766,390,3.2151,106300,"<1H OCEAN"
6,3069,750,1541,736,3.814,132500,"<1H OCEAN"
15,3242,595,1936,593,4.9706,184700,"<1H OCEAN"
16,1580,241,917,261,4.7266,191100,"<1H OCEAN"
16,1565,257,893,239,5.5036,192300,"<1H OCEAN"
15,4846,825,2797,823,4.9375,180400,"<1H OCEAN"
16,2918,444,1697,444,5.3062,195500,"<1H OCEAN"
14,1946,463,1205,390,4.2109,171200,"<1H OCEAN"
12,1474,364,1009,372,4.0521,166700,"<1H OCEAN"
16,2412,419,1612,422,4.5086,171100,"<1H OCEAN"
7,1427,243,927,239,5.3625,218900,"<1H OCEAN"
16,2718,438,1515,431,5.1433,185300,"<1H OCEAN"
15,1558,314,949,332,5.2864,174400,"<1H OCEAN"
16,1972,402,1377,413,4.4615,168300,"<1H OCEAN"
16,2366,392,1482,407,4.9024,182900,"<1H OCEAN"
16,2969,514,1594,465,4.5221,168300,"<1H OCEAN"
4,15025,2616,7560,2392,5.196,210700,"<1H OCEAN"
18,4773,743,1970,716,6.6199,406200,"NEAR OCEAN"
15,1036,149,395,157,5.8343,500001,"NEAR OCEAN"
15,1882,233,704,219,6.9794,500001,"NEAR OCEAN"
16,4755,807,1829,756,6.7694,425900,"NEAR OCEAN"
15,1804,339,673,296,5.9806,370500,"NEAR OCEAN"
18,1591,268,547,243,5.9547,329300,"NEAR OCEAN"
12,2165,437,792,386,5.2648,294400,"NEAR OCEAN"
5,2276,311,1158,317,6.4321,271900,"<1H OCEAN"
10,3486,469,1700,483,6.4696,249500,"<1H OCEAN"
4,19001,2688,8980,2441,6.3237,260900,"<1H OCEAN"
12,5949,799,2936,781,6.3721,241500,"<1H OCEAN"
15,2267,292,1180,289,6.712,240200,"<1H OCEAN"
4,6423,1042,2607,983,7.6348,337000,"NEAR OCEAN"
3,6251,988,2330,893,8.4355,467600,"NEAR OCEAN"
4,18123,3173,7301,2964,6.357,322500,"NEAR OCEAN"
34,2936,597,1512,571,3.7841,176900,"NEAR OCEAN"
31,3958,727,1924,728,5.4605,190200,"NEAR OCEAN"
17,1124,187,553,205,5.7451,237300,"NEAR OCEAN"
31,2558,512,1164,492,3.4318,200400,"NEAR OCEAN"
35,756,135,423,136,3.5234,183900,"NEAR OCEAN"
34,3353,544,1583,571,4.55,187700,"NEAR OCEAN"
32,2033,394,989,389,3.2583,181400,"NEAR OCEAN"
34,2158,366,1046,335,4.5402,182100,"NEAR OCEAN"
36,1089,240,623,226,2.5909,176000,"NEAR OCEAN"
36,1475,328,806,327,3.5078,166000,"NEAR OCEAN"
28,3241,533,1334,513,4.1806,199600,"NEAR OCEAN"
35,2259,501,1340,511,3.4482,162500,"NEAR OCEAN"
33,4773,873,1954,845,4.3862,184800,"NEAR OCEAN"
31,2035,383,866,360,3.8529,212000,"NEAR OCEAN"
27,1318,216,495,191,5.2837,283800,"NEAR OCEAN"
22,3738,795,1476,728,3.7963,303100,"NEAR OCEAN"
24,730,196,335,203,3.5078,362500,"NEAR OCEAN"
35,1377,350,792,313,2.8472,161400,"NEAR OCEAN"
35,1217,220,643,237,3.9464,171600,"NEAR OCEAN"
35,2772,537,1392,521,3.337,172300,"NEAR OCEAN"
34,3850,608,1619,602,5.0465,208200,"NEAR OCEAN"
35,1074,180,442,173,5.253,204000,"NEAR OCEAN"
35,2197,353,945,357,4.9219,192900,"NEAR OCEAN"
31,3064,575,1476,549,3.6667,175900,"NEAR OCEAN"
30,2290,523,1272,472,3.5606,165100,"NEAR OCEAN"
32,1351,237,823,269,4.2768,167800,"NEAR OCEAN"
30,2492,406,1250,431,5.5277,197100,"NEAR OCEAN"
35,2263,427,1001,408,3.875,172000,"NEAR OCEAN"
23,2105,525,1218,484,3.375,184100,"NEAR OCEAN"
30,2288,448,1240,469,4.0114,169800,"NEAR OCEAN"
30,3225,555,1601,532,4.3317,173300,"NEAR OCEAN"
24,3541,530,1591,530,5.3538,212500,"NEAR OCEAN"
24,1623,417,911,397,2.7401,198100,"NEAR OCEAN"
21,2869,596,1471,577,3.0375,197600,"NEAR OCEAN"
27,2346,399,1105,373,4.2708,182800,"NEAR OCEAN"
31,1772,353,1090,350,3.9265,162000,"NEAR OCEAN"
28,2291,371,1098,382,4.6875,188000,"NEAR OCEAN"
26,2424,388,974,375,4.739,184100,"NEAR OCEAN"
26,788,127,346,125,5.0603,185700,"NEAR OCEAN"
19,6823,1509,3784,1509,3.1032,179500,"NEAR OCEAN"
24,1569,377,715,321,3.1146,187500,"NEAR OCEAN"
14,4328,1100,2046,1044,2.2899,159000,"NEAR OCEAN"
35,1213,200,532,181,3.6806,172400,"NEAR OCEAN"
37,422,79,211,80,3.0625,159700,"NEAR OCEAN"
22,2259,634,1213,601,2.5,177800,"NEAR OCEAN"
34,2275,375,1021,379,3.6371,176300,"NEAR OCEAN"
33,3064,506,1355,488,4.22,178700,"NEAR OCEAN"
25,2161,462,896,468,2.2284,177500,"NEAR OCEAN"
25,1756,301,722,312,4.5625,162300,"NEAR OCEAN"
28,3436,537,1503,498,4.7679,204000,"NEAR OCEAN"
33,5226,833,2221,839,5.1491,207000,"NEAR OCEAN"
10,3821,631,1605,609,5.5454,217100,"NEAR OCEAN"
30,2456,390,1022,393,3.8542,198500,"NEAR OCEAN"
30,5201,1104,2961,1064,3.2661,140400,"NEAR OCEAN"
44,2262,647,3009,657,2.2663,123600,"NEAR OCEAN"
43,1269,297,946,285,2.1447,133300,"NEAR OCEAN"
25,1399,329,1308,355,2.5682,187500,"NEAR OCEAN"
20,2827,554,1822,536,3.4706,157600,"NEAR OCEAN"
27,1937,537,1211,482,2.75,87500,"NEAR OCEAN"
23,2395,476,2284,488,3.7292,146300,"NEAR OCEAN"
24,3566,765,1697,722,3.6375,178600,"NEAR OCEAN"
32,1731,413,1569,427,3.3375,154300,"NEAR OCEAN"
17,3845,1051,3102,944,2.3658,164100,"NEAR OCEAN"
34,2515,488,1594,515,3.7381,165000,"NEAR OCEAN"
42,1104,305,892,270,2.2768,145200,"NEAR OCEAN"
35,1399,274,695,281,3.767,166800,"NEAR OCEAN"
6,3856,875,1547,816,4.5481,164800,"NEAR OCEAN"
16,2374,780,913,705,2.7386,87500,"NEAR OCEAN"
8,3694,997,1297,807,3.6492,158900,"NEAR OCEAN"
17,711,254,327,227,2.6493,67500,"NEAR OCEAN"
21,4185,1018,3122,993,3.0481,210000,"NEAR OCEAN"
23,1215,225,592,224,3.4,200600,"NEAR OCEAN"
26,2496,407,1062,380,5.5413,302100,"NEAR OCEAN"
34,4854,912,2089,854,3.8542,2e+05,"NEAR OCEAN"
16,2079,394,746,383,5.0958,3e+05,"NEAR OCEAN"
33,2573,436,1084,443,4.2417,294100,"NEAR OCEAN"
34,1398,222,532,244,3.7102,289600,"NEAR OCEAN"
16,2593,794,1235,684,3.1304,166300,"NEAR OCEAN"
36,4018,1067,1620,842,2.3599,168400,"NEAR OCEAN"
36,1514,258,665,278,3.8571,235100,"NEAR OCEAN"
35,1788,378,777,374,3.3713,238400,"NEAR OCEAN"
31,3417,533,1245,532,4.7788,276000,"NEAR OCEAN"
34,757,212,409,222,3.2312,192200,"NEAR OCEAN"
34,4108,664,1659,644,4.4097,252000,"NEAR OCEAN"
38,2662,498,1132,496,4.0057,241600,"NEAR OCEAN"
30,2747,640,3185,657,3.765,238000,"NEAR OCEAN"
16,3273,670,1305,671,4.1368,151000,"NEAR OCEAN"
9,634,152,248,133,3.8571,143800,"NEAR OCEAN"
14,3575,992,1645,839,2.4397,140600,"NEAR OCEAN"
30,156,45,77,40,3.2679,137500,"NEAR OCEAN"
31,1952,471,936,462,2.8621,196900,"NEAR OCEAN"
34,1629,318,900,282,3.1458,178300,"NEAR OCEAN"
41,1413,261,1070,259,2.3578,166700,"NEAR OCEAN"
41,2423,469,1813,466,2.1157,156900,"NEAR OCEAN"
33,2670,435,1256,431,3.9417,179800,"NEAR OCEAN"
35,1267,212,710,204,2.5368,169600,"NEAR OCEAN"
35,3578,582,1568,553,4.7813,188600,"NEAR OCEAN"
25,1577,266,611,284,5.25,205100,"NEAR OCEAN"
31,984,161,422,158,5.282,183000,"NEAR OCEAN"
19,2157,554,1349,535,2.7652,177400,"NEAR OCEAN"
34,1748,294,800,294,4.4886,179100,"NEAR OCEAN"
15,1606,375,784,342,3.7237,108300,"NEAR OCEAN"
33,2731,456,1263,445,4.5568,175300,"NEAR OCEAN"
29,2863,534,1392,522,3.8719,174200,"NEAR OCEAN"
26,2119,444,1202,440,3.2308,166500,"NEAR OCEAN"
31,1727,342,879,345,3.8125,166300,"NEAR OCEAN"
35,2129,382,1044,350,3.9732,174900,"NEAR OCEAN"
35,1458,262,723,257,4.2098,174100,"NEAR OCEAN"
35,1362,243,698,255,3.6458,173800,"NEAR OCEAN"
4,2782,817,1309,787,4.2621,124200,"NEAR OCEAN"
16,2056,631,847,569,2.9576,92200,"NEAR OCEAN"
7,6100,1185,2710,1040,5.5673,288200,"NEAR OCEAN"
16,3980,682,3174,647,2.6607,175000,"NEAR OCEAN"
17,1787,330,1341,314,2.875,112500,"NEAR OCEAN"
15,3428,491,2303,486,2.5953,67500,"NEAR OCEAN"
17,3890,586,2791,595,3.2197,67500,"NEAR OCEAN"
15,666,152,247,164,2.15,131300,"NEAR OCEAN"
16,4608,629,2020,636,6.04,243000,"<1H OCEAN"
16,4241,892,1771,864,4.375,166500,"NEAR OCEAN"
16,1049,154,467,160,6.2047,248100,"<1H OCEAN"
16,4214,744,1820,699,4.3783,179500,"<1H OCEAN"
15,4138,636,2001,677,4.8419,264000,"<1H OCEAN"
16,1787,236,770,228,7.1298,278600,"<1H OCEAN"
10,5177,856,2190,816,5.9734,271700,"<1H OCEAN"
7,13703,2352,4446,1856,6.4335,260600,"<1H OCEAN"
8,2205,348,777,341,6.0266,177400,"<1H OCEAN"
5,2234,256,894,253,10.3354,477600,"<1H OCEAN"
6,6525,826,3146,806,9.2858,436100,"<1H OCEAN"
25,2963,552,1162,556,3.625,184500,"NEAR OCEAN"
20,2183,534,999,496,2.8631,169700,"NEAR OCEAN"
36,2163,367,915,360,4.7188,174100,"NEAR OCEAN"
32,1587,268,635,249,3.375,178100,"NEAR OCEAN"
16,2574,771,1129,721,3.3849,96900,"NEAR OCEAN"
16,1791,518,1006,491,3.5179,129300,"NEAR OCEAN"
16,2470,830,1170,724,3.5562,73500,"NEAR OCEAN"
16,2220,512,930,527,3.6528,133200,"NEAR OCEAN"
36,1529,266,683,260,4.0982,171200,"NEAR OCEAN"
36,1936,345,861,343,3.8333,170000,"NEAR OCEAN"
31,2019,417,872,386,3.1964,177700,"NEAR OCEAN"
28,1708,393,816,393,2.9881,165300,"NEAR OCEAN"
31,2550,395,1017,405,5.1488,181000,"<1H OCEAN"
36,2028,349,820,352,3.9828,168900,"<1H OCEAN"
36,3583,642,1711,602,3.9745,170800,"NEAR OCEAN"
23,2698,410,1094,411,5.1782,195100,"<1H OCEAN"
15,2000,402,778,369,4.3594,224200,"<1H OCEAN"
17,3939,550,1694,553,6.7927,234700,"<1H OCEAN"
17,1885,292,771,301,5.6402,228600,"<1H OCEAN"
17,1475,308,549,293,3.7167,180400,"<1H OCEAN"
17,2247,340,973,318,5.5,222000,"<1H OCEAN"
25,2489,314,911,309,7.8336,277600,"NEAR OCEAN"
26,3725,623,1516,627,4.7143,268300,"NEAR OCEAN"
21,2919,496,984,443,4.625,222800,"NEAR OCEAN"
23,2491,350,863,348,6.7196,306800,"<1H OCEAN"
25,2504,345,1067,350,5.7416,243400,"<1H OCEAN"
16,1561,378,574,350,3.0035,94600,"<1H OCEAN"
25,1905,250,865,253,6.4797,249000,"<1H OCEAN"
23,3309,401,1116,386,7.916,330600,"<1H OCEAN"
17,2524,332,771,317,8.7604,331800,"<1H OCEAN"
21,3787,492,1246,457,9.6023,391300,"<1H OCEAN"
31,2485,436,942,448,4.8,220800,"NEAR OCEAN"
27,2369,370,927,374,4.1162,177200,"<1H OCEAN"
26,3859,513,1469,538,5.8683,220500,"<1H OCEAN"
19,3866,775,1554,703,4.3281,220000,"<1H OCEAN"
11,1802,440,630,428,2.0337,146700,"<1H OCEAN"
17,1042,210,650,215,3.1,84200,"<1H OCEAN"
17,1558,479,803,431,2.6934,160200,"<1H OCEAN"
20,2705,545,1198,497,3.7159,168900,"<1H OCEAN"
33,4015,663,1864,664,4.3152,159300,"<1H OCEAN"
29,1232,243,665,247,3.65,168900,"<1H OCEAN"
31,2692,445,1129,450,4.4583,170000,"<1H OCEAN"
26,4499,645,1866,626,5.516,185100,"<1H OCEAN"
27,1950,317,950,320,4.0656,164000,"<1H OCEAN"
26,1998,301,874,305,5.4544,180900,"<1H OCEAN"
21,4203,618,1620,600,5.3441,193500,"<1H OCEAN"
14,3173,599,1451,585,3.7292,182200,"<1H OCEAN"
16,1765,289,743,280,4.9744,209700,"<1H OCEAN"
12,2880,406,1381,418,6.5412,254200,"<1H OCEAN"
16,4046,731,1684,701,4.2312,197000,"<1H OCEAN"
26,1919,345,1326,341,4.2679,131900,"NEAR OCEAN"
13,3920,775,2814,760,4.0616,148800,"NEAR OCEAN"
22,2101,399,1551,371,4.1518,136900,"NEAR OCEAN"
17,2724,567,2213,554,3.8529,147700,"NEAR OCEAN"
13,3435,708,1761,699,3.4792,107600,"NEAR OCEAN"
11,2879,679,2098,673,3.5125,142400,"NEAR OCEAN"
16,1269,282,1609,298,2.6985,156500,"NEAR OCEAN"
14,2355,406,1883,401,5.0311,152100,"NEAR OCEAN"
20,2029,357,1497,353,4.0089,132100,"NEAR OCEAN"
23,1918,339,1392,340,4.087,134800,"NEAR OCEAN"
25,2185,370,1558,369,5.3072,132700,"NEAR OCEAN"
22,2857,516,2412,496,4.7337,127600,"NEAR OCEAN"
25,1268,282,991,299,3.0284,123600,"NEAR OCEAN"
17,2252,378,1776,365,4.6364,141100,"NEAR OCEAN"
13,2880,576,2450,567,3.1696,138000,"NEAR OCEAN"
18,1215,320,1195,349,1.9875,114900,"NEAR OCEAN"
17,985,233,811,223,2.875,134500,"NEAR OCEAN"
18,1384,311,1429,287,1.3362,95000,"NEAR OCEAN"
23,1262,294,5176,275,2.5625,153300,"NEAR OCEAN"
15,2206,648,2511,648,1.6348,93200,"NEAR OCEAN"
22,2172,563,2049,524,2.0159,139300,"NEAR OCEAN"
17,2803,683,2768,676,1.7958,140400,"NEAR OCEAN"
5,2706,925,3148,855,1.7301,125000,"NEAR OCEAN"
5,3223,940,3284,854,1.4384,108800,"NEAR OCEAN"
7,938,297,1187,282,1.2667,67500,"NEAR OCEAN"
21,2350,667,1621,613,2.0734,87500,"NEAR OCEAN"
23,1662,377,1318,386,2.3,120800,"NEAR OCEAN"
17,2046,559,1585,530,2.25,132800,"NEAR OCEAN"
33,393,76,330,80,4.1029,122700,"NEAR OCEAN"
29,1061,202,759,206,4.8646,136800,"NEAR OCEAN"
26,2343,371,1221,372,4.3601,144900,"NEAR OCEAN"
16,2687,501,1502,480,3.75,146800,"NEAR OCEAN"
17,2961,634,1911,615,2.5859,131400,"NEAR OCEAN"
18,2203,544,1943,497,2.25,103200,"NEAR OCEAN"
14,1527,357,1224,363,2.7361,93600,"NEAR OCEAN"
9,3648,895,3293,840,3.0992,142600,"NEAR OCEAN"
8,2888,662,2441,683,2.7048,153000,"NEAR OCEAN"
15,1462,274,1002,271,3.9698,142700,"NEAR OCEAN"
22,2128,477,1420,450,3.2687,131000,"NEAR OCEAN"
25,1607,280,899,260,3.8194,134400,"NEAR OCEAN"
12,2565,567,1785,545,3.0273,135300,"NEAR OCEAN"
9,6298,1512,4451,1456,2.569,88300,"NEAR OCEAN"
23,1817,323,1371,327,3.6736,139500,"NEAR OCEAN"
10,2198,368,1645,350,4.5547,160700,"NEAR OCEAN"
17,444,83,357,87,5.1478,138900,"NEAR OCEAN"
8,864,156,626,172,4.8984,151500,"NEAR OCEAN"
8,6533,1217,4797,1177,3.9583,144400,"NEAR OCEAN"
34,2003,466,1226,443,3.0613,136700,"NEAR OCEAN"
21,1738,295,983,298,4.8274,174100,"NEAR OCEAN"
27,2511,615,1427,576,3.1645,156000,"NEAR OCEAN"
32,1870,437,1142,426,2.3194,159400,"NEAR OCEAN"
27,1417,373,814,348,2.3603,195300,"NEAR OCEAN"
20,2524,682,1819,560,2.9286,257700,"NEAR OCEAN"
28,1869,407,1074,344,2.5988,135600,"NEAR OCEAN"
32,2723,586,1702,562,3.3371,140500,"NEAR OCEAN"
35,1450,256,930,286,2.6715,133300,"NEAR OCEAN"
26,1360,309,869,328,3.0217,131600,"NEAR OCEAN"
21,2894,685,2109,712,2.2755,125000,"NEAR OCEAN"
27,2616,591,1889,577,2.3824,127600,"NEAR OCEAN"
14,5058,1299,3662,1193,2.3253,133700,"NEAR OCEAN"
17,2020,534,1529,500,2.1773,143200,"NEAR OCEAN"
12,1086,294,870,290,2.4213,132500,"NEAR OCEAN"
18,2329,580,1538,567,2.1179,153100,"NEAR OCEAN"
28,2793,706,1825,676,2.6724,144500,"NEAR OCEAN"
36,1940,399,1076,382,3.3906,147800,"NEAR OCEAN"
10,7374,1157,1900,794,8.7991,478500,"NEAR OCEAN"
26,1617,279,2745,250,3.5357,67500,"NEAR OCEAN"
16,5895,1424,873,522,7.3669,187500,"NEAR OCEAN"
29,1539,344,556,289,3.25,500001,"NEAR OCEAN"
52,1837,313,668,300,5.1009,500001,"NEAR OCEAN"
37,3112,716,1304,674,3.2121,320800,"NEAR OCEAN"
44,2819,514,1258,503,4.4777,452800,"NEAR OCEAN"
40,2236,331,767,316,5.3177,500001,"NEAR OCEAN"
48,2764,491,978,449,5.1249,432400,"NEAR OCEAN"
19,2802,802,1159,597,4.7891,334600,"NEAR OCEAN"
45,3168,598,1341,562,4.5189,422200,"NEAR OCEAN"
33,4084,897,1804,833,4.0488,409700,"NEAR OCEAN"
44,2655,514,1102,489,3.6759,368800,"NEAR OCEAN"
42,1691,286,761,281,5.1386,404500,"NEAR OCEAN"
35,2921,438,1042,415,6.3612,482700,"NEAR OCEAN"
36,26,14,58,23,1.9107,125000,"NEAR OCEAN"
43,515,146,445,140,1.6094,93000,"NEAR OCEAN"
46,928,236,790,235,1.6806,92500,"NEAR OCEAN"
52,204,74,248,57,1.7961,47500,"NEAR OCEAN"
52,16,4,8,3,1.125,60000,"NEAR OCEAN"
52,280,71,217,71,1.4844,83300,"NEAR OCEAN"
52,25,5,14,9,1.625,118800,"NEAR OCEAN"
37,1157,332,983,306,2.0972,117000,"NEAR OCEAN"
38,833,206,570,182,1.8333,127100,"NEAR OCEAN"
37,1232,330,1086,330,1.6389,114300,"NEAR OCEAN"
27,1782,560,1785,560,2.1542,106300,"NEAR OCEAN"
26,2629,763,2721,767,2.0982,109100,"NEAR OCEAN"
22,1690,541,1669,494,2.0213,110600,"NEAR OCEAN"
30,2662,653,1997,605,2.8089,120600,"NEAR OCEAN"
31,2051,549,1581,538,2.052,108900,"NEAR OCEAN"
15,1635,553,1347,597,1.2745,92900,"NEAR OCEAN"
20,1012,269,837,240,2.0488,88900,"NEAR OCEAN"
29,4174,1195,3675,1124,1.8112,103600,"NEAR OCEAN"
42,2013,568,1920,557,2.0724,107600,"NEAR OCEAN"
47,771,224,637,212,2.0156,90300,"NEAR OCEAN"
49,1412,350,1200,332,2.0398,93600,"NEAR OCEAN"
47,1044,274,1003,280,1.7802,97800,"NEAR OCEAN"
45,1183,289,900,266,2.4943,99600,"NEAR OCEAN"
29,1429,293,1091,317,3.4609,118000,"NEAR OCEAN"
31,2558,487,1938,492,3.4875,117000,"NEAR OCEAN"
36,1571,284,1001,268,3.6875,111400,"NEAR OCEAN"
34,1469,267,1031,267,3.4583,112700,"NEAR OCEAN"
29,1792,449,1650,396,2.2201,1e+05,"NEAR OCEAN"
28,1485,275,820,283,4.069,153300,"NEAR OCEAN"
26,3071,615,2156,568,2.9318,112400,"NEAR OCEAN"
19,3635,1078,3127,1098,1.324,122600,"NEAR OCEAN"
20,2569,737,2341,705,2.0114,104900,"NEAR OCEAN"
28,2758,623,2179,631,2.3814,112300,"NEAR OCEAN"
31,3008,764,2088,757,2.5662,118200,"NEAR OCEAN"
46,844,147,423,161,3.375,136300,"NEAR OCEAN"
43,1004,236,839,235,2.81,103400,"NEAR OCEAN"
35,3200,725,1723,610,1.8977,95600,"NEAR OCEAN"
12,4131,891,2272,840,3.4701,204900,"NEAR OCEAN"
32,5135,1025,2152,944,4.1325,172800,"NEAR OCEAN"
43,1005,230,548,252,1.8672,145800,"NEAR OCEAN"
17,2633,712,1487,694,2.5392,147000,"NEAR OCEAN"
38,917,256,494,233,1.9241,150000,"NEAR OCEAN"
11,1651,533,947,515,1.6806,141700,"NEAR OCEAN"
20,1445,323,573,334,2.619,145800,"NEAR OCEAN"
25,3509,985,2359,899,2.6296,150000,"NEAR OCEAN"
28,2296,603,1277,550,2.3562,123800,"NEAR OCEAN"
38,2095,536,1240,550,2.7218,145900,"NEAR OCEAN"
30,3171,862,2126,800,2.507,142700,"NEAR OCEAN"
29,1578,460,1236,461,2.5658,134700,"NEAR OCEAN"
20,1999,651,1302,592,1.6321,57500,"NEAR OCEAN"
19,2571,791,1205,783,1.62,131300,"NEAR OCEAN"
27,2920,770,1935,746,2.4148,67500,"NEAR OCEAN"
23,1619,447,1025,415,1.858,67500,"NEAR OCEAN"
27,1846,509,1078,482,2.1719,131500,"NEAR OCEAN"
37,1538,298,867,285,3.0729,128700,"NEAR OCEAN"
37,1925,428,1344,426,2.4866,129700,"NEAR OCEAN"
34,1576,364,1153,381,2.1955,129700,"NEAR OCEAN"
33,2891,793,1607,754,2.1281,139800,"NEAR OCEAN"
24,3613,973,2002,931,1.947,147500,"NEAR OCEAN"
33,620,161,420,164,1.8417,150000,"NEAR OCEAN"
38,1486,269,745,295,4.6477,150400,"NEAR OCEAN"
37,2303,379,1026,357,3.455,156900,"NEAR OCEAN"
30,2873,774,1593,731,2.24,129500,"NEAR OCEAN"
37,1326,234,612,240,4.125,160200,"NEAR OCEAN"
36,786,125,408,138,3.9167,189700,"NEAR OCEAN"
40,1706,322,796,303,3.5583,154900,"NEAR OCEAN"
37,2372,444,1056,419,3.7583,145500,"NEAR OCEAN"
30,2504,559,1827,490,2.6146,159400,"NEAR OCEAN"
28,2080,427,1266,434,2.2788,146300,"NEAR OCEAN"
28,2468,506,1353,522,3.0771,158600,"NEAR OCEAN"
36,1674,309,818,307,3.4773,150400,"NEAR OCEAN"
23,1157,309,640,313,2.1548,118800,"NEAR OCEAN"
21,1945,430,1335,419,3.6467,113000,"NEAR OCEAN"
16,5192,1381,3261,1321,2.2685,151900,"NEAR OCEAN"
27,2264,525,1485,468,3.3514,149100,"NEAR OCEAN"
19,5016,1173,2750,1081,2.7838,155900,"NEAR OCEAN"
34,4325,1015,2609,979,2.8489,128300,"NEAR OCEAN"
22,5016,1331,3222,1196,2.1441,135500,"NEAR OCEAN"
18,2602,551,1042,550,1.9267,67500,"NEAR OCEAN"
21,1779,466,1327,488,1.6007,96200,"NEAR OCEAN"
30,144,52,220,48,2.3929,134400,"NEAR OCEAN"
24,1901,490,1334,476,2.2544,121900,"NEAR OCEAN"
10,1686,414,1000,391,2.1765,128400,"NEAR OCEAN"
24,4369,1353,3123,1247,2.0571,152300,"NEAR OCEAN"
23,1630,362,1267,418,2.5625,131100,"NEAR OCEAN"
13,1607,435,983,400,2.2903,106300,"NEAR OCEAN"
25,1075,238,434,234,1.7472,94600,"NEAR OCEAN"
24,1088,268,1095,246,2.4191,107300,"NEAR OCEAN"
33,905,205,989,222,2.7014,108200,"NEAR OCEAN"
31,4911,861,2334,843,4.1958,160100,"NEAR OCEAN"
34,3928,686,2315,681,4.2851,144500,"NEAR OCEAN"
26,3620,607,2000,593,4.9962,156000,"NEAR OCEAN"
31,4033,715,2585,715,3.5096,139900,"NEAR OCEAN"
21,6034,1205,3795,1146,3.2633,129700,"NEAR OCEAN"
26,1563,286,1145,313,3.8615,139300,"NEAR OCEAN"
20,8052,1461,5094,1430,4.2241,139800,"NEAR OCEAN"
18,4747,846,3002,872,3.9076,152900,"NEAR OCEAN"
16,4683,929,3073,865,3.0495,98300,"NEAR OCEAN"
26,2074,356,1228,335,4.1154,160200,"NEAR OCEAN"
27,1710,282,1089,297,4.6793,151900,"NEAR OCEAN"
23,1553,216,778,229,5.1538,171300,"NEAR OCEAN"
22,1028,148,523,152,6.0086,166900,"NEAR OCEAN"
26,1335,224,742,215,5.152,143400,"NEAR OCEAN"
19,1902,335,1102,313,3.0365,98100,"NEAR OCEAN"
6,7995,1458,4771,1376,4.7068,184300,"NEAR OCEAN"
30,4494,667,1883,680,5.766,186100,"NEAR OCEAN"
29,4168,742,2096,713,4.2204,169800,"NEAR OCEAN"
22,2346,380,1217,382,5.5248,156300,"NEAR OCEAN"
17,2319,348,1125,337,5.551,266900,"NEAR OCEAN"
16,2238,307,1002,303,6.6143,264100,"NEAR OCEAN"
20,1505,184,635,182,6.5772,245200,"NEAR OCEAN"
11,9992,1368,4495,1316,6.9664,293900,"NEAR OCEAN"
4,16450,2833,7985,2683,5.6631,233400,"NEAR OCEAN"
15,4331,699,2046,627,3.9519,193500,"NEAR OCEAN"
8,8806,1401,3159,1059,4.2155,247800,"NEAR OCEAN"
14,1111,142,472,145,7.6344,290500,"NEAR OCEAN"
11,3098,490,1391,484,4.9792,170400,"NEAR OCEAN"
7,6483,976,3269,1005,5.7358,221600,"NEAR OCEAN"
5,2329,542,1213,514,4.0298,225600,"NEAR OCEAN"
5,260,41,157,42,6.5151,281700,"NEAR OCEAN"
13,2087,313,1165,330,5.7789,227700,"NEAR OCEAN"
14,2796,476,1466,464,5.2489,213700,"NEAR OCEAN"
26,2756,422,1166,398,5.1354,181600,"NEAR OCEAN"
17,3101,547,1410,486,3.1771,189900,"<1H OCEAN"
17,3943,843,1995,766,2.6944,158300,"<1H OCEAN"
24,977,147,454,169,4.9286,173700,"<1H OCEAN"
16,3361,537,1754,578,5.1098,162300,"<1H OCEAN"
15,4209,680,1914,641,4.5135,158300,"<1H OCEAN"
16,952,143,530,143,5.0864,175300,"<1H OCEAN"
4,1078,158,571,184,4.6667,223300,"<1H OCEAN"
14,7410,1344,3597,1274,4.2192,176100,"<1H OCEAN"
7,2722,578,1429,574,3.9583,141700,"<1H OCEAN"
18,2413,533,1129,551,2.4567,155000,"<1H OCEAN"
17,1635,272,960,279,5.2671,157100,"<1H OCEAN"
26,2460,313,838,299,5.9878,270700,"<1H OCEAN"
25,4137,662,1905,630,4.375,214000,"<1H OCEAN"
28,3519,583,1720,590,4.7973,186900,"<1H OCEAN"
18,1519,369,802,347,2.9886,170800,"<1H OCEAN"
33,3071,466,1348,513,6.1768,228900,"<1H OCEAN"
13,5543,857,2074,737,4.9528,266200,"<1H OCEAN"
4,14934,2479,6945,2418,5.1221,229700,"<1H OCEAN"
9,1859,307,947,304,5.9202,181300,"<1H OCEAN"
7,1659,237,862,242,5.2741,249400,"<1H OCEAN"
5,8710,1614,4372,1527,4.7813,240900,"<1H OCEAN"
31,1989,280,805,301,6.5645,189100,"<1H OCEAN"
21,3833,595,1645,589,4.625,273500,"<1H OCEAN"
18,3341,611,1952,602,3.9844,215300,"<1H OCEAN"
17,2357,599,1423,510,1.8856,118800,"<1H OCEAN"
30,1856,339,1103,379,4.0357,153800,"<1H OCEAN"
26,4038,706,2065,687,3.9545,178100,"<1H OCEAN"
34,2105,340,973,357,4.3088,152500,"<1H OCEAN"
22,2526,530,1556,529,2.8646,120800,"NEAR OCEAN"
17,6050,1143,3424,1131,3.7647,127600,"<1H OCEAN"
10,3817,943,2352,875,2.1362,143200,"NEAR OCEAN"
12,2914,734,2104,703,2.3068,132300,"NEAR OCEAN"
15,3660,622,2629,612,4.0444,150100,"NEAR OCEAN"
23,2785,468,1456,449,4.3714,131000,"NEAR OCEAN"
18,2355,444,1277,433,3.4551,121400,"<1H OCEAN"
21,3049,582,2355,585,3.8904,113800,"NEAR OCEAN"
22,2263,441,1395,416,3.725,123500,"NEAR OCEAN"
20,3506,692,1977,668,2.981,129100,"NEAR OCEAN"
15,825,130,334,131,4.0391,169500,"<1H OCEAN"
14,1771,301,1046,284,4.775,143300,"<1H OCEAN"
13,1330,216,719,215,3.8295,149600,"<1H OCEAN"
11,1112,164,441,174,4.7679,169500,"<1H OCEAN"
30,4205,772,2012,734,3.5,144700,"NEAR OCEAN"
32,1750,333,997,335,3.4784,154400,"NEAR OCEAN"
37,821,150,404,135,3.0125,130400,"NEAR OCEAN"
22,5201,865,3280,817,4.7952,141400,"NEAR OCEAN"
36,2030,369,1142,357,3.7763,126900,"NEAR OCEAN"
38,3174,606,1557,619,3.5861,123600,"NEAR OCEAN"
38,886,176,505,188,3.5938,125400,"NEAR OCEAN"
37,2192,455,1515,446,3.0588,120600,"NEAR OCEAN"
24,5474,955,3020,904,4.0813,137000,"NEAR OCEAN"
36,2084,400,1097,398,3.2717,130700,"NEAR OCEAN"
25,1375,267,1032,278,3.5492,125400,"NEAR OCEAN"
35,3669,617,1694,585,3.9485,133900,"NEAR OCEAN"
27,3184,588,1763,571,3.5529,133900,"NEAR OCEAN"
35,1878,454,991,409,2.4345,129700,"NEAR OCEAN"
33,3880,770,2288,805,3.6848,140700,"NEAR OCEAN"
12,3301,963,2000,879,1.8594,119200,"NEAR OCEAN"
5,2878,785,1727,758,1.7179,132000,"NEAR OCEAN"
36,2297,418,1070,392,3.5192,144000,"NEAR OCEAN"
29,2767,612,1437,587,2.8306,142900,"NEAR OCEAN"
43,1718,344,826,336,2.7014,133700,"NEAR OCEAN"
34,1796,428,918,424,2.875,161200,"<1H OCEAN"
15,1204,326,543,326,1.0278,154200,"<1H OCEAN"
40,2523,488,976,470,3.11,185700,"<1H OCEAN"
33,3296,537,1345,556,5.2835,217100,"<1H OCEAN"
24,7879,1655,3898,1534,3.0897,187300,"NEAR OCEAN"
26,4263,1037,2199,1010,2.734,148900,"<1H OCEAN"
43,3171,665,1534,625,3.141,141400,"NEAR OCEAN"
37,4879,906,2076,871,3.6625,154800,"NEAR OCEAN"
37,2979,557,1285,564,3.7368,152200,"NEAR OCEAN"
16,7963,1881,3769,1804,2.9624,144700,"<1H OCEAN"
19,4819,1492,2572,1336,2.3393,118200,"<1H OCEAN"
37,1184,178,529,192,4.7941,161700,"<1H OCEAN"
17,5481,1618,2957,1537,2.5707,171300,"<1H OCEAN"
33,3481,708,1726,719,3.3675,158200,"<1H OCEAN"
31,2366,383,1077,387,4.2992,174400,"<1H OCEAN"
17,7352,1699,3331,1634,2.7006,166300,"<1H OCEAN"
30,1802,401,776,386,2.8125,173500,"<1H OCEAN"
22,3626,824,1800,769,2.8594,189600,"<1H OCEAN"
34,3415,608,1464,593,4.0549,223700,"<1H OCEAN"
24,2311,536,1005,525,2.9,185200,"<1H OCEAN"
34,3330,723,1592,656,2.6678,164200,"<1H OCEAN"
43,841,192,496,207,3.0179,149300,"<1H OCEAN"
31,3776,815,1886,799,3.4421,155300,"<1H OCEAN"
20,2616,597,1532,579,2.9896,235600,"<1H OCEAN"
36,2211,384,868,329,4.0491,147900,"<1H OCEAN"
33,2420,393,1003,397,4.0658,165100,"<1H OCEAN"
26,3623,703,1609,669,3.744,165800,"<1H OCEAN"
29,1114,163,385,154,5.4333,222800,"<1H OCEAN"
31,3256,726,1595,706,3.4773,155800,"<1H OCEAN"
35,2306,334,828,310,6.1103,301600,"<1H OCEAN"
29,3558,447,1097,445,8.093,379600,"<1H OCEAN"
31,2545,373,956,342,4.3977,226800,"<1H OCEAN"
35,2114,317,881,320,5.5,241400,"<1H OCEAN"
33,2432,443,1147,427,3.3906,138100,"<1H OCEAN"
26,2807,630,1785,580,2.1638,132800,"<1H OCEAN"
26,8902,1413,3941,1387,4.7943,226900,"<1H OCEAN"
21,4192,752,2101,710,4.4306,159100,"<1H OCEAN"
15,4058,511,1580,473,7.5,316400,"<1H OCEAN"
16,2770,406,1269,429,6.6783,275000,"<1H OCEAN"
8,3600,492,1421,482,6.2609,307100,"<1H OCEAN"
20,3425,448,1489,443,6.2552,296400,"<1H OCEAN"
25,3308,421,1201,414,6.3191,303400,"<1H OCEAN"
17,13559,2656,6990,2533,3.434,193200,"<1H OCEAN"
17,4234,770,2191,725,3.6445,197600,"<1H OCEAN"
35,2926,562,1590,506,4.2014,143200,"<1H OCEAN"
19,1747,291,848,290,4.875,187200,"<1H OCEAN"
6,3123,495,1513,480,5.4288,167800,"<1H OCEAN"
18,2367,402,1021,395,4.8125,210500,"<1H OCEAN"
24,4055,742,2123,744,4.5224,142000,"<1H OCEAN"
23,5759,1258,3108,1202,3.0927,140600,"<1H OCEAN"
32,1943,287,1081,292,5.6846,208800,"<1H OCEAN"
21,3770,491,1410,446,6.7685,294700,"<1H OCEAN"
21,7906,2292,4868,2117,1.8937,109800,"<1H OCEAN"
19,11391,3093,7178,2905,2.0326,123200,"<1H OCEAN"
16,3920,1094,2612,1023,1.3291,120800,"<1H OCEAN"
19,3008,693,2341,689,2.6087,123800,"<1H OCEAN"
35,1081,266,691,259,2.6324,133700,"<1H OCEAN"
24,2493,693,1420,643,1.8357,104200,"<1H OCEAN"
19,4108,1101,2971,1006,1.9893,112500,"<1H OCEAN"
17,5236,1325,3308,1233,2.3221,138800,"<1H OCEAN"
37,1255,238,671,278,3.7019,138600,"<1H OCEAN"
35,1113,236,681,246,2.9784,136400,"<1H OCEAN"
32,1255,338,782,302,2.6635,113600,"<1H OCEAN"
32,3756,662,1611,598,3.8667,189700,"<1H OCEAN"
28,5721,1029,2672,1054,3.963,164400,"<1H OCEAN"
34,3657,538,1513,562,5.2907,195800,"<1H OCEAN"
33,1816,325,768,316,4.5662,150300,"<1H OCEAN"
29,2045,398,912,368,3.0189,144100,"<1H OCEAN"
25,4436,758,1997,738,4.2386,201000,"<1H OCEAN"
18,10968,1521,4439,1501,6.2787,250000,"<1H OCEAN"
23,149,32,101,34,2.6458,112500,"<1H OCEAN"
19,1573,471,844,414,2.1422,125000,"<1H OCEAN"
15,3927,1018,2204,977,2.4367,111400,"<1H OCEAN"
22,4266,1010,2766,985,2.8175,135200,"<1H OCEAN"
28,3042,729,1964,703,2.4141,137500,"<1H OCEAN"
19,4574,1152,3045,1057,2.065,124100,"<1H OCEAN"
25,3421,803,1681,742,3.369,134400,"<1H OCEAN"
34,1765,284,772,282,5.0118,165300,"<1H OCEAN"
23,2668,528,1510,524,3.3669,158900,"<1H OCEAN"
26,4129,714,1820,718,4.2586,171000,"<1H OCEAN"
22,4331,637,1952,654,5.4834,232000,"<1H OCEAN"
33,1518,268,857,272,3.5586,160400,"<1H OCEAN"
17,1312,394,836,337,1.6686,112500,"<1H OCEAN"
19,1867,538,1219,468,2.0685,130000,"<1H OCEAN"
18,2447,466,1573,472,2.6429,125400,"<1H OCEAN"
19,5308,1058,2852,1092,2.9161,135700,"<1H OCEAN"
12,5535,1434,3112,1262,2.5949,108300,"<1H OCEAN"
31,1277,293,698,237,3.1106,147700,"<1H OCEAN"
8,2378,638,1410,623,2.9097,152500,"<1H OCEAN"
35,1737,285,826,294,3.2411,159200,"<1H OCEAN"
8,2517,632,1686,613,2.136,143500,"<1H OCEAN"
15,2619,599,1513,537,2.543,1e+05,"<1H OCEAN"
18,3038,592,1904,595,3.8024,144900,"<1H OCEAN"
17,6659,1402,3183,1378,2.949,117300,"<1H OCEAN"
20,6696,1326,3687,1291,3.1979,154600,"<1H OCEAN"
32,5211,949,3025,948,4.0931,134200,"<1H OCEAN"
12,3570,713,3321,666,4.0882,134500,"<1H OCEAN"
17,15401,3280,7302,3176,3.3067,121900,"<1H OCEAN"
23,1951,395,901,378,3.1023,143300,"<1H OCEAN"
17,4013,673,2263,661,5.131,148300,"<1H OCEAN"
11,9724,1796,5247,1777,4.1716,166100,"<1H OCEAN"
14,3064,496,1681,503,4.4347,160300,"<1H OCEAN"
17,4713,740,2531,723,4.8286,158500,"<1H OCEAN"
12,7320,1279,4048,1249,4.3952,151700,"<1H OCEAN"
19,2121,341,1236,353,4.7717,153200,"<1H OCEAN"
16,7718,1423,4383,1394,4.0693,146400,"<1H OCEAN"
18,11544,1979,6296,1923,4.4904,150400,"<1H OCEAN"
23,2592,414,1401,431,5.4903,151400,"<1H OCEAN"
24,1888,319,950,319,5.282,140800,"<1H OCEAN"
14,12517,2506,6389,2333,3.3081,168700,"<1H OCEAN"
15,3273,895,1872,842,2.5388,119000,"<1H OCEAN"
5,4116,990,2770,905,3.1142,150000,"<1H OCEAN"
31,1293,232,599,228,4.7578,161000,"<1H OCEAN"
32,1607,253,778,262,4.5278,166300,"<1H OCEAN"
38,1701,317,872,304,3.7831,147800,"<1H OCEAN"
9,3049,471,1527,515,5.0733,196600,"<1H OCEAN"
17,5799,921,2630,843,5.0524,285400,"<1H OCEAN"
16,2502,532,1211,494,3.2516,202100,"<1H OCEAN"
16,1743,333,652,322,2.8906,158300,"<1H OCEAN"
14,3048,597,1690,576,4.3818,147100,"<1H OCEAN"
10,3699,838,2310,759,2.5365,139500,"<1H OCEAN"
15,3153,628,1633,527,3.6898,131000,"<1H OCEAN"
11,2204,518,1472,497,2.3693,127000,"<1H OCEAN"
19,3038,529,1463,509,3.944,172500,"<1H OCEAN"
21,1283,278,684,289,2.3203,163500,"<1H OCEAN"
17,2492,494,1278,439,2.8875,155700,"<1H OCEAN"
23,1378,269,767,266,4.0625,145000,"<1H OCEAN"
16,4675,834,2188,817,4.6674,178000,"<1H OCEAN"
16,2784,468,1458,465,4.0048,184600,"<1H OCEAN"
21,4152,703,2255,697,4.5096,159500,"<1H OCEAN"
15,3560,593,1757,574,5.1185,185300,"<1H OCEAN"
18,3612,737,1864,713,2.7069,153800,"<1H OCEAN"
18,2515,443,1442,449,5.0201,154400,"<1H OCEAN"
18,4215,810,2104,773,4.0873,146900,"<1H OCEAN"
14,1978,424,1085,387,3.8073,170100,"<1H OCEAN"
16,3047,495,1507,499,5.3008,186500,"<1H OCEAN"
24,2541,381,1078,372,5.2542,227800,"<1H OCEAN"
24,2824,441,1480,471,5.2614,177200,"<1H OCEAN"
17,3722,670,1561,604,3.6027,211900,"<1H OCEAN"
19,3090,552,1621,520,4.0806,189200,"<1H OCEAN"
20,1066,219,536,173,3.1607,119300,"<1H OCEAN"
19,3558,588,1439,578,4.625,211100,"<1H OCEAN"
17,3430,425,1468,433,10.6186,429300,"<1H OCEAN"
28,922,107,314,97,8.4721,342300,"<1H OCEAN"
6,6139,793,2693,770,7.7569,387400,"<1H OCEAN"
6,9518,1418,4413,1275,6.6012,314900,"<1H OCEAN"
16,1332,196,640,193,6.0226,192900,"<1H OCEAN"
16,1306,196,713,222,6.2683,180700,"<1H OCEAN"
17,9911,1436,4763,1414,5.5882,194300,"<1H OCEAN"
18,3593,661,1992,626,4.8295,165800,"<1H OCEAN"
13,6711,1256,3683,1220,4.5746,175700,"<1H OCEAN"
16,3936,694,1935,659,4.5625,231200,"<1H OCEAN"
16,3424,698,1940,645,4.121,182100,"<1H OCEAN"
17,5509,866,2748,817,4.8854,181300,"<1H OCEAN"
25,1909,334,1043,322,3.7784,160100,"<1H OCEAN"
19,4500,815,2456,782,4.5032,168900,"<1H OCEAN"
17,3039,555,1297,552,3.9531,178600,"<1H OCEAN"
17,4814,1091,3013,1078,3.2369,167800,"<1H OCEAN"
24,830,190,279,196,1.9176,121100,"<1H OCEAN"
24,2618,485,726,443,3.5192,159100,"<1H OCEAN"
25,2120,381,588,359,3.1187,169400,"<1H OCEAN"
17,2863,665,715,467,2.6048,148200,"<1H OCEAN"
17,1785,255,667,277,5.7382,278000,"<1H OCEAN"
23,2023,309,678,340,7.0913,265400,"<1H OCEAN"
14,6665,1231,2026,1001,5.09,268500,"<1H OCEAN"
15,1095,158,361,176,6.8099,328200,"<1H OCEAN"
10,2296,450,818,405,4.3424,160600,"<1H OCEAN"
4,2271,578,926,391,3.6437,210100,"<1H OCEAN"
15,3023,623,1283,559,3.3724,137900,"<1H OCEAN"
17,987,142,463,152,5.8747,229300,"<1H OCEAN"
18,1339,284,761,290,5.3074,137200,"<1H OCEAN"
17,2786,396,1228,396,6.4211,220700,"<1H OCEAN"
10,2577,347,1193,365,6.53,264100,"<1H OCEAN"
4,15029,2279,5613,1696,7.2731,450400,"NEAR OCEAN"
17,3167,861,2098,828,2.4459,85800,"<1H OCEAN"
7,3619,770,1134,482,4.1279,167600,"<1H OCEAN"
6,7916,1293,2741,1204,5.6436,278600,"<1H OCEAN"
12,1840,254,580,234,6.7769,4e+05,"<1H OCEAN"
14,5180,1051,1639,991,4.5,222200,"<1H OCEAN"
16,87,20,32,21,4.3571,144600,"<1H OCEAN"
17,2635,389,994,359,5.8966,261500,"<1H OCEAN"
18,917,121,388,131,6.3517,260100,"<1H OCEAN"
13,4595,567,1643,544,7.7684,362300,"<1H OCEAN"
16,2852,435,1083,448,6.3761,296200,"<1H OCEAN"
8,3372,430,1536,448,8.4284,378300,"<1H OCEAN"
11,1412,185,529,166,7.7517,500001,"<1H OCEAN"
9,2012,316,802,289,6.5706,255700,"<1H OCEAN"
16,2005,266,827,270,7.0546,282200,"<1H OCEAN"
16,1989,290,814,291,6.2715,255100,"<1H OCEAN"
16,2994,445,1047,437,5.149,184300,"<1H OCEAN"
16,2043,388,705,352,4.4766,161500,"<1H OCEAN"
15,1840,235,855,241,7.5992,310600,"<1H OCEAN"
16,1653,228,690,224,6.5853,248400,"<1H OCEAN"
5,14944,2490,6600,2407,6.0857,308300,"<1H OCEAN"
9,1547,218,683,231,7.5604,327900,"<1H OCEAN"
5,5870,977,1917,842,5.1998,294100,"<1H OCEAN"
9,2470,417,904,427,4.4219,209200,"<1H OCEAN"
4,6242,1258,2211,1116,4.25,281600,"<1H OCEAN"
4,9153,1866,3775,1698,4.955,241500,"<1H OCEAN"
5,5659,931,2565,902,6.1949,238700,"<1H OCEAN"
16,2175,327,1037,326,5.1909,201400,"<1H OCEAN"
18,3215,588,1618,509,4.6028,216800,"<1H OCEAN"
23,1125,273,687,308,2.3182,268800,"<1H OCEAN"
16,3050,559,1444,512,5.2463,156300,"<1H OCEAN"
9,1531,242,850,240,6.0862,263600,"<1H OCEAN"
5,15502,2613,7417,2358,5.9094,261100,"<1H OCEAN"
11,4694,824,2223,783,4.9485,231800,"<1H OCEAN"
8,3670,536,1723,592,6.3542,218100,"<1H OCEAN"
15,2869,405,1526,402,6.0175,238300,"<1H OCEAN"
4,9018,1572,4438,1498,4.988,263700,"<1H OCEAN"
3,17466,3336,7644,2895,5.4584,246500,"<1H OCEAN"
17,4754,877,2412,832,4.3548,192300,"<1H OCEAN"
6,9859,1448,4194,1401,6.439,296200,"NEAR OCEAN"
16,2794,476,1387,442,4.3286,213400,"NEAR OCEAN"
14,2323,373,1057,372,6.2513,240900,"NEAR OCEAN"
11,2660,352,1226,366,7.6832,319800,"NEAR OCEAN"
15,3029,555,1559,546,5.3129,169200,"NEAR OCEAN"
11,5827,882,2588,842,6.4027,344200,"NEAR OCEAN"
5,10394,1617,4496,1553,5.9289,411300,"NEAR OCEAN"
16,1988,279,770,252,5.8661,404500,"NEAR OCEAN"
20,3370,433,1020,408,11.0911,500001,"NEAR OCEAN"
15,3540,453,1364,425,13.6623,500001,"NEAR OCEAN"
26,3194,454,1032,406,10.156,500001,"NEAR OCEAN"
18,3961,511,1541,470,11.1118,500001,"NEAR OCEAN"
25,2582,495,1088,471,6.4651,500001,"NEAR OCEAN"
36,1721,264,710,282,10.1768,500001,"NEAR OCEAN"
34,1651,273,650,271,5.6582,500001,"NEAR OCEAN"
22,5484,1227,1947,1012,4.4375,500001,"NEAR OCEAN"
30,1226,205,380,151,4.2875,500001,"NEAR OCEAN"
16,3892,520,1454,524,7.7317,396000,"NEAR OCEAN"
16,2512,356,795,353,7.5975,369100,"NEAR OCEAN"
17,2718,326,1011,319,15.0001,500001,"NEAR OCEAN"
10,4926,749,1478,634,7.472,439900,"NEAR OCEAN"
14,2518,458,931,414,5.8393,485300,"NEAR OCEAN"
31,2695,491,1059,451,4.7841,393500,"NEAR OCEAN"
36,2426,454,1085,420,5.1523,387800,"NEAR OCEAN"
30,1631,310,665,297,6.8443,492500,"NEAR OCEAN"
16,2127,512,1532,499,2.7348,231300,"NEAR OCEAN"
21,3318,578,1273,538,5.5922,382100,"NEAR OCEAN"
12,3900,977,1690,892,4.125,226900,"NEAR OCEAN"
17,2789,648,849,345,4.1012,244700,"NEAR OCEAN"
17,1853,392,351,208,5.2742,230700,"NEAR OCEAN"
29,3584,712,1619,667,4.125,394400,"NEAR OCEAN"
21,2736,585,1251,576,4.2356,347700,"NEAR OCEAN"
13,5723,1242,2450,1140,4.7179,376700,"NEAR OCEAN"
18,2229,346,1088,352,6.3525,278300,"NEAR OCEAN"
16,3109,450,1433,453,6.6319,269600,"NEAR OCEAN"
13,3498,663,1412,618,3.212,147600,"NEAR OCEAN"
6,3416,493,1319,467,6.9326,324600,"NEAR OCEAN"
25,1787,311,1108,311,3.9826,215800,"NEAR OCEAN"
16,2240,443,1104,416,3.5313,148700,"NEAR OCEAN"
9,4632,759,1724,685,6.3712,369800,"NEAR OCEAN"
19,2899,499,1356,512,4.87,220900,"NEAR OCEAN"
21,2144,340,928,344,5.798,286100,"NEAR OCEAN"
28,1146,338,672,292,3.1667,3e+05,"NEAR OCEAN"
12,4459,928,2471,888,3.5179,252700,"NEAR OCEAN"
27,1839,392,1302,404,3.55,214600,"NEAR OCEAN"
30,2750,555,1281,520,4.7333,286900,"NEAR OCEAN"
31,1171,321,603,267,2.8611,314300,"NEAR OCEAN"
14,2670,426,1034,407,6.4247,295100,"NEAR OCEAN"
18,3225,515,1463,476,5.7787,346700,"NEAR OCEAN"
7,2949,447,1335,426,6.0922,342400,"NEAR OCEAN"
20,2110,335,1008,325,6.1509,338700,"NEAR OCEAN"
8,4172,1022,2585,941,4.0118,245800,"NEAR OCEAN"
7,3686,733,1612,672,3.197,367100,"NEAR OCEAN"
15,3333,808,1371,737,2.9083,122400,"NEAR OCEAN"
24,2628,527,1389,520,4,343200,"NEAR OCEAN"
17,2718,518,815,403,4.3182,357100,"NEAR OCEAN"
21,2035,534,948,467,3.2984,369400,"NEAR OCEAN"
16,3147,765,2165,690,3.5585,284800,"NEAR OCEAN"
24,2171,511,870,442,3.194,276300,"NEAR OCEAN"
31,2128,520,1049,485,4.027,290000,"NEAR OCEAN"
34,1797,458,775,391,3.2308,331300,"NEAR OCEAN"
11,10923,2041,4773,1858,4.0791,281300,"NEAR OCEAN"
31,2851,458,1286,467,4.5694,243700,"NEAR OCEAN"
29,3559,552,1533,545,4.0585,245500,"NEAR OCEAN"
15,13245,2212,5495,2060,5.4904,262100,"NEAR OCEAN"
25,2670,527,936,461,2.7717,354000,"NEAR OCEAN"
15,2392,446,747,421,3.5341,500001,"NEAR OCEAN"
4,617,105,224,105,3.9205,183000,"NEAR OCEAN"
7,7974,1703,2904,1550,4.1282,188100,"NEAR OCEAN"
4,1380,322,755,286,4.7961,168800,"NEAR OCEAN"
6,6091,1018,2064,957,5.1837,259800,"NEAR OCEAN"
13,2644,422,1197,399,6.5338,267900,"NEAR OCEAN"
16,4595,1341,2849,1197,2.478,185600,"NEAR OCEAN"
24,1006,277,610,246,2.25,187500,"NEAR OCEAN"
19,5710,1423,4163,1406,3.0306,178500,"NEAR OCEAN"
22,1331,305,580,193,3.975,500001,"NEAR OCEAN"
10,1684,515,902,449,3.7891,206300,"NEAR OCEAN"
17,4505,1140,2111,1062,3.3536,283300,"NEAR OCEAN"
26,5550,1153,2372,1058,2.5509,181800,"NEAR OCEAN"
39,1546,291,833,308,2.8893,185400,"NEAR OCEAN"
36,1977,423,812,387,3.625,198000,"NEAR OCEAN"
24,2046,442,812,367,2.3182,500001,"NEAR OCEAN"
19,1931,509,855,394,2.6979,266700,"NEAR OCEAN"
23,4104,1274,4729,1187,1.8214,173800,"NEAR OCEAN"
33,2205,453,1138,439,2.8819,208600,"NEAR OCEAN"
18,975,382,650,286,1.9562,192500,"NEAR OCEAN"
38,861,213,486,204,4.1875,185000,"NEAR OCEAN"
35,928,264,538,248,2.4583,197900,"NEAR OCEAN"
14,5039,1373,1298,696,3.209,313300,"NEAR OCEAN"
26,4123,1145,1703,895,1.9891,5e+05,"NEAR OCEAN"
17,1877,581,1288,426,1.9386,106300,"NEAR OCEAN"
19,928,317,845,319,1.6318,187500,"NEAR OCEAN"
17,353,112,359,118,1.5625,162500,"NEAR OCEAN"
26,1427,386,974,317,1.3903,184400,"NEAR OCEAN"
19,1926,557,1190,483,1.3269,166100,"NEAR OCEAN"
19,2129,562,1323,525,2.9539,169900,"NEAR OCEAN"
26,2447,482,1405,486,3.2917,150800,"NEAR OCEAN"
23,3297,728,1793,622,2.5754,169700,"NEAR OCEAN"
24,1586,262,912,298,4.25,150300,"NEAR OCEAN"
23,2062,376,1302,379,4.0109,145700,"NEAR OCEAN"
32,1251,220,700,232,3.9875,142900,"NEAR OCEAN"
12,5963,1372,3015,1124,2.7386,216100,"NEAR OCEAN"
28,2823,476,1189,433,5.1733,198100,"NEAR OCEAN"
23,3546,553,1533,518,5.276,224500,"NEAR OCEAN"
15,3672,845,1827,796,2.9716,173600,"NEAR OCEAN"
19,3575,525,1654,559,5.7409,274100,"NEAR OCEAN"
5,3109,634,1823,578,3.1875,153800,"<1H OCEAN"
13,3619,791,1759,806,2.765,98500,"<1H OCEAN"
24,2580,604,982,569,1.6402,169300,"NEAR OCEAN"
6,1580,288,792,265,4.0469,162400,"<1H OCEAN"
15,4784,1039,1810,986,2.4375,108900,"NEAR OCEAN"
21,2868,602,855,559,2.7846,91200,"NEAR OCEAN"
16,1057,232,316,221,2.7417,91700,"NEAR OCEAN"
17,1246,300,424,288,2.2882,85800,"NEAR OCEAN"
4,14960,2988,6666,2612,3.7568,184100,"NEAR OCEAN"
11,20944,3753,8738,3441,4.3762,215500,"NEAR OCEAN"
16,2150,461,1428,407,2.4754,157300,"NEAR OCEAN"
16,1835,430,599,399,2.0147,87700,"NEAR OCEAN"
18,6235,1233,4127,1162,3.0704,151600,"NEAR OCEAN"
20,4835,854,2983,834,4.3428,152100,"NEAR OCEAN"
35,2204,482,1435,462,3.676,125600,"NEAR OCEAN"
4,1837,287,934,277,3.8958,189800,"NEAR OCEAN"
18,2971,606,2051,493,2.675,117100,"NEAR OCEAN"
31,1502,367,1514,342,2.6442,103300,"NEAR OCEAN"
29,1315,311,1425,306,2.0272,99600,"NEAR OCEAN"
13,6131,1040,4049,940,3.8156,150700,"<1H OCEAN"
14,2513,351,1151,357,6.3054,359000,"<1H OCEAN"
9,4609,798,2582,746,4.3429,173900,"<1H OCEAN"
23,1678,275,1227,264,4.1713,133800,"<1H OCEAN"
22,2329,419,1456,381,3.7933,131000,"<1H OCEAN"
14,3483,764,2140,687,3.125,102300,"<1H OCEAN"
13,3075,630,1843,674,2.8558,97100,"<1H OCEAN"
7,2499,420,1314,398,4.85,186900,"<1H OCEAN"
7,8206,1523,4399,1423,3.6301,170900,"<1H OCEAN"
11,3737,757,2212,727,3.1062,141000,"NEAR OCEAN"
15,2919,592,1130,579,2.5872,155600,"NEAR OCEAN"
15,1905,416,1258,388,3.33,127900,"NEAR OCEAN"
13,4543,881,2298,870,2.9386,143400,"NEAR OCEAN"
14,25135,4819,35682,4769,2.5729,134400,"<1H OCEAN"
17,2866,442,1354,431,4.5764,257300,"<1H OCEAN"
16,3165,482,1351,452,4.605,263300,"<1H OCEAN"
12,2924,433,1193,394,6.2475,331300,"<1H OCEAN"
10,5294,817,2312,810,5.4563,325700,"<1H OCEAN"
15,3310,488,1104,460,6.1009,314400,"<1H OCEAN"
15,3313,679,1022,564,2.7986,189900,"<1H OCEAN"
12,6358,1182,2778,1020,4.0357,295900,"<1H OCEAN"
16,1921,312,862,280,5.1786,376800,"<1H OCEAN"
16,3536,765,2007,687,3,146700,"<1H OCEAN"
16,2704,463,1322,424,3.7857,227000,"<1H OCEAN"
18,3339,704,1727,652,2.8393,173200,"<1H OCEAN"
16,2792,525,1696,516,3.668,171200,"<1H OCEAN"
17,1614,431,1031,389,2.0956,134400,"<1H OCEAN"
22,2699,543,1425,491,2.375,137300,"<1H OCEAN"
7,2221,548,1440,501,2.2368,154600,"<1H OCEAN"
8,1755,530,1687,511,1.995,146900,"<1H OCEAN"
14,4687,793,2436,779,4.5391,180900,"<1H OCEAN"
11,2786,480,1250,450,4.5,222600,"<1H OCEAN"
6,3725,960,2833,915,2.3214,247000,"<1H OCEAN"
14,1902,338,848,304,5.5395,273300,"<1H OCEAN"
16,3031,554,1301,518,4.0882,296100,"<1H OCEAN"
17,2889,587,1931,510,3.8547,208300,"<1H OCEAN"
14,5392,821,2350,810,5.0507,291500,"<1H OCEAN"
19,3518,658,2091,610,3.2614,168800,"<1H OCEAN"
16,2921,639,1838,540,2.2393,117000,"<1H OCEAN"
14,1088,209,601,193,3.8438,243800,"<1H OCEAN"
17,1800,312,891,281,7.0177,267600,"<1H OCEAN"
14,3103,569,1704,539,3.7644,264700,"<1H OCEAN"
11,3016,601,1727,541,4.9375,232800,"<1H OCEAN"
17,2073,313,573,221,8.2531,419200,"<1H OCEAN"
12,5898,1002,3129,945,4.7647,254100,"<1H OCEAN"
17,2980,539,1531,505,3.1553,250000,"<1H OCEAN"
11,4132,773,2012,703,3.1906,234500,"<1H OCEAN"
11,4068,829,918,500,3.1272,281300,"<1H OCEAN"
13,5819,919,2228,866,4.9335,298100,"<1H OCEAN"
14,3337,571,1385,512,4.15,272200,"<1H OCEAN"
16,2690,459,1253,393,4.0328,294600,"<1H OCEAN"
16,4409,629,1875,609,5.543,286400,"<1H OCEAN"
17,3675,672,1693,597,3.3882,190800,"<1H OCEAN"
16,2134,643,1555,560,1.7217,175000,"<1H OCEAN"
15,1430,343,704,322,1.9571,162500,"<1H OCEAN"
26,1991,330,1014,304,4.3068,240100,"<1H OCEAN"
13,3756,648,1767,614,4.0776,196000,"<1H OCEAN"
21,1718,308,1194,312,3.4359,150900,"<1H OCEAN"
13,2899,657,1946,579,2.9875,172000,"<1H OCEAN"
18,2334,573,962,557,1.808,97000,"<1H OCEAN"
16,3224,729,1036,608,2.0246,148800,"<1H OCEAN"
20,1962,334,1173,349,4.1316,162500,"<1H OCEAN"
9,2486,626,1938,525,2.1293,151400,"<1H OCEAN"
34,544,108,348,127,4.125,164600,"<1H OCEAN"
6,6160,993,2997,1029,4.6187,205000,"<1H OCEAN"
5,20908,3933,9690,3510,4.1405,198500,"<1H OCEAN"
5,2283,337,999,325,5.0249,196700,"<1H OCEAN"
16,1420,311,470,313,1.8849,90800,"<1H OCEAN"
13,2832,542,1065,531,2.3844,98600,"<1H OCEAN"
5,5764,996,3161,1012,4.4531,177500,"<1H OCEAN"
26,2010,347,1160,331,3.9815,142600,"<1H OCEAN"
19,2167,443,1654,435,3.5,135800,"<1H OCEAN"
26,1906,408,1325,427,3.0197,136000,"<1H OCEAN"
11,1472,261,1012,285,4.21,175600,"NEAR OCEAN"
23,2145,379,1360,404,4.2054,150700,"<1H OCEAN"
13,3163,725,1675,629,2.8214,121900,"<1H OCEAN"
34,1852,322,978,332,4.3542,156900,"<1H OCEAN"
8,973,289,663,209,2.724,139300,"NEAR OCEAN"
5,2697,639,1633,580,3.4456,165800,"NEAR OCEAN"
9,1944,488,1992,453,2.066,127200,"<1H OCEAN"
19,1872,489,1859,446,2.1875,121700,"<1H OCEAN"
18,1846,419,1581,387,3.0982,111300,"<1H OCEAN"
25,1631,415,1045,386,2.4505,147500,"<1H OCEAN"
26,1701,404,989,367,2.5119,171700,"<1H OCEAN"
22,2361,618,1472,596,2.0625,124500,"<1H OCEAN"
10,2050,473,1302,471,2.7961,131300,"<1H OCEAN"
13,1203,292,1035,293,2.6339,117000,"<1H OCEAN"
21,1934,386,861,381,3.6181,213800,"<1H OCEAN"
19,4400,828,1901,735,3.6375,198800,"<1H OCEAN"
31,1736,277,801,292,4.4844,205500,"<1H OCEAN"
29,3372,720,1770,693,3.5109,166000,"<1H OCEAN"
21,2284,360,999,356,4.8929,212500,"<1H OCEAN"
22,3337,518,1288,466,5.04,253700,"<1H OCEAN"
16,3004,656,1948,606,2.7019,216900,"<1H OCEAN"
4,3371,773,1481,627,2.9133,215700,"NEAR OCEAN"
4,2342,595,1518,545,2.9469,216100,"NEAR OCEAN"
2,2629,509,1044,522,4.2361,158500,"NEAR OCEAN"
18,1891,306,830,279,4.5764,207000,"<1H OCEAN"
19,1569,351,1035,352,2.9191,159400,"<1H OCEAN"
22,2554,447,1147,422,3.6346,192500,"<1H OCEAN"
19,3337,565,1646,554,5.0195,200200,"<1H OCEAN"
6,7880,1533,3760,1460,4.1807,182600,"NEAR OCEAN"
18,2143,299,828,283,4.2383,239000,"NEAR OCEAN"
7,2349,312,809,282,5.552,283900,"NEAR OCEAN"
4,5846,894,2282,801,5.5956,247800,"NEAR OCEAN"
17,1704,263,781,281,5.6605,224400,"NEAR OCEAN"
15,3780,792,1632,721,2.7644,111400,"NEAR OCEAN"
17,821,176,436,168,3.1667,160600,"NEAR OCEAN"
16,3002,591,842,538,2.1205,157300,"NEAR OCEAN"
14,676,118,384,126,6.2096,178100,"NEAR OCEAN"
9,4540,793,2235,746,4.5781,225600,"NEAR OCEAN"
4,23915,4135,10877,3958,4.6357,244900,"NEAR OCEAN"
11,2560,445,952,448,4.0625,87500,"NEAR OCEAN"
4,9998,1874,3925,1672,4.2826,237500,"<1H OCEAN"
6,1487,362,810,322,3.625,135700,"<1H OCEAN"
4,3066,625,1164,582,4,228100,"NEAR OCEAN"
2,4624,946,2091,808,3.6736,214500,"NEAR OCEAN"
13,4273,886,2328,801,3.3444,183900,"<1H OCEAN"
16,1787,361,1446,362,3.75,163800,"<1H OCEAN"
21,3765,612,1722,593,4.8152,218500,"<1H OCEAN"
7,3561,722,1921,657,4.1128,209700,"<1H OCEAN"
13,2937,698,1246,579,2.6487,196000,"<1H OCEAN"
13,4503,1137,3094,1091,2.3159,91600,"<1H OCEAN"
11,4091,864,1927,765,3.0139,199000,"<1H OCEAN"
19,2025,414,1663,403,3.8147,139200,"<1H OCEAN"
5,4576,848,2314,705,5.0123,210400,"NEAR OCEAN"
12,4839,954,1708,952,2.8586,163300,"<1H OCEAN"
15,1889,368,754,409,2.2278,132800,"NEAR OCEAN"
25,596,115,426,137,3.0221,214300,"<1H OCEAN"
15,5923,1206,3943,1006,3.1793,159900,"<1H OCEAN"
5,4750,962,2726,905,3.5839,158500,"<1H OCEAN"
15,2241,381,997,390,3.4833,193200,"<1H OCEAN"
17,1149,182,702,192,5.5696,168400,"<1H OCEAN"
16,1129,198,758,178,5.0346,174600,"<1H OCEAN"
15,1070,208,470,217,2.3062,158900,"<1H OCEAN"
16,3907,671,1759,663,3.1776,172600,"<1H OCEAN"
16,1649,278,993,277,4.8526,170700,"<1H OCEAN"
5,2618,539,1320,512,4.1053,171400,"<1H OCEAN"
16,1710,272,1025,267,4.1641,163600,"<1H OCEAN"
12,2363,408,1211,396,3.8967,172600,"<1H OCEAN"
12,2258,456,1147,433,4.0495,153900,"<1H OCEAN"
12,3652,923,1677,728,2.3267,92000,"<1H OCEAN"
7,6225,1683,5410,1580,2.32,117500,"<1H OCEAN"
19,3068,596,912,554,3.775,168000,"NEAR OCEAN"
18,4372,736,1473,675,5.1194,247800,"NEAR OCEAN"
4,3261,689,926,561,4.3672,258900,"NEAR OCEAN"
16,3470,601,1197,552,5.1814,279900,"NEAR OCEAN"
8,8552,1437,3335,1323,5.311,255800,"NEAR OCEAN"
10,3487,545,1410,557,6.0336,240300,"NEAR OCEAN"
4,1862,291,685,248,7.745,237400,"NEAR OCEAN"
14,3676,720,1176,614,3.9464,171900,"NEAR OCEAN"
22,2398,407,349,169,7.0423,500001,"NEAR OCEAN"
13,3730,761,1335,603,4.1667,227100,"NEAR OCEAN"
7,5320,855,2015,768,6.3373,279600,"NEAR OCEAN"
13,3651,465,1311,435,7.5402,340300,"NEAR OCEAN"
14,7208,1012,3097,1014,6.617,285200,"NEAR OCEAN"
12,5080,814,1958,716,5.3905,299600,"NEAR OCEAN"
9,5685,1442,3773,1250,3.0426,129900,"<1H OCEAN"
15,1497,250,827,239,4.3846,154200,"<1H OCEAN"
11,1430,292,921,294,4.2357,160900,"<1H OCEAN"
16,2546,429,1683,408,4.7426,160600,"<1H OCEAN"
17,1893,297,936,287,5.1842,157700,"<1H OCEAN"
24,2155,379,1158,360,4.7941,147500,"<1H OCEAN"
15,3154,488,1656,429,5.0461,222400,"<1H OCEAN"
17,5391,886,2732,830,5.1771,212800,"<1H OCEAN"
4,5465,974,2844,950,4.4477,174800,"<1H OCEAN"
12,2465,412,1226,428,5.4819,183800,"<1H OCEAN"
11,6341,1030,2697,977,4.8554,206700,"<1H OCEAN"
15,2994,522,1231,503,3.2024,180400,"<1H OCEAN"
19,2629,494,1444,503,3.5462,156800,"<1H OCEAN"
13,3958,865,1981,840,3.4764,137500,"<1H OCEAN"
17,6817,1632,4526,1474,2.6152,135300,"<1H OCEAN"
33,555,165,612,176,2.1786,137500,"<1H OCEAN"
27,3819,674,2447,717,3.8185,137200,"<1H OCEAN"
20,7746,2035,5370,1838,2.3762,98500,"<1H OCEAN"
15,13814,2888,6583,2789,2.8247,150000,"<1H OCEAN"
16,4552,1166,2737,1051,2.25,136300,"<1H OCEAN"
12,8742,2114,4854,1957,2.8015,143500,"<1H OCEAN"
17,8466,2628,7014,2267,2.1437,113700,"<1H OCEAN"
43,107,44,107,48,0.7054,137500,"<1H OCEAN"
14,8374,1407,2916,1295,4.7019,191100,"<1H OCEAN"
5,3159,685,1398,581,3.1467,161100,"<1H OCEAN"
7,2810,464,1564,457,4.4655,182800,"<1H OCEAN"
11,5546,974,2300,970,3.7109,199800,"<1H OCEAN"
7,10665,2576,4917,2424,2.3171,159500,"<1H OCEAN"
10,3208,636,1395,582,3.4455,190500,"<1H OCEAN"
7,6126,1032,2662,923,4.9005,264000,"<1H OCEAN"
17,3164,652,1123,699,2.082,80000,"<1H OCEAN"
46,52,13,59,13,3.875,2e+05,"<1H OCEAN"
12,961,342,315,201,0.813,275000,"<1H OCEAN"
17,2641,627,1167,647,2.2875,132400,"<1H OCEAN"
12,9302,1603,4074,1504,4.3513,199600,"<1H OCEAN"
45,1032,235,363,177,3.6389,186600,"<1H OCEAN"
16,2402,336,1080,365,8.6803,347300,"<1H OCEAN"
8,2756,343,1045,340,8.5957,444100,"<1H OCEAN"
5,12045,2162,5640,1997,4.4375,353000,"<1H OCEAN"
23,3400,501,1383,488,4.9844,249100,"<1H OCEAN"
21,2876,539,1387,499,3.8292,177000,"<1H OCEAN"
23,3792,624,1988,658,4.7566,178300,"<1H OCEAN"
11,567,184,620,163,2.5284,122500,"<1H OCEAN"
31,1356,324,1301,331,2.5331,115100,"<1H OCEAN"
28,2094,585,1556,563,2.2,127700,"<1H OCEAN"
32,1713,321,891,286,3.1429,171600,"<1H OCEAN"
37,1060,268,823,229,1.8363,145500,"<1H OCEAN"
31,2055,473,1326,427,3.0915,139900,"<1H OCEAN"
31,1832,444,1669,463,2.2146,116700,"<1H OCEAN"
33,674,208,565,188,1.875,114300,"<1H OCEAN"
21,4578,927,2818,900,3.1458,187700,"<1H OCEAN"
32,2474,499,1224,461,2.7216,146300,"<1H OCEAN"
12,2453,599,1251,529,2.4122,127000,"<1H OCEAN"
17,5565,1237,3004,1139,3.0054,142300,"<1H OCEAN"
11,7483,1276,3516,1261,4.0484,262500,"<1H OCEAN"
15,7000,1185,3555,1118,4.7022,172800,"<1H OCEAN"
10,5149,851,2177,783,6.7957,287500,"<1H OCEAN"
17,2385,372,1118,369,4.2813,169900,"<1H OCEAN"
18,4393,642,2095,677,5.4786,223500,"<1H OCEAN"
22,2427,390,1099,362,5.2323,167500,"<1H OCEAN"
13,5516,746,2119,662,6.1868,320200,"<1H OCEAN"
25,3142,446,1286,419,5.4663,248300,"<1H OCEAN"
16,4677,581,1902,566,6.1834,335600,"<1H OCEAN"
16,3490,545,1628,535,4.8836,239900,"<1H OCEAN"
14,2816,501,1448,452,5.0278,210900,"<1H OCEAN"
18,2087,353,992,329,4.5,222600,"<1H OCEAN"
15,2755,519,1474,460,4.0408,225900,"<1H OCEAN"
13,1406,260,737,279,5.5842,239100,"<1H OCEAN"
7,12480,1946,5102,1697,5.5102,221000,"<1H OCEAN"
5,5673,855,2592,797,5.4155,199200,"<1H OCEAN"
11,7217,1583,4197,1502,2.8827,166700,"<1H OCEAN"
16,3204,541,1818,529,5.2596,171500,"<1H OCEAN"
11,3213,634,1975,579,3.475,167200,"<1H OCEAN"
17,9044,1689,5030,1596,3.6348,164500,"<1H OCEAN"
17,401,68,251,69,4.6518,170200,"<1H OCEAN"
11,1227,202,645,198,5.6674,209800,"<1H OCEAN"
17,4190,946,1802,673,2.4744,158200,"INLAND"
26,1820,374,1001,324,2.1797,156300,"INLAND"
23,1731,365,612,258,2.7813,172900,"INLAND"
36,992,224,334,126,3.0089,134400,"INLAND"
15,1985,361,536,209,4.125,148200,"INLAND"
11,2522,538,616,269,3.875,198100,"INLAND"
24,1378,272,532,188,1.5909,221900,"INLAND"
16,349,74,120,43,5.359,193800,"<1H OCEAN"
18,4454,852,1754,656,4.57,189900,"INLAND"
24,2746,514,731,295,3.3214,176400,"INLAND"
19,1791,367,327,185,3.3625,1e+05,"INLAND"
17,934,284,452,184,1.9875,83700,"INLAND"
18,382,128,194,69,2.5179,58800,"INLAND"
12,4890,1152,1289,570,2.5795,98700,"INLAND"
19,4085,876,2133,718,2.919,116500,"INLAND"
22,2680,643,1644,516,2.1949,127100,"INLAND"
16,2595,606,1046,367,1.7137,110700,"INLAND"
28,1608,409,567,254,1.4648,61800,"INLAND"
17,4863,845,2266,769,4.2321,217400,"<1H OCEAN"
12,4281,786,1891,721,3.5769,231800,"<1H OCEAN"
16,3311,702,1627,624,3.1196,187200,"<1H OCEAN"
16,3688,817,1969,767,2.875,222900,"<1H OCEAN"
17,3348,481,1222,443,6.6361,308600,"<1H OCEAN"
11,3874,565,1672,546,6.1481,274600,"<1H OCEAN"
18,4115,847,2032,745,4.0159,169100,"<1H OCEAN"
15,2053,321,993,309,5.5164,248900,"<1H OCEAN"
8,4630,624,2048,575,6.4745,300300,"<1H OCEAN"
13,3268,491,1431,503,5.7652,259900,"<1H OCEAN"
9,2652,393,1355,362,6.2578,293100,"<1H OCEAN"
14,4085,751,2129,688,4.7367,214500,"<1H OCEAN"
19,2652,520,1421,491,3.5227,206100,"<1H OCEAN"
25,1178,545,592,441,3.6728,500001,"NEAR BAY"
31,3991,1311,2305,1201,1.8981,500001,"NEAR BAY"
52,1314,317,473,250,4.3472,500001,"NEAR BAY"
52,2852,581,838,510,8.0755,500001,"NEAR BAY"
52,4985,1355,1848,1255,4.9211,500001,"NEAR BAY"
50,2494,731,958,712,3.2356,500001,"NEAR BAY"
52,741,170,277,165,4.4712,500001,"NEAR BAY"
52,2583,672,1335,613,3.1477,500001,"NEAR BAY"
52,2618,611,1328,559,4.1607,350000,"NEAR BAY"
52,3278,775,1279,709,5.4378,500001,"NEAR BAY"
52,812,252,629,247,2.5875,500001,"NEAR BAY"
52,4088,946,1906,863,3.6065,433300,"NEAR BAY"
52,1288,309,437,272,6.3245,500001,"NEAR BAY"
52,1860,575,679,448,4.775,500001,"NEAR BAY"
52,2094,568,920,503,4.2015,412500,"NEAR BAY"
12,1349,349,536,334,7.7852,250000,"NEAR BAY"
52,2450,741,1415,664,2.8229,375000,"NEAR BAY"
52,1642,570,1432,513,1.9063,3e+05,"NEAR BAY"
52,1394,395,1700,400,2.75,168800,"NEAR BAY"
52,1724,416,1016,395,3.3839,4e+05,"NEAR BAY"
52,1866,748,2957,710,1.8295,243800,"NEAR BAY"
30,1821,738,1648,684,0.8836,450000,"NEAR BAY"
52,3697,837,1446,711,5.866,500001,"NEAR BAY"
52,2892,751,1785,733,3.5746,350000,"NEAR BAY"
52,3598,1011,2062,966,2.9871,380000,"NEAR BAY"
52,2797,685,1156,651,4.3472,500001,"NEAR BAY"
52,3823,1040,1830,977,4.2458,450000,"NEAR BAY"
52,3321,1115,1576,1034,2.0987,458300,"NEAR BAY"
52,1777,486,932,427,3.3643,420000,"NEAR BAY"
52,3067,870,2122,850,2.5603,287500,"NEAR BAY"
52,3457,1021,2286,994,2.565,225000,"NEAR BAY"
52,3364,1100,2112,1045,2.1343,4e+05,"NEAR BAY"
52,3511,1232,2452,1131,2.5013,275000,"NEAR BAY"
52,2909,851,1711,830,3.0296,500001,"NEAR BAY"
52,3302,869,1178,727,3.3681,500001,"NEAR BAY"
52,2161,544,904,431,3.5066,350000,"NEAR BAY"
52,1999,642,1846,620,1.9145,225000,"NEAR BAY"
52,2302,938,1515,861,1.3668,55000,"NEAR BAY"
52,3260,1535,3260,1457,0.9,500001,"NEAR BAY"
25,4561,1474,1525,1169,4.5581,500001,"NEAR BAY"
52,1185,660,1007,623,1.4552,450000,"NEAR BAY"
52,1436,738,1688,662,1.5156,237500,"NEAR BAY"
52,3610,1286,1504,1047,3.2059,500001,"NEAR BAY"
52,6016,2509,3436,2119,2.5166,275000,"NEAR BAY"
52,2737,1241,1761,1029,1.8068,225000,"NEAR BAY"
52,5783,2747,4518,2538,1.724,225000,"NEAR BAY"
26,812,507,628,445,2.3304,500001,"NEAR BAY"
27,1728,884,1211,752,0.8543,500001,"NEAR BAY"
39,3275,837,1137,725,3.7679,500001,"NEAR BAY"
52,1724,412,540,319,4.2857,500001,"NEAR BAY"
52,4309,942,1297,798,4.6781,500001,"NEAR BAY"
52,1375,322,287,184,3.9028,500001,"NEAR BAY"
52,2869,594,500,335,5.0376,500001,"NEAR BAY"
52,3257,735,1045,620,4.5523,500001,"NEAR BAY"
52,1580,470,714,448,3.2447,500001,"NEAR BAY"
52,1006,291,445,257,2.7717,5e+05,"NEAR BAY"
52,3149,719,1145,658,4.625,500001,"NEAR BAY"
52,3161,472,842,410,7.9761,500001,"NEAR BAY"
52,2865,593,1029,577,5.2539,500001,"NEAR BAY"
52,1603,487,727,464,3.9856,500001,"NEAR BAY"
52,3172,848,1259,806,4.1047,466700,"NEAR BAY"
52,2788,813,1302,764,4.199,4e+05,"NEAR BAY"
52,2994,821,1240,779,3.3715,5e+05,"NEAR BAY"
52,1976,726,1045,669,3.6893,475000,"NEAR BAY"
52,1006,251,349,233,3.2235,5e+05,"NEAR BAY"
52,1380,322,553,288,4.0417,500001,"NEAR BAY"
52,2657,772,1014,685,4.038,500001,"NEAR BAY"
52,2696,572,925,552,5.0365,5e+05,"NEAR BAY"
52,2520,649,959,607,5.7934,500001,"NEAR BAY"
52,2802,622,954,572,4.5399,500001,"NEAR BAY"
52,4079,1112,1466,1024,4.5913,500001,"NEAR BAY"
48,4506,1342,1980,1239,4.0156,500001,"NEAR BAY"
52,3565,892,1377,852,3.8068,500001,"NEAR BAY"
52,3486,847,1248,813,7.2623,500001,"NEAR BAY"
52,6186,1566,2065,1374,5.8543,500001,"NEAR BAY"
52,1979,359,648,370,5.3124,500001,"NEAR BAY"
52,1335,151,402,157,10.8783,500001,"NEAR BAY"
52,2045,353,722,327,8.0755,500001,"NEAR BAY"
52,1447,186,483,181,15.0001,500001,"NEAR BAY"
52,2196,280,668,291,10.0914,500001,"NEAR BAY"
52,3069,579,1107,536,5.5634,500001,"NEAR BAY"
52,1734,482,731,429,1.4804,425000,"NEAR BAY"
52,1457,215,495,208,10.7097,500001,"NEAR BAY"
52,899,96,304,110,14.2959,500001,"NEAR BAY"
52,2106,373,743,348,5.2909,500001,"NEAR BAY"
52,1817,535,800,487,3.975,500001,"NEAR BAY"
52,3640,840,1525,796,4.4375,500001,"NEAR BAY"
52,3785,808,1371,799,6.4209,500001,"NEAR BAY"
52,3522,938,1319,887,4.3986,500001,"NEAR BAY"
52,3219,969,1152,830,4.2042,500001,"NEAR BAY"
52,2511,895,1202,804,2.6607,87500,"NEAR BAY"
6,670,301,655,284,3.4423,117500,"NEAR BAY"
50,3312,1095,1475,997,2.7165,500001,"NEAR BAY"
52,3020,842,1294,769,3.4375,500001,"NEAR BAY"
25,1637,394,649,379,5.0049,460000,"NEAR BAY"
52,1903,461,831,433,4.4464,500001,"NEAR BAY"
52,2083,491,1224,483,4.0882,468800,"NEAR BAY"
52,1726,384,614,356,3.6812,5e+05,"NEAR BAY"
52,2695,657,1243,573,2.8569,372200,"NEAR BAY"
45,2747,699,1320,693,3.1576,333300,"NEAR BAY"
46,2009,464,761,453,3.7188,500001,"NEAR BAY"
52,3975,716,1515,691,5.0156,500001,"NEAR BAY"
24,2459,1001,1362,957,2.6782,450000,"NEAR BAY"
10,2380,843,1245,789,1.3062,220000,"NEAR BAY"
39,1181,310,901,281,1.4866,237500,"NEAR BAY"
52,1345,291,560,294,3.7159,494400,"NEAR BAY"
52,2686,606,1392,578,4,355300,"NEAR BAY"
47,1682,379,837,375,5.2806,4e+05,"NEAR BAY"
37,1235,314,481,297,3.6875,492300,"NEAR BAY"
52,3510,791,1703,657,2.8654,280000,"NEAR BAY"
44,1545,334,561,326,3.875,412500,"NEAR BAY"
43,1452,397,897,393,4.1319,322700,"NEAR BAY"
48,1013,194,464,205,3.2011,428300,"NEAR BAY"
52,2033,438,2198,418,3.6667,418400,"NEAR BAY"
16,883,236,601,219,2.151,146900,"NEAR BAY"
49,2246,587,1277,546,2.9792,350000,"NEAR BAY"
52,3017,851,1588,800,3.3882,471400,"NEAR BAY"
52,2747,736,1309,653,2.943,341700,"NEAR BAY"
52,1118,279,514,284,2.4196,346200,"NEAR BAY"
31,1364,386,707,379,3.1607,293800,"NEAR BAY"
26,3587,1034,1821,936,2.6392,287500,"NEAR BAY"
2,1205,468,577,363,3.6437,275000,"NEAR BAY"
19,4065,1645,2079,1470,3.1462,187500,"NEAR BAY"
17,1257,339,1093,384,1.8438,72500,"NEAR BAY"
17,2728,908,1670,893,1.077,115000,"NEAR BAY"
24,2037,696,1371,585,0.9355,112500,"NEAR BAY"
52,989,425,634,341,2.4414,275000,"NEAR BAY"
52,1254,469,895,456,2.1516,187500,"NEAR BAY"
29,1310,364,1009,379,1.3844,177500,"NEAR BAY"
52,1952,628,1284,576,2.105,316700,"NEAR BAY"
52,4014,1069,2070,927,2.8202,442900,"NEAR BAY"
52,3944,1072,1913,973,2.9567,425000,"NEAR BAY"
52,2911,753,1696,676,2.5721,475000,"NEAR BAY"
52,2705,647,1355,628,2.0161,364300,"NEAR BAY"
52,2339,548,1090,507,3.3679,350000,"NEAR BAY"
52,3188,708,1526,664,3.3068,500001,"NEAR BAY"
52,1722,465,885,437,3.0906,500001,"NEAR BAY"
52,3475,807,1518,777,3.6186,500001,"NEAR BAY"
52,2296,509,1039,472,4.1417,5e+05,"NEAR BAY"
52,2191,627,1100,585,3.0409,5e+05,"NEAR BAY"
52,2645,626,1275,553,3.35,492900,"NEAR BAY"
52,3563,832,1712,787,3.3702,335700,"NEAR BAY"
52,1760,366,742,318,4.445,4e+05,"NEAR BAY"
52,2002,520,939,501,3.2239,488900,"NEAR BAY"
52,2994,736,1428,700,3.0766,438900,"NEAR BAY"
52,1086,349,589,361,2.5186,250000,"NEAR BAY"
52,1925,568,867,515,2.879,450000,"NEAR BAY"
52,1567,482,654,425,2.6914,366700,"NEAR BAY"
52,2514,729,1428,597,2.3977,412500,"NEAR BAY"
52,2416,620,1188,591,2.3887,337500,"NEAR BAY"
52,1862,472,872,471,3.2981,222700,"NEAR BAY"
52,4397,1116,1939,1053,2.7587,354500,"NEAR BAY"
52,2685,629,1170,614,3.6894,418800,"NEAR BAY"
52,2537,559,849,530,5.1788,476900,"NEAR BAY"
52,5604,1268,2023,1196,4.4085,4e+05,"NEAR BAY"
38,2202,452,833,435,6.8939,455900,"NEAR BAY"
52,3225,667,1494,619,4.4875,500001,"NEAR BAY"
52,3505,745,1374,714,4.3667,500001,"NEAR BAY"
50,2518,507,979,516,4.6912,500001,"NEAR BAY"
52,1457,292,621,315,4.6477,450000,"NEAR BAY"
52,3095,682,1269,639,3.575,500001,"NEAR BAY"
52,3939,852,1737,797,4.5052,500001,"NEAR BAY"
52,1928,836,2124,739,1.1185,55000,"NEAR BAY"
52,1534,763,1520,614,1.4554,375000,"NEAR BAY"
52,254,72,153,29,3.8625,350000,"NEAR BAY"
52,361,76,168,55,3.2292,275000,"NEAR BAY"
52,1963,565,1628,524,2.6083,193800,"NEAR BAY"
32,352,132,313,105,2.5742,350000,"NEAR BAY"
52,849,276,582,222,3.4671,250000,"NEAR BAY"
52,1014,422,1055,382,1.8519,32500,"NEAR BAY"
3,3464,1179,1441,919,4.7105,275000,"NEAR BAY"
5,1405,515,725,392,3.6037,187500,"NEAR BAY"
52,94,24,113,27,4.6563,350000,"NEAR BAY"
26,5416,1045,4531,962,2.7909,250000,"NEAR BAY"
52,464,202,286,148,1.6125,112500,"NEAR BAY"
52,144,63,1061,68,4.3958,225000,"NEAR BAY"
52,759,323,421,255,2.0548,162500,"NEAR BAY"
52,1176,493,1136,436,1.375,312500,"NEAR BAY"
37,1291,588,1846,557,1.3365,225000,"NEAR BAY"
52,2185,656,1266,626,2.7794,350000,"NEAR BAY"
52,4226,1315,2619,1242,2.5755,325000,"NEAR BAY"
52,3587,1030,2259,979,2.5403,250000,"NEAR BAY"
52,2714,779,1438,733,3.6031,275000,"NEAR BAY"
52,1582,353,868,329,3.8261,250000,"NEAR BAY"
52,2250,566,1051,562,2.8458,350000,"NEAR BAY"
52,2959,683,1145,666,4.2222,361600,"NEAR BAY"
30,5089,1210,1935,1139,4.6053,386100,"NEAR BAY"
28,4930,1381,2232,1321,4.3232,316200,"NEAR BAY"
35,1581,422,580,388,4.05,423100,"NEAR BAY"
50,2589,569,945,544,5.2519,376600,"NEAR BAY"
51,2564,457,810,442,5.6235,500001,"NEAR BAY"
52,1968,472,784,430,3.3702,370000,"NEAR BAY"
52,2110,454,816,438,3.9079,370000,"NEAR BAY"
52,2509,496,855,478,5.0731,405400,"NEAR BAY"
52,3771,1017,1575,921,3.5655,427300,"NEAR BAY"
52,2242,459,751,464,4.75,500001,"NEAR BAY"
52,2356,501,909,481,4.2569,455400,"NEAR BAY"
52,3708,849,1531,822,3.3565,386400,"NEAR BAY"
52,4407,1192,2280,1076,3.3937,270000,"NEAR BAY"
52,4001,1084,2129,1037,3.5052,391200,"NEAR BAY"
52,2088,487,1082,488,2.6803,490000,"NEAR BAY"
52,1190,400,1270,332,2.0329,225000,"NEAR BAY"
52,2038,629,2007,596,2.5701,266700,"NEAR BAY"
52,1494,610,1630,590,1.65,265000,"NEAR BAY"
46,2150,817,2075,807,1.3824,212500,"NEAR BAY"
52,1855,611,1715,614,2.1289,250000,"NEAR BAY"
52,1207,302,1008,269,3.3816,262500,"NEAR BAY"
52,801,272,639,259,2.1971,275000,"NEAR BAY"
52,1609,510,1155,439,2.2328,250000,"NEAR BAY"
52,1974,525,935,465,2.7173,3e+05,"NEAR BAY"
52,2112,528,1227,513,3.5536,4e+05,"NEAR BAY"
52,2708,762,1460,741,2.9052,4e+05,"NEAR BAY"
52,1564,396,1162,374,3,275000,"NEAR BAY"
52,2700,595,1181,575,3.575,396800,"NEAR BAY"
52,1970,495,871,474,4.0625,355600,"NEAR BAY"
52,2459,507,1012,475,4.0568,387900,"NEAR BAY"
52,2332,434,861,406,4.4318,437500,"NEAR BAY"
52,2285,509,839,456,4.7946,355600,"NEAR BAY"
52,3114,637,1144,591,4,375000,"NEAR BAY"
52,2082,425,801,411,4.2708,368900,"NEAR BAY"
52,2721,581,1043,519,3.7545,383700,"NEAR BAY"
46,1519,291,573,289,4.2667,338800,"NEAR BAY"
52,1573,334,725,338,5.0505,380400,"NEAR BAY"
52,1615,393,633,378,3.5114,347500,"NEAR BAY"
52,3521,767,1415,687,4.875,362200,"NEAR BAY"
52,2960,623,1191,589,3.95,347700,"NEAR BAY"
52,2164,533,1122,469,3.2632,306000,"NEAR BAY"
52,2713,624,1370,594,4.6547,325700,"NEAR BAY"
52,1786,427,856,394,3.0833,328100,"NEAR BAY"
52,2229,498,1079,472,5.0196,324300,"NEAR BAY"
52,2155,468,962,490,3.775,325900,"NEAR BAY"
40,4850,977,1824,952,5.0519,356100,"NEAR BAY"
21,5457,1247,2304,1180,4.5469,409700,"NEAR BAY"
23,6291,1269,2818,1198,4.2672,391900,"NEAR BAY"
52,2074,366,909,394,4.8382,294900,"NEAR BAY"
23,184,44,118,40,4.5375,350000,"NEAR BAY"
52,3328,653,1260,614,4.7437,331000,"NEAR BAY"
52,2637,539,1159,497,3.8846,333100,"NEAR BAY"
52,1514,314,724,301,5.3292,300900,"NEAR BAY"
52,1142,224,494,206,5.0602,298900,"NEAR BAY"
52,1029,205,461,212,5.0782,310800,"NEAR BAY"
52,248,68,124,51,1.4886,450000,"NEAR BAY"
52,624,170,410,148,4.0042,208300,"NEAR BAY"
52,157,28,88,27,3.675,162500,"NEAR BAY"
52,1877,427,712,398,3.9722,290900,"NEAR BAY"
52,2316,468,1047,476,4.5057,321600,"NEAR BAY"
52,3390,691,1645,596,3.7051,253700,"NEAR BAY"
44,6848,1584,3269,1383,2.8679,243300,"NEAR BAY"
52,4265,912,1555,836,4.119,298300,"NEAR BAY"
52,1495,311,506,275,4.4375,320000,"NEAR BAY"
52,1185,246,480,253,4.4074,277300,"NEAR BAY"
52,1427,281,620,236,1.9944,262500,"NEAR BAY"
52,1529,385,1347,348,2.9312,239100,"NEAR BAY"
52,3452,784,2987,753,2.8135,260300,"NEAR BAY"
52,2064,496,1726,466,3.4028,233300,"NEAR BAY"
52,492,139,316,168,3.0865,225000,"NEAR BAY"
52,351,81,308,75,2.6667,325000,"NEAR BAY"
52,2479,515,1816,496,3.0774,3e+05,"NEAR BAY"
52,2605,678,2071,611,3.2964,265000,"NEAR BAY"
52,1182,307,1029,306,2.0577,214600,"NEAR BAY"
52,1057,276,837,292,2.4531,229000,"NEAR BAY"
52,1919,404,1483,421,3.4063,253900,"NEAR BAY"
52,1892,415,1442,371,4.2891,230000,"NEAR BAY"
52,1678,386,1220,357,2.5809,255300,"NEAR BAY"
52,2164,606,2034,513,2.0325,178100,"NEAR BAY"
52,2452,623,1932,549,2.3903,236100,"NEAR BAY"
9,1282,334,1176,305,2.6538,206300,"NEAR BAY"
42,4110,846,2147,674,2.5694,201000,"NEAR BAY"
43,4864,972,3134,959,4.3393,217300,"NEAR BAY"
45,3490,712,2337,781,3.4472,225400,"NEAR BAY"
45,2462,509,1587,450,2.59,211800,"NEAR BAY"
18,4037,990,2722,834,1.4282,140400,"NEAR BAY"
15,6804,1664,4737,1581,1.4133,203400,"NEAR BAY"
45,1462,308,924,302,2.1767,185300,"NEAR BAY"
20,120,27,55,19,2.625,187500,"NEAR BAY"
38,1388,276,871,265,2.1667,193800,"NEAR BAY"
46,1517,299,879,309,2.2222,195100,"NEAR BAY"
52,1931,329,1025,293,2.9063,192000,"NEAR BAY"
52,1070,224,567,207,2.8603,189000,"NEAR BAY"
48,1489,326,1115,356,2.6364,199300,"NEAR BAY"
28,1609,340,1064,290,1.1125,206300,"NEAR BAY"
45,2893,570,1923,535,3.6607,192300,"NEAR BAY"
52,135,34,93,26,2.1484,181300,"NEAR BAY"
52,3065,622,1405,606,3.7813,275900,"NEAR BAY"
38,1754,382,928,354,4.1417,270800,"NEAR BAY"
34,1403,262,839,255,4.7031,255200,"NEAR BAY"
52,2524,559,1430,476,3.4073,254700,"NEAR BAY"
52,2515,576,1209,540,3.5912,284900,"NEAR BAY"
48,409,86,148,70,3.6687,335000,"NEAR BAY"
52,831,175,415,159,1.9464,249000,"NEAR BAY"
52,1842,339,1032,357,5.5563,250800,"NEAR BAY"
52,2019,418,999,448,4.2212,271300,"NEAR BAY"
52,1916,432,889,424,4.0391,279900,"NEAR BAY"
52,1674,346,734,335,3.8864,281300,"NEAR BAY"
52,1271,353,1076,324,2.9911,263900,"NEAR BAY"
52,2163,607,1447,546,3.3555,275000,"NEAR BAY"
43,1663,330,935,335,4.1552,240900,"NEAR BAY"
47,1728,398,1178,315,3.2813,229600,"NEAR BAY"
52,2058,399,1208,399,3.6429,230000,"NEAR BAY"
50,3426,769,2261,671,2.888,246400,"NEAR BAY"
52,1651,351,973,366,3.4583,240900,"NEAR BAY"
52,2084,550,1438,516,2.3087,258600,"NEAR BAY"
52,1540,370,1136,363,4.3125,243000,"NEAR BAY"
52,3230,654,1765,611,3.3333,292300,"NEAR BAY"
52,1583,347,935,341,4.6786,263200,"NEAR BAY"
49,1435,322,1008,329,4,264000,"NEAR BAY"
52,1386,276,729,274,3.6694,275500,"NEAR BAY"
48,1289,280,782,235,3.6719,259800,"NEAR BAY"
52,1775,347,1102,367,4.3125,267200,"NEAR BAY"
52,2381,492,1485,447,4.3898,270000,"NEAR BAY"
52,866,205,587,171,5.0224,261900,"NEAR BAY"
46,1819,411,1534,406,4.0132,229400,"NEAR BAY"
35,1871,342,1055,310,4.625,279300,"NEAR BAY"
35,1791,322,988,304,4.5769,254500,"NEAR BAY"
52,1985,401,1337,424,4.1071,240900,"NEAR BAY"
42,2604,573,1703,507,3.4231,230200,"NEAR BAY"
50,1947,411,1170,384,3.4769,238700,"NEAR BAY"
42,1413,406,1027,362,2.3625,233000,"NEAR BAY"
52,1931,358,1092,356,3.7835,271300,"NEAR BAY"
41,2115,378,1168,365,4.0642,272500,"NEAR BAY"
48,1474,308,998,330,4.0781,250300,"NEAR BAY"
47,1465,306,1119,315,4.2672,219400,"NEAR BAY"
37,971,248,647,208,2.1187,239300,"NEAR BAY"
33,2789,567,1682,552,3.8643,276200,"NEAR BAY"
35,2104,434,1225,410,4.8214,242900,"NEAR BAY"
32,1650,316,904,295,4.0583,236200,"NEAR BAY"
37,2638,546,1789,521,4.0071,244700,"NEAR BAY"
50,2912,562,1989,537,3.6667,252600,"NEAR BAY"
49,3427,696,2363,661,3.6885,254000,"NEAR BAY"
52,2206,478,1583,456,3.7105,250500,"NEAR BAY"
52,2890,571,1769,541,3.8274,252000,"NEAR BAY"
52,3351,719,2101,706,3.0107,242000,"NEAR BAY"
52,3602,738,2270,647,3.8934,251800,"NEAR BAY"
52,1494,306,1463,360,3.1786,222600,"NEAR BAY"
49,1557,405,1173,385,3.4605,265000,"NEAR BAY"
48,2675,585,1773,540,3.9565,268500,"NEAR BAY"
52,1729,319,890,300,4.3036,261800,"NEAR BAY"
52,1380,272,847,284,3.7143,260000,"NEAR BAY"
46,2559,506,1562,498,4.3846,270600,"NEAR OCEAN"
52,1658,322,1086,326,3.8583,261600,"NEAR OCEAN"
41,1578,351,1159,299,3.9167,243600,"NEAR OCEAN"
52,1580,337,1425,330,4.0547,246200,"NEAR OCEAN"
47,1527,283,1102,282,4,231600,"NEAR OCEAN"
35,2878,564,1633,528,4.5,266900,"NEAR BAY"
52,1508,278,1138,304,4.0234,266500,"NEAR BAY"
52,1410,286,879,282,3.1908,255600,"NEAR BAY"
52,1507,282,929,281,3.8958,247700,"NEAR BAY"
52,2711,591,1848,524,3.9567,251500,"NEAR BAY"
46,1230,247,895,257,5.3913,248900,"NEAR BAY"
31,2370,441,1524,470,5.0201,264100,"NEAR BAY"
34,3131,669,2204,600,3.5536,251000,"NEAR OCEAN"
40,1948,413,1434,396,3.0313,219100,"NEAR BAY"
40,1883,397,1411,438,3.0469,238000,"NEAR BAY"
47,2289,481,1697,465,3.4773,226300,"NEAR BAY"
28,5015,1240,3900,1029,1.2269,181900,"NEAR BAY"
40,2054,433,1738,429,4.9926,213900,"NEAR BAY"
49,1852,429,1615,447,3.495,217800,"NEAR BAY"
41,1975,440,1528,424,3.8625,218300,"NEAR BAY"
47,1167,250,953,253,4.2727,241900,"NEAR BAY"
52,2236,545,1186,532,3.4531,414300,"NEAR BAY"
52,1824,388,799,363,3.75,435700,"NEAR BAY"
52,1817,449,948,380,3.93,390000,"NEAR BAY"
31,5283,1330,2659,1269,3.5744,5e+05,"NEAR BAY"
28,1072,165,363,168,6.1636,367700,"NEAR BAY"
26,2192,438,954,456,4.5352,374200,"NEAR BAY"
52,2941,783,1545,726,2.9899,406500,"NEAR BAY"
52,2680,740,1587,713,2.5933,359600,"NEAR BAY"
49,2842,670,1396,648,3.2679,345700,"NEAR BAY"
52,2465,489,1170,498,4.0793,306700,"NEAR BAY"
48,2064,484,1055,467,2.8711,329600,"NEAR BAY"
40,3525,941,1675,857,3.2083,330000,"NEAR BAY"
52,4001,809,1886,756,3.3239,350000,"NEAR BAY"
39,3200,689,1391,618,3.6346,338000,"NEAR BAY"
45,2399,426,911,423,4.4312,361000,"NEAR BAY"
51,2413,431,1095,437,4.0089,357000,"NEAR BAY"
49,2747,472,1281,448,5.482,366300,"NEAR BAY"
34,2807,487,1152,445,5.1893,420300,"NEAR BAY"
48,2464,459,1179,458,4.4946,358600,"NEAR BAY"
52,1590,236,622,232,5.8151,500001,"NEAR BAY"
52,1207,152,465,162,10.7569,500001,"NEAR BAY"
51,2713,396,1090,401,9.3603,500001,"NEAR BAY"
46,3238,544,1293,470,6.1592,381700,"NEAR BAY"
52,1598,285,689,265,4.6071,337400,"NEAR BAY"
52,1538,305,819,319,4.0846,333600,"NEAR BAY"
36,2303,381,862,371,6.0274,349000,"NEAR BAY"
36,1997,356,772,348,4.95,322600,"NEAR BAY"
35,1363,302,1786,301,3.0804,313400,"NEAR BAY"
52,1849,287,695,258,6.5372,394000,"NEAR BAY"
52,1596,276,642,273,4.375,349500,"NEAR BAY"
51,1905,291,707,284,6.2561,431000,"NEAR BAY"
46,6429,1093,2535,1109,5.0887,335100,"NEAR BAY"
43,3700,684,1488,623,5.5622,313600,"NEAR BAY"
38,5688,930,2263,908,6.203,346800,"NEAR BAY"
52,2180,326,856,326,5.3961,416900,"NEAR BAY"
52,2053,281,791,287,10.959,500001,"NEAR BAY"
52,2055,265,735,252,8.1189,500001,"NEAR BAY"
52,3797,668,1633,658,5.6787,363600,"NEAR BAY"
52,3688,640,1605,567,4.9537,365600,"NEAR BAY"
52,2673,349,876,338,7.8476,500001,"NEAR BAY"
52,3547,506,1276,491,8.0069,426800,"NEAR BAY"
52,2951,406,1115,397,6.7228,405200,"NEAR OCEAN"
52,2134,277,936,285,5.9245,484600,"NEAR OCEAN"
52,2151,280,762,274,10.7309,500001,"NEAR OCEAN"
50,1653,252,641,224,10.6605,500001,"NEAR OCEAN"
46,1836,319,767,302,5.9114,399000,"NEAR OCEAN"
52,2401,346,812,328,6.8322,394100,"NEAR BAY"
52,2510,438,1153,407,5.1238,335100,"NEAR BAY"
52,2857,469,1431,496,5.2088,344200,"NEAR BAY"
52,2838,567,1411,526,3.8304,261400,"NEAR BAY"
52,1350,241,752,246,3.2448,266200,"NEAR BAY"
52,2035,424,1193,430,5.0634,264200,"NEAR BAY"
46,3581,758,1670,703,4.1932,269200,"NEAR BAY"
52,982,197,653,171,4.2167,231900,"NEAR BAY"
46,1406,235,771,239,4.7143,219300,"NEAR BAY"
47,1773,345,1083,315,4.475,221200,"NEAR BAY"
51,2690,554,1795,539,3.6581,225000,"NEAR BAY"
47,1723,389,1216,399,3.3208,238600,"NEAR OCEAN"
49,1207,255,658,220,4.0859,228600,"NEAR OCEAN"
48,1690,339,962,317,3.2875,221500,"NEAR OCEAN"
45,2399,419,1225,399,4.0855,244100,"NEAR OCEAN"
44,2547,511,1577,516,4.1939,237900,"NEAR OCEAN"
42,1961,427,1211,409,3.5156,239400,"NEAR OCEAN"
43,968,199,434,162,2.5333,239300,"NEAR OCEAN"
46,1453,306,817,310,3,246700,"NEAR OCEAN"
49,1690,307,770,294,4.5913,259700,"NEAR OCEAN"
45,964,173,613,201,2.9119,228900,"NEAR BAY"
45,2253,431,1382,392,4.2562,221600,"NEAR OCEAN"
52,1642,351,1138,340,4.1406,219500,"NEAR OCEAN"
49,1711,348,1138,325,2.875,225000,"NEAR OCEAN"
37,1833,388,1093,363,3.0703,211800,"NEAR OCEAN"
48,2660,616,1491,602,3.9758,348600,"NEAR BAY"
48,2304,558,1273,512,3.275,332100,"NEAR BAY"
52,2684,574,1395,549,3.9097,323800,"NEAR BAY"
50,2236,484,1171,467,4.0977,322100,"NEAR BAY"
52,1845,336,1015,337,4.1397,331300,"NEAR BAY"
52,3260,653,1594,632,4.4094,336100,"NEAR BAY"
52,1382,230,708,279,5.8096,339800,"NEAR BAY"
52,2564,502,1092,459,3.5302,329600,"NEAR BAY"
52,2245,425,1091,409,3.5909,331200,"NEAR BAY"
52,1792,305,782,287,4.0391,332700,"NEAR BAY"
48,1351,270,650,265,3.5278,339800,"NEAR BAY"
49,1724,295,795,297,4.3977,353600,"NEAR BAY"
49,1637,304,729,281,4.3281,323100,"NEAR BAY"
51,2095,410,1126,429,4.4,318400,"NEAR BAY"
52,2515,494,1583,477,4.3393,317600,"NEAR BAY"
52,2453,508,1056,453,3.6859,311800,"NEAR OCEAN"
49,2203,407,1052,405,4.4375,329200,"NEAR BAY"
48,2555,548,1285,482,3.7734,314700,"NEAR BAY"
52,2074,401,1136,409,4.7703,331000,"NEAR BAY"
48,2181,419,1041,379,3.7361,320200,"NEAR OCEAN"
47,2140,425,1105,401,3.7054,308500,"NEAR OCEAN"
45,2341,461,1092,438,4.8036,297800,"NEAR OCEAN"
43,2044,393,979,378,3.9205,319100,"NEAR OCEAN"
48,2387,424,1041,408,3.7562,321200,"NEAR OCEAN"
52,2226,385,1177,416,4.8516,323800,"NEAR OCEAN"
52,2189,433,1147,420,3.4583,321300,"NEAR OCEAN"
52,2285,435,1211,442,4.0208,323100,"NEAR OCEAN"
52,2166,423,1072,370,4.131,314300,"NEAR OCEAN"
52,2841,517,1372,517,3.9236,335000,"NEAR OCEAN"
48,1190,182,497,199,6.2642,438500,"NEAR OCEAN"
48,1186,213,487,207,3.8333,340800,"NEAR OCEAN"
52,2442,449,1188,436,4.3909,317700,"NEAR OCEAN"
52,2302,457,1154,424,4.5744,315200,"NEAR OCEAN"
52,1597,240,566,231,5.1681,500001,"NEAR OCEAN"
47,2382,392,867,376,5.2598,371500,"NEAR OCEAN"
39,1937,336,742,307,5.1991,369400,"NEAR OCEAN"
37,1399,224,530,235,3.9219,433300,"NEAR OCEAN"
36,1821,292,742,298,5.6204,406200,"NEAR OCEAN"
38,3195,828,2410,778,3.1359,350000,"NEAR OCEAN"
47,1176,286,564,258,3.2059,350000,"NEAR OCEAN"
43,3850,1018,1497,829,3.5296,4e+05,"NEAR OCEAN"
45,1405,338,733,342,4.1116,187500,"NEAR OCEAN"
46,2403,638,1281,603,3.2321,112500,"NEAR OCEAN"
52,2018,422,1142,463,3.7083,307700,"NEAR OCEAN"
43,2108,456,1299,447,3.1406,316200,"NEAR OCEAN"
50,1993,410,1009,374,3.9464,295600,"NEAR OCEAN"
48,1408,295,891,269,3.8333,296300,"NEAR OCEAN"
46,1491,285,841,306,4.5329,278800,"NEAR OCEAN"
45,1672,344,838,314,4.1419,291500,"NEAR OCEAN"
43,2373,481,1247,454,4.0985,283200,"NEAR OCEAN"
43,2345,624,1439,614,2.8448,268900,"NEAR OCEAN"
43,2527,619,1332,558,3.0465,274200,"NEAR OCEAN"
40,2320,562,1499,521,3.2792,260800,"NEAR OCEAN"
46,2226,480,1272,468,4.2644,284100,"NEAR OCEAN"
45,1673,377,1078,393,3.3393,272300,"NEAR OCEAN"
45,1592,325,920,322,3.96,272200,"NEAR OCEAN"
44,1739,343,872,330,2.9632,286300,"NEAR OCEAN"
40,2310,445,1266,490,3.7969,297800,"NEAR OCEAN"
45,1771,349,1098,342,3.7552,296600,"NEAR OCEAN"
44,1472,275,820,310,5.6826,3e+05,"NEAR OCEAN"
44,2374,496,1087,426,3.5,275700,"NEAR OCEAN"
44,2527,518,1434,444,3.875,275700,"NEAR OCEAN"
46,2298,457,1429,477,4.0217,272400,"NEAR OCEAN"
44,2792,615,1640,579,4.0625,272800,"NEAR OCEAN"
42,1667,395,1041,387,3.9583,273700,"NEAR OCEAN"
44,2082,470,1154,403,4.3611,268100,"NEAR OCEAN"
42,2006,415,1230,435,4.1786,271100,"NEAR OCEAN"
52,2005,359,847,356,4.1029,500001,"NEAR BAY"
52,2165,580,1067,530,2.9293,350000,"NEAR BAY"
52,2594,622,1421,593,3.0265,350000,"NEAR BAY"
52,2059,416,999,402,3.7419,500001,"NEAR BAY"
52,3429,773,1584,696,3.7887,500001,"NEAR BAY"
51,1485,386,880,385,2.7431,307100,"NEAR BAY"
52,2635,587,1302,577,3.7292,416700,"NEAR BAY"
52,2844,623,1380,596,4.75,500001,"NEAR BAY"
52,437,105,194,87,2.8125,500001,"NEAR BAY"
52,2383,477,990,464,3.9688,483300,"NEAR BAY"
52,2388,507,1078,494,3.5221,443300,"NEAR BAY"
52,1941,436,955,425,4.1339,396400,"NEAR BAY"
48,2835,728,1674,684,3.129,375000,"NEAR BAY"
52,4683,1055,2246,975,4.1148,457800,"NEAR BAY"
44,3371,794,1738,753,3.1653,335300,"NEAR BAY"
32,3028,815,1704,718,3.2028,322900,"NEAR BAY"
46,3304,792,1783,777,3.6148,352200,"NEAR BAY"
52,1647,236,546,227,9.1881,500001,"NEAR BAY"
52,3146,478,1143,455,6.1407,500001,"NEAR BAY"
52,2488,281,805,295,10.7058,500001,"NEAR BAY"
52,4140,984,2030,892,3.4236,376800,"NEAR BAY"
52,2632,542,1364,544,3.4605,441700,"NEAR BAY"
52,2051,552,1400,510,3.2396,375000,"NEAR BAY"
52,3088,727,1636,662,2.8553,360700,"NEAR BAY"
52,3193,688,2099,681,3.9375,402900,"NEAR BAY"
52,2241,443,1042,377,4.1635,398400,"NEAR BAY"
52,2275,412,1166,424,4.0652,421300,"NEAR BAY"
52,2169,522,1220,505,3.1989,446900,"NEAR BAY"
52,2951,647,1448,591,3.1392,422400,"NEAR BAY"
52,3021,569,1479,514,4.0208,414600,"NEAR BAY"
52,2042,378,1153,408,4.1856,404700,"NEAR BAY"
52,3143,635,1350,623,3.8571,366700,"NEAR BAY"
52,3047,641,1427,620,3.4883,337200,"NEAR BAY"
52,2666,515,1362,494,4.218,393800,"NEAR BAY"
52,2556,595,1202,568,3.8899,348500,"NEAR BAY"
50,2159,437,1111,417,3.5588,346400,"NEAR BAY"
52,2910,611,1508,515,3.5865,311400,"NEAR BAY"
47,2695,643,1505,644,3.0877,329100,"NEAR BAY"
52,3440,722,1663,665,3.0278,356300,"NEAR BAY"
52,2342,458,1170,458,3.7036,369200,"NEAR BAY"
52,2433,454,1070,420,4.125,359500,"NEAR BAY"
52,2050,439,1109,437,2.6719,318500,"NEAR BAY"
42,2723,579,1419,519,3.6429,328400,"NEAR BAY"
49,2176,441,1040,448,4.2414,500001,"NEAR BAY"
50,1922,427,1049,443,3.5833,348500,"NEAR BAY"
52,1769,414,1032,380,3.9954,324700,"NEAR BAY"
52,2299,441,1252,415,5.0562,336700,"NEAR BAY"
52,2739,569,1312,531,3.5833,322900,"NEAR BAY"
46,2646,607,1418,563,3.7167,332800,"NEAR BAY"
45,2564,499,1056,460,4.7328,351100,"NEAR BAY"
47,2496,494,1201,454,4.0353,342200,"NEAR BAY"
32,2131,625,1229,572,2.9201,322200,"NEAR OCEAN"
45,6927,1258,4715,1165,3.4051,500001,"NEAR BAY"
52,8,1,13,1,15.0001,500001,"NEAR BAY"
17,2975,968,1453,828,3.527,318900,"NEAR OCEAN"
42,4219,1125,3549,993,1.2387,212800,"NEAR BAY"
10,479,125,355,108,2.7083,180400,"NEAR BAY"
52,126,24,37,27,10.2264,225000,"NEAR BAY"
26,54,9,23,9,6.1359,225000,"NEAR BAY"
47,1088,190,558,166,4.2708,207100,"NEAR BAY"
47,1649,328,1183,356,3.3625,223700,"NEAR BAY"
28,1942,724,1618,638,0.9365,52500,"INLAND"
49,1200,364,1448,318,1.1094,52500,"INLAND"
46,1026,330,1109,333,1.2904,63300,"INLAND"
52,888,324,630,258,1.2411,112500,"INLAND"
52,287,119,154,85,0.8738,75000,"INLAND"
16,761,306,438,282,0.7714,87500,"INLAND"
9,674,242,575,193,2.2024,45000,"INLAND"
52,107,79,167,53,0.7917,22500,"INLAND"
24,1212,366,1202,343,1.7875,76800,"INLAND"
48,1112,227,583,216,2.3393,77600,"INLAND"
52,1610,480,1025,440,1.2962,110200,"INLAND"
48,1778,541,1237,462,1.3438,103100,"INLAND"
50,1669,558,1340,484,1.3191,92300,"INLAND"
31,2668,812,1398,721,1.125,110400,"INLAND"
52,1475,238,736,260,3.6591,105100,"INLAND"
52,1354,314,679,311,1.7788,97400,"INLAND"
52,2654,468,1157,494,3.226,107600,"INLAND"
52,1829,301,694,319,3.3466,92600,"INLAND"
47,2348,507,1455,479,1.65,66000,"INLAND"
43,1624,448,1805,440,1.425,61300,"INLAND"
43,557,165,573,144,1.7212,59000,"INLAND"
52,1318,308,1368,310,1.8261,54600,"INLAND"
38,512,133,676,124,1.7386,52000,"INLAND"
44,1406,357,1489,386,1.4688,56800,"INLAND"
48,1766,444,1406,421,1.7039,52700,"INLAND"
52,288,86,272,54,0.696,42500,"INLAND"
40,2827,655,2037,574,2.0303,63800,"INLAND"
40,964,230,742,209,1.2625,43000,"INLAND"
41,375,108,323,98,1.9531,45000,"INLAND"
40,452,109,412,97,1.3417,60800,"INLAND"
52,24,6,23,5,2.375,67500,"INLAND"
36,40,10,64,14,2.625,55000,"INLAND"
52,1938,332,788,320,3.6094,118400,"INLAND"
47,1700,344,922,357,3.1845,87200,"INLAND"
46,1832,365,975,373,2.0398,88100,"INLAND"
42,1619,340,906,339,2.5488,80300,"INLAND"
27,1839,442,2010,416,2.1284,59400,"INLAND"
36,747,189,338,145,1.7885,62100,"INLAND"
5,123,21,50,20,2.7656,50000,"INLAND"
33,2493,454,1203,436,3.765,94600,"INLAND"
23,2830,659,1554,654,3.0354,113700,"INLAND"
33,3656,681,1698,671,3.1406,93900,"INLAND"
32,614,95,227,107,3.9922,247400,"INLAND"
21,1343,183,462,193,5.8995,189900,"INLAND"
37,3247,643,1737,665,3.066,94100,"INLAND"
36,3113,576,1746,544,3.4625,84600,"INLAND"
38,3166,575,1351,561,3.5404,91600,"INLAND"
46,2270,427,1097,453,3.3235,87800,"INLAND"
43,2453,490,1093,438,2.9107,88800,"INLAND"
20,1727,386,730,342,2.5195,92600,"INLAND"
43,1511,292,721,320,3.5703,87400,"INLAND"
36,1953,492,999,371,2.0043,90800,"INLAND"
47,3386,663,1228,619,3.0625,141500,"INLAND"
52,2980,537,1128,510,4.061,113600,"INLAND"
42,1824,277,720,309,5.1915,183700,"INLAND"
45,2604,454,988,442,3.6667,123100,"INLAND"
42,625,143,533,159,2.625,65400,"INLAND"
52,2995,555,1392,503,1.7794,98800,"INLAND"
49,2501,565,1171,550,2.5043,76700,"INLAND"
47,2373,461,990,444,4.175,98300,"INLAND"
52,2259,417,766,385,2.2981,105400,"INLAND"
41,930,191,463,185,3.4141,90600,"INLAND"
30,1271,528,2019,524,1.5152,81300,"INLAND"
38,2375,494,1167,471,2.6673,87500,"INLAND"
39,3375,659,1388,631,2.6364,93800,"INLAND"
42,495,116,284,97,2.8854,55700,"INLAND"
32,3274,820,2050,738,2.1265,55700,"INLAND"
43,2608,516,1322,528,2.5714,70000,"INLAND"
43,1005,200,492,172,2.6812,72800,"INLAND"
52,941,184,414,171,2.1429,69900,"INLAND"
45,965,198,498,195,1.6944,75200,"INLAND"
39,1023,243,550,224,1.1141,54400,"INLAND"
43,527,133,367,152,2.5,63600,"INLAND"
43,948,221,749,208,1.962,52700,"INLAND"
52,583,114,310,93,2.5625,54200,"INLAND"
41,1633,433,885,413,0.9782,54200,"INLAND"
39,1765,414,1056,414,1.5329,48300,"INLAND"
31,1189,295,891,292,2.5536,50500,"INLAND"
34,1288,344,846,293,1.7895,63100,"INLAND"
43,940,208,690,181,2.3056,62300,"INLAND"
41,2398,448,1143,444,3.0352,69800,"INLAND"
41,855,189,716,206,2.0375,75000,"INLAND"
35,1511,316,892,304,1.7898,63500,"INLAND"
40,1703,362,1208,373,2.0817,55300,"INLAND"
44,819,184,677,183,1.725,59300,"INLAND"
39,1841,428,1368,390,2.1583,62000,"INLAND"
41,461,101,382,79,1.275,54000,"INLAND"
40,535,105,335,102,2.5234,62800,"INLAND"
26,2205,478,1730,472,2.4866,68300,"INLAND"
29,874,217,788,222,1.9187,57700,"INLAND"
46,2001,428,1384,401,1.9402,62200,"INLAND"
36,361,63,169,62,3.7734,63800,"INLAND"
30,1509,308,967,278,1.7798,65900,"INLAND"
5,2232,488,1857,435,2.8705,113600,"INLAND"
21,1185,237,960,245,2.0893,65000,"INLAND"
28,964,232,782,218,2.3269,55900,"INLAND"
31,1673,382,1734,400,2.0833,48300,"INLAND"
33,2109,531,2248,588,1.4583,53000,"INLAND"
43,1610,412,1409,365,1.7574,51700,"INLAND"
24,1451,320,1413,283,2.125,61200,"INLAND"
35,2680,634,2188,611,1.9375,56700,"INLAND"
36,499,115,451,124,2.1705,60300,"INLAND"
40,2806,685,2268,635,1.8814,57700,"INLAND"
37,2488,578,1854,514,2.551,59100,"INLAND"
24,1438,351,1294,342,2.7829,61800,"INLAND"
23,1491,346,1223,343,2.1591,67800,"INLAND"
30,1061,230,851,195,2.4412,61600,"INLAND"
12,1096,240,1175,278,3.1053,73100,"INLAND"
31,820,179,576,155,1.69,65900,"INLAND"
21,1556,314,1140,304,2.4667,81400,"INLAND"
28,3308,766,3201,720,1.7694,73900,"INLAND"
33,450,123,236,103,1.1964,80400,"INLAND"
47,886,196,517,188,2.1991,67200,"INLAND"
37,1175,260,951,267,2.875,57700,"INLAND"
37,2351,564,1591,549,1.6563,57200,"INLAND"
44,2204,473,1277,435,1.5539,59200,"INLAND"
36,811,168,514,152,2.625,89200,"INLAND"
37,1514,337,1121,337,2.401,58400,"INLAND"
30,1737,381,1177,347,1.9875,56400,"INLAND"
31,1484,314,1163,336,2.625,72100,"INLAND"
19,2109,427,1742,426,2.4097,66000,"INLAND"
28,590,129,315,99,1.8958,85700,"INLAND"
17,4535,762,1562,743,5.3224,225800,"INLAND"
22,3564,730,1539,699,3.675,152400,"INLAND"
6,1649,369,732,350,3.4231,123800,"INLAND"
15,2430,315,1016,314,10.0088,242000,"INLAND"
15,2682,599,1520,601,3.5982,94400,"INLAND"
16,926,230,451,198,4.0221,173300,"INLAND"
16,2178,667,1192,579,2.3339,87100,"INLAND"
16,1080,166,507,182,4.5278,166900,"INLAND"
17,2033,452,1114,446,3.2872,175000,"INLAND"
27,1612,234,630,255,5.318,155100,"INLAND"
32,3877,687,1642,647,4.0444,129200,"INLAND"
32,4474,929,2177,884,3.2889,98900,"INLAND"
36,1383,207,531,203,5.9191,151900,"INLAND"
20,1903,395,919,359,2.6765,96400,"INLAND"
36,391,74,171,79,2.7045,102800,"INLAND"
21,1795,482,1114,472,2.0091,101500,"INLAND"
22,2105,521,781,483,2.213,87500,"INLAND"
14,3731,772,1679,750,3.1369,119600,"INLAND"
15,4472,1079,1837,976,2.5,175900,"INLAND"
11,4487,868,2195,780,3.9615,194600,"INLAND"
14,3111,498,1178,525,6.556,234700,"INLAND"
15,3103,965,3061,861,1.3729,110300,"INLAND"
20,1591,589,1916,536,1.3531,94600,"INLAND"
9,2370,424,1129,386,5.143,176500,"INLAND"
10,1564,397,643,347,2.7031,150000,"INLAND"
8,1801,380,684,350,4.2589,134900,"INLAND"
8,2628,428,1158,393,5.3002,191700,"INLAND"
33,2854,489,1109,452,4.3008,136400,"INLAND"
30,4375,689,2038,709,5.1202,133800,"INLAND"
37,1964,315,915,335,4.3008,119800,"INLAND"
20,4213,751,2071,714,4.4063,130800,"INLAND"
19,1708,291,906,288,4.918,130600,"INLAND"
4,2477,359,1234,377,5.5427,162100,"INLAND"
5,4303,613,2206,621,5.5842,159100,"INLAND"
12,6217,1019,3771,961,3.7206,146000,"INLAND"
9,2167,370,1290,351,5.0285,148200,"INLAND"
16,667,92,267,90,5.6147,244700,"INLAND"
16,3295,565,2279,576,3.6083,146400,"INLAND"
15,1933,280,965,260,4.6477,142700,"INLAND"
10,629,140,635,146,2.2961,126700,"INLAND"
16,4045,623,1862,625,4.875,143100,"INLAND"
15,2903,440,1325,423,4.5179,145600,"INLAND"
10,1421,204,657,209,5.1878,153900,"INLAND"
8,1904,255,895,242,5.7201,155700,"INLAND"
12,2707,433,1200,380,4.9861,133500,"INLAND"
16,1665,311,1301,259,2.8403,132300,"INLAND"
16,3158,515,1596,528,4.1739,131300,"INLAND"
14,2356,438,1378,481,3.7375,138800,"INLAND"
15,3583,644,2183,643,3.428,140700,"INLAND"
5,2229,543,1010,474,4.1719,206100,"INLAND"
7,3461,859,1518,741,3.5684,78700,"INLAND"
30,249,44,167,45,4.5,92800,"INLAND"
24,3050,568,1743,549,3.7413,105300,"INLAND"
25,2474,513,1947,524,2.5742,98400,"INLAND"
26,2851,533,1544,499,3.5379,99100,"INLAND"
18,4893,1008,3036,997,2.5212,110000,"INLAND"
12,4038,1074,3440,942,1.9698,112300,"INLAND"
23,3135,707,1650,680,1.886,105300,"INLAND"
23,3706,1106,3785,1019,1.7774,1e+05,"INLAND"
29,2289,449,1215,435,3.2788,1e+05,"INLAND"
27,2918,580,1338,544,2.6495,116200,"INLAND"
35,2097,351,977,358,4.3958,108400,"INLAND"
19,908,158,306,154,3.9792,131900,"INLAND"
24,4157,951,2734,879,2.7981,92100,"INLAND"
30,2547,485,1547,501,3.994,95500,"INLAND"
23,3251,689,1890,668,3.0729,104800,"INLAND"
22,2101,514,1304,511,2.8348,101600,"INLAND"
22,2575,680,1367,645,1.4274,90500,"INLAND"
8,2668,447,1713,444,4.0156,117600,"INLAND"
13,1014,200,712,197,3.1471,102800,"INLAND"
10,1409,248,782,222,4.0227,107700,"INLAND"
16,2128,441,1860,459,3.1779,97300,"INLAND"
16,4356,881,1629,818,2.2672,91100,"INLAND"
11,3585,729,2769,715,3.0907,94100,"INLAND"
7,2021,441,1615,406,2.5842,111300,"INLAND"
11,826,150,684,166,3.9265,107400,"INLAND"
12,2006,426,1849,396,2.5437,99000,"INLAND"
16,2717,621,3343,643,2.5473,106300,"INLAND"
11,2866,654,1404,525,2.505,95000,"INLAND"
4,1515,384,491,348,2.8523,87500,"INLAND"
4,1392,322,1784,309,2.375,124500,"INLAND"
2,6403,1116,3327,957,4.4871,137900,"INLAND"
8,1868,392,1258,389,3.175,95900,"INLAND"
10,69,16,50,20,3.75,120800,"INLAND"
26,378,75,164,65,3.4107,82800,"INLAND"
32,342,58,138,52,2.9821,155000,"INLAND"
52,122,26,62,25,1.15,112500,"INLAND"
25,1967,362,1035,361,3.5735,106800,"INLAND"
26,3080,473,1257,465,4.9861,201800,"INLAND"
16,2397,501,1053,557,2.6994,112500,"INLAND"
32,1829,262,677,243,6.1805,247900,"INLAND"
42,343,50,116,49,5.5376,212500,"INLAND"
29,2465,327,859,315,6.6605,220700,"INLAND"
35,1841,300,783,285,2.8167,162100,"INLAND"
22,1526,299,790,300,2.4342,125000,"INLAND"
21,446,73,182,57,2.8958,135000,"INLAND"
27,429,102,179,90,2.3333,87500,"INLAND"
25,1471,300,721,304,2.4688,126800,"INLAND"
38,523,80,226,72,5.5693,153100,"INLAND"
27,849,137,373,131,5.0362,181300,"INLAND"
39,440,83,270,97,6.0582,157700,"INLAND"
35,703,117,290,107,3.225,177100,"INLAND"
28,253,50,201,51,1.4732,156300,"INLAND"
44,608,108,287,83,3.3882,125000,"INLAND"
31,2450,559,1459,478,2.4674,130900,"INLAND"
28,1374,248,769,229,3.6389,130400,"INLAND"
32,2081,472,1342,411,2.7958,59000,"INLAND"
27,1621,363,909,345,2.1513,99700,"INLAND"
20,268,78,77,49,1.125,150000,"INLAND"
21,336,68,206,73,4.75,121400,"INLAND"
30,1055,211,629,170,2.8676,76900,"INLAND"
35,411,74,193,59,2.5625,146900,"INLAND"
16,50,10,20,6,2.625,137500,"INLAND"
42,465,93,256,93,3.1719,158300,"INLAND"
28,371,71,171,70,0.9614,55700,"INLAND"
43,968,249,664,240,1.6458,83600,"INLAND"
34,1010,206,678,234,2.9531,104000,"INLAND"
38,226,44,125,38,2.9,125000,"INLAND"
26,161,27,1542,30,5.7485,162500,"INLAND"
29,488,108,308,115,2.6563,103100,"INLAND"
49,98,24,59,26,3.65,162500,"INLAND"
31,1860,394,1848,293,2.2891,162500,"INLAND"
44,1158,226,1094,224,2.6842,156300,"INLAND"
13,3192,715,1768,626,2.2619,123500,"INLAND"
35,1507,313,868,283,2.0284,96300,"INLAND"
42,2051,334,878,318,4.3553,185700,"INLAND"
14,2049,398,1071,369,3.5,240800,"INLAND"
5,3136,501,1327,467,5.5942,186900,"INLAND"
32,1706,292,923,284,5.5057,147200,"INLAND"
5,5428,994,2725,902,3.9323,130100,"INLAND"
22,393,58,134,57,3.95,178100,"INLAND"
48,561,81,240,69,3.6312,202800,"INLAND"
23,633,91,236,83,6.4562,230000,"INLAND"
35,930,186,525,201,2.0625,155000,"INLAND"
31,335,53,154,55,2.0694,175000,"INLAND"
21,1185,207,533,213,3.1917,204500,"INLAND"
28,2103,422,1167,391,3.0592,152800,"INLAND"
27,836,132,303,133,3.875,127400,"INLAND"
17,3507,696,1867,709,3.2123,120700,"INLAND"
34,2770,544,1409,535,3.2338,101800,"INLAND"
34,1500,337,674,282,2.515,110800,"INLAND"
31,1008,212,453,195,2.3917,113500,"INLAND"
27,1004,192,470,192,2.8942,116700,"INLAND"
23,2864,504,1298,499,3.2303,131800,"INLAND"
23,4183,633,1886,628,4.8787,175300,"INLAND"
37,3278,623,1431,575,3.3987,99500,"INLAND"
33,3557,894,2659,894,2.2883,86900,"INLAND"
40,929,257,576,229,2.125,137500,"INLAND"
38,2803,500,1223,509,4.119,128800,"INLAND"
48,1892,333,804,352,4.0625,143200,"INLAND"
52,1081,257,437,225,2.1979,114100,"INLAND"
40,2402,509,1197,486,2.1771,98200,"INLAND"
32,3366,676,1916,697,2.5401,125400,"INLAND"
34,3268,640,1906,628,2.8237,110700,"INLAND"
44,2356,482,1043,443,2.4949,108000,"INLAND"
20,3168,514,1390,490,5,154800,"INLAND"
26,2256,360,937,372,5.0528,153700,"INLAND"
18,1534,275,741,263,3.9607,132500,"INLAND"
11,1792,252,767,263,7.6889,229300,"INLAND"
5,5979,1190,2679,1084,4.196,171700,"INLAND"
11,3163,794,2106,762,2.4482,103000,"INLAND"
10,2974,588,1559,568,3.8825,136800,"INLAND"
15,2039,384,1178,375,3.8672,120100,"INLAND"
13,2432,586,1441,606,2.5556,133100,"INLAND"
14,1551,297,785,281,3.775,163300,"INLAND"
39,2614,634,1862,654,1.9238,70700,"INLAND"
37,2232,504,1455,471,2.5587,87800,"INLAND"
38,1419,411,1226,397,2.2188,68800,"INLAND"
27,1818,459,1182,428,1.8575,73800,"INLAND"
25,1305,270,789,235,3.2993,91100,"INLAND"
4,2058,366,933,316,4.2448,150900,"INLAND"
8,2770,642,1611,633,3.1284,115100,"INLAND"
16,1174,242,464,261,2.3,133300,"INLAND"
10,3371,665,1823,654,3.5333,116800,"INLAND"
35,2607,685,2016,618,1.75,82900,"INLAND"
25,2549,675,2053,648,2.0875,83100,"INLAND"
28,2593,487,1365,457,3.3929,113000,"INLAND"
24,4411,776,2038,732,3.475,151200,"INLAND"
19,1337,236,744,225,4.0924,244200,"INLAND"
27,2643,467,1455,444,3.6398,146700,"INLAND"
31,1953,366,999,316,2.4906,122500,"INLAND"
14,2591,497,1371,479,3.5774,113900,"INLAND"
13,651,102,301,104,3.6528,2e+05,"INLAND"
18,4176,700,2164,699,4.0365,174200,"INLAND"
19,3326,561,1544,511,2.9875,166300,"INLAND"
23,762,140,358,141,2.4545,105000,"INLAND"
27,2400,435,1085,444,3.7687,165200,"INLAND"
21,2333,377,1073,332,4.8125,161100,"INLAND"
27,1683,288,873,258,4.7069,176900,"INLAND"
17,2474,480,1649,453,3.275,156500,"INLAND"
32,1083,188,471,178,2.9241,187500,"INLAND"
21,2064,342,1021,359,4.517,152200,"INLAND"
36,683,159,505,141,3.4265,158900,"INLAND"
32,2564,513,1198,459,2.9083,113400,"INLAND"
13,4030,744,2248,766,3.6107,141300,"INLAND"
20,2458,491,1227,481,2.7857,110900,"INLAND"
28,2368,430,1231,403,2.883,141900,"INLAND"
32,2262,416,1156,404,3.8534,157600,"INLAND"
32,2916,528,1466,473,2.5643,2e+05,"INLAND"
24,1713,328,1258,324,2.683,169400,"INLAND"
31,677,144,523,159,2.4598,97100,"INLAND"
28,409,104,244,98,3.4643,90900,"INLAND"
35,1107,227,573,210,2.3924,102200,"INLAND"
21,2376,475,1175,441,3.6016,134600,"INLAND"
40,1126,220,667,235,3.3158,125900,"INLAND"
11,3886,599,1605,529,4.4213,182700,"INLAND"
35,1853,331,958,340,3.3578,149000,"INLAND"
22,2606,411,1252,397,4.1833,192100,"INLAND"
7,4956,941,3006,915,3.4426,139000,"INLAND"
22,2430,417,1292,391,3.4009,182400,"INLAND"
34,2123,387,1310,368,2.6368,165600,"INLAND"
17,2879,542,1802,530,3.6378,126100,"INLAND"
28,2608,576,1719,554,2.1186,94400,"INLAND"
37,1038,222,521,211,2.125,91900,"INLAND"
18,2404,498,1531,506,2.995,124300,"INLAND"
31,699,186,460,170,2.7443,94200,"INLAND"
44,300,72,160,73,2.1786,120800,"INLAND"
45,370,84,167,70,1.4853,101800,"INLAND"
33,811,185,446,198,1.6724,96900,"INLAND"
33,1862,429,971,389,2.6053,99200,"INLAND"
8,1883,298,999,301,5.193,172100,"INLAND"
28,3264,576,1512,567,3.7546,135300,"INLAND"
24,1698,344,927,313,3.5625,130800,"INLAND"
36,866,160,502,149,2.4798,101500,"INLAND"
37,311,61,171,54,4.0972,101800,"INLAND"
12,3667,640,2173,652,5.0369,163900,"INLAND"
22,1283,256,3082,239,3.5365,111800,"INLAND"
35,2506,406,1316,398,3.8472,197600,"INLAND"
18,3415,580,1912,562,4.4423,161400,"INLAND"
26,395,74,193,72,7.3718,212500,"INLAND"
8,4019,857,1959,782,2.7321,175000,"INLAND"
16,1326,286,509,297,1.9464,112500,"INLAND"
4,58,29,79,29,3.375,106300,"INLAND"
20,273,49,149,49,4.8229,158300,"INLAND"
7,5151,867,2553,805,4.075,195000,"INLAND"
16,1853,390,1013,362,2.7083,173900,"INLAND"
13,335,89,247,77,1.6111,74100,"INLAND"
36,1052,221,712,212,1.7228,105000,"INLAND"
38,2152,451,1320,457,2.5025,101900,"INLAND"
21,1922,373,1130,372,4.0815,117900,"INLAND"
5,3107,477,1549,443,4.4766,169400,"INLAND"
23,1985,424,1198,389,2.7734,116800,"INLAND"
11,2451,665,1155,533,2.2254,130800,"INLAND"
6,3883,800,2319,787,3.5595,161000,"INLAND"
15,2906,537,1886,557,4.2431,137100,"INLAND"
20,1811,352,1191,327,4.0125,121500,"INLAND"
13,4452,949,2740,937,3.1964,141500,"INLAND"
16,2085,342,1236,345,5.5591,149300,"INLAND"
8,1289,235,867,239,4.6821,138500,"INLAND"
14,1847,325,1030,309,4.9271,155300,"INLAND"
28,1347,241,713,225,4.0208,155700,"INLAND"
9,6169,959,3378,945,5.1047,157900,"INLAND"
35,1034,206,604,192,2.2391,120000,"INLAND"
36,284,53,130,47,3.1429,179200,"INLAND"
6,110,26,69,24,3.7292,475000,"INLAND"
26,1170,238,830,216,2.6458,127500,"INLAND"
32,696,151,443,144,2.5156,86300,"INLAND"
10,9205,1774,5935,1673,3.65,119400,"INLAND"
19,2610,474,1290,452,4.1298,222800,"INLAND"
20,2706,477,1236,474,4.15,322400,"INLAND"
24,807,174,585,166,2.6181,163500,"INLAND"
19,2364,373,1264,390,5.0176,274200,"INLAND"
18,1544,272,825,286,4.3229,327300,"INLAND"
20,2039,373,862,330,5.1629,222900,"INLAND"
2,2239,321,766,219,5.75,240200,"INLAND"
5,1365,196,591,156,6.0389,215100,"INLAND"
7,8297,1433,4189,1271,4.3696,170700,"INLAND"
18,5501,1051,2964,1009,4.1855,162100,"INLAND"
33,1999,368,1061,390,3.5242,121400,"INLAND"
45,818,144,340,138,4.8021,133500,"INLAND"
38,773,147,320,134,2.825,152500,"INLAND"
35,796,132,313,152,3.15,153200,"INLAND"
33,1329,266,683,233,4.3687,128700,"INLAND"
34,1280,268,754,294,3.1333,132000,"INLAND"
41,1717,325,855,303,2.75,127300,"INLAND"
42,1207,278,699,279,3.3611,117600,"INLAND"
52,876,170,426,179,3.0865,119800,"INLAND"
40,859,196,427,176,3.5789,110400,"INLAND"
30,1912,451,1065,388,2.1424,125000,"INLAND"
7,2125,508,1358,464,3.6312,147600,"INLAND"
5,7264,1285,3670,1146,5.0443,194800,"INLAND"
15,3846,677,2360,635,4.6173,164800,"INLAND"
33,1875,363,970,381,3.5096,141700,"INLAND"
29,918,159,417,166,4.2768,151300,"INLAND"
16,2229,458,1199,445,3.4821,170600,"INLAND"
19,1393,367,915,355,1.1957,103100,"INLAND"
52,966,247,589,228,1.6937,108300,"INLAND"
52,994,258,623,264,1.725,111500,"INLAND"
25,456,116,370,106,3.1319,112500,"INLAND"
7,8363,1314,3907,1068,5.3321,208100,"INLAND"
40,1718,391,1312,388,2.9955,134700,"INLAND"
2,2682,393,883,271,5.9934,196700,"INLAND"
22,1630,404,4402,358,1.9792,63000,"INLAND"
21,1494,271,781,255,4.3015,250000,"INLAND"
14,1594,292,887,287,4.6625,294000,"INLAND"
14,5020,909,2105,796,3.8158,248700,"<1H OCEAN"
11,8997,1698,1825,756,3.23,154300,"<1H OCEAN"
15,1914,425,1130,421,2.2165,90600,"<1H OCEAN"
14,3487,889,2352,796,1.6303,144900,"<1H OCEAN"
38,2564,546,1301,481,2.0076,114000,"<1H OCEAN"
43,3044,652,1456,608,2.4567,140000,"<1H OCEAN"
35,3451,713,1550,653,2.9167,161700,"<1H OCEAN"
31,3476,644,1476,567,3.3472,195200,"<1H OCEAN"
8,2690,410,1085,381,4.2841,256700,"<1H OCEAN"
6,12779,2441,6085,2157,3.8661,168100,"<1H OCEAN"
9,5782,1184,3026,1130,2.6528,113500,"<1H OCEAN"
9,3466,673,2356,619,2.9926,158200,"<1H OCEAN"
9,4267,785,2065,691,3.7303,162700,"<1H OCEAN"
15,4760,871,2459,734,2.811,142100,"<1H OCEAN"
13,4461,764,1795,640,4.475,206900,"<1H OCEAN"
9,6044,1222,2239,972,3.24,264600,"NEAR OCEAN"
13,5383,1070,1880,796,3.8019,271200,"NEAR OCEAN"
16,4109,798,1298,626,3.4799,320800,"NEAR OCEAN"
23,2059,354,636,278,3.6908,278800,"NEAR OCEAN"
27,3493,909,1481,666,2.3075,184200,"NEAR OCEAN"
23,1664,355,629,279,2.7344,188300,"NEAR OCEAN"
21,2787,641,1106,501,2.7043,186200,"NEAR OCEAN"
16,2168,444,782,374,3.0187,278100,"NEAR OCEAN"
18,3418,686,970,453,3.7738,279400,"NEAR OCEAN"
30,6346,1410,1769,887,2.6864,283600,"NEAR OCEAN"
21,1033,195,588,187,2.8173,226900,"NEAR OCEAN"
28,4323,886,1650,705,2.7266,266800,"NEAR OCEAN"
27,2863,711,930,533,2.6205,221100,"NEAR OCEAN"
34,3279,714,1397,646,2.5552,2e+05,"NEAR OCEAN"
29,2046,588,846,410,1.65,227300,"NEAR OCEAN"
15,3276,670,1520,613,3.6412,207800,"NEAR OCEAN"
14,4155,787,2112,755,4.4766,192700,"NEAR OCEAN"
12,3522,683,1780,662,3.3958,215800,"NEAR OCEAN"
11,3252,701,1814,660,3.2226,183200,"NEAR OCEAN"
15,2419,538,1279,522,3.4762,189600,"NEAR OCEAN"
16,1576,287,595,262,3.588,266300,"NEAR OCEAN"
17,4197,802,1656,732,3.526,183900,"NEAR OCEAN"
23,3100,603,1515,609,2.8493,196100,"NEAR OCEAN"
15,2062,327,781,316,4.9359,317700,"NEAR OCEAN"
16,3924,699,1325,638,2.5172,293900,"NEAR OCEAN"
20,2200,393,996,365,3.587,330000,"NEAR OCEAN"
20,3389,704,1309,520,3.2112,204500,"NEAR OCEAN"
36,1940,315,850,298,3.1818,249600,"NEAR OCEAN"
23,1932,487,1380,472,1.9647,253600,"NEAR OCEAN"
16,2272,629,1689,649,1.7031,195000,"NEAR OCEAN"
19,1540,715,1799,635,0.7025,500001,"NEAR OCEAN"
20,626,212,3574,261,1.0298,3e+05,"NEAR OCEAN"
28,3952,592,1469,571,6.3144,328800,"NEAR OCEAN"
29,1785,481,1344,472,1.4492,222900,"NEAR OCEAN"
32,896,240,548,231,2.5455,165900,"NEAR OCEAN"
27,2034,341,768,316,4.2411,258900,"NEAR OCEAN"
15,2365,538,1446,490,2.5129,225900,"NEAR OCEAN"
21,3298,716,1862,687,2.1507,221500,"NEAR OCEAN"
23,1630,253,704,263,5.156,251300,"NEAR OCEAN"
39,2163,652,1153,599,2.084,233300,"NEAR OCEAN"
31,2773,844,1358,794,1.4036,209600,"NEAR OCEAN"
46,2054,502,1170,494,2.1786,206300,"NEAR OCEAN"
52,2254,642,1237,590,2.6208,227100,"NEAR OCEAN"
46,2217,544,1107,527,2.8009,192600,"NEAR OCEAN"
33,1664,455,1077,461,1.6875,174200,"NEAR OCEAN"
17,2719,589,1386,570,3.7337,208200,"NEAR OCEAN"
15,5540,1319,2383,1165,2.2656,226200,"NEAR OCEAN"
32,4202,986,2309,956,2.2165,231700,"NEAR OCEAN"
24,3504,521,1490,506,4.6719,337000,"NEAR OCEAN"
37,1354,293,753,290,3.25,225000,"NEAR OCEAN"
26,4225,886,1795,704,2.2847,247000,"NEAR OCEAN"
44,2236,411,1036,437,3.0833,219300,"NEAR OCEAN"
20,1248,231,722,225,4.625,221800,"NEAR OCEAN"
14,3768,682,1884,664,4.6071,239900,"NEAR OCEAN"
9,2568,421,1149,398,5.4287,331600,"NEAR OCEAN"
26,1704,315,918,310,3.2464,208000,"NEAR OCEAN"
15,4210,899,1933,867,2.794,262500,"NEAR OCEAN"
46,118,17,6532,13,4.2639,350000,"NEAR OCEAN"
5,4413,804,2003,725,5.0267,253300,"<1H OCEAN"
16,4208,897,1634,806,2.2868,233700,"NEAR OCEAN"
16,164,30,542,32,1.6563,42500,"NEAR OCEAN"
14,3414,802,1236,632,3.7635,336200,"NEAR OCEAN"
13,5138,713,1838,645,5.9676,380000,"NEAR OCEAN"
17,5805,1097,1919,932,3.5352,357800,"NEAR OCEAN"
34,3100,617,1155,542,3.0938,245900,"NEAR OCEAN"
41,2666,751,940,507,1.9653,236100,"<1H OCEAN"
16,2680,704,975,619,1.7878,55000,"<1H OCEAN"
7,7922,1442,2863,1197,4.849,275000,"<1H OCEAN"
8,6638,1054,2710,966,4.6776,295500,"<1H OCEAN"
15,5818,924,2324,845,4.4033,267600,"<1H OCEAN"
39,1656,333,866,317,2.8824,195200,"<1H OCEAN"
18,2920,556,1068,552,3.5242,156800,"<1H OCEAN"
25,3642,726,1729,673,3.155,205400,"<1H OCEAN"
22,3342,644,1342,593,3.4509,217700,"<1H OCEAN"
16,1671,354,935,340,2.5792,163800,"<1H OCEAN"
27,3055,677,1407,610,2.1702,179700,"<1H OCEAN"
17,2495,524,1292,501,2.2625,153000,"<1H OCEAN"
20,3098,571,1449,611,3.5744,197800,"<1H OCEAN"
31,1486,345,823,322,2.6974,165400,"<1H OCEAN"
16,3431,721,1777,701,2.7301,190400,"<1H OCEAN"
12,3430,793,1840,720,2.9821,162000,"<1H OCEAN"
11,3733,831,1839,739,3.3062,158500,"<1H OCEAN"
19,2949,662,1425,548,2.9615,178100,"<1H OCEAN"
26,3971,803,1792,723,2.7128,209900,"<1H OCEAN"
18,2241,544,1521,509,2.0292,155800,"<1H OCEAN"
22,1240,294,768,288,2.655,160000,"<1H OCEAN"
19,1583,392,704,269,2.1042,268300,"<1H OCEAN"
14,2919,691,1896,577,2.4003,142100,"<1H OCEAN"
17,2799,637,2015,592,3.0536,143600,"<1H OCEAN"
16,3290,686,1497,655,2.6875,178200,"<1H OCEAN"
37,523,119,374,95,1.4726,106300,"<1H OCEAN"
13,2364,421,1257,380,4.6167,273100,"<1H OCEAN"
14,6788,1216,2866,1036,3.3603,280200,"<1H OCEAN"
11,1317,234,655,243,4.3611,329700,"<1H OCEAN"
16,2819,479,1068,365,4.5461,270800,"<1H OCEAN"
16,947,163,477,137,3.851,315000,"<1H OCEAN"
16,5209,917,2284,809,4.0403,346100,"<1H OCEAN"
24,2314,468,1549,463,2.8203,152600,"<1H OCEAN"
29,1315,279,926,249,2.9375,144800,"<1H OCEAN"
10,10463,1756,4660,1715,3.5682,277300,"<1H OCEAN"
17,2721,477,1672,492,2.9798,204800,"<1H OCEAN"
26,2758,571,1291,522,2.925,181400,"<1H OCEAN"
17,1701,298,941,293,4.3218,209100,"<1H OCEAN"
19,3369,673,1834,646,3.7672,173800,"<1H OCEAN"
15,2752,546,1422,545,3.2813,175000,"<1H OCEAN"
19,1861,364,1040,363,3.3125,163900,"<1H OCEAN"
17,4422,945,2307,885,2.8285,171300,"<1H OCEAN"
19,2310,471,1341,441,3.225,166900,"<1H OCEAN"
6,5876,1406,2877,1304,2.5437,146400,"<1H OCEAN"
16,2666,450,1203,429,4.1375,222400,"<1H OCEAN"
15,2608,525,1351,502,2.7798,205800,"<1H OCEAN"
18,2339,443,1097,416,3.3438,176100,"<1H OCEAN"
18,2474,449,1269,431,3.9063,184800,"<1H OCEAN"
17,3748,609,1860,612,4.5179,225600,"<1H OCEAN"
10,3979,761,1834,671,3.5,172100,"<1H OCEAN"
7,9613,1666,4487,1653,3.6667,250600,"<1H OCEAN"
12,3098,453,1433,434,5.2508,292900,"<1H OCEAN"
12,4161,731,1609,615,5.0947,267500,"<1H OCEAN"
29,1649,342,671,264,3.0602,69800,"INLAND"
17,3043,608,1457,545,3.1641,158600,"<1H OCEAN"
15,6725,1111,3139,1029,4.1875,261600,"<1H OCEAN"
8,416,121,936,97,2.1154,117200,"<1H OCEAN"
36,3595,815,1649,755,3.3816,253400,"NEAR BAY"
41,2267,486,1045,459,4.1146,272200,"NEAR BAY"
48,592,122,340,143,5.966,315200,"NEAR BAY"
23,1817,400,1376,382,2.4113,214200,"NEAR BAY"
44,2080,489,1781,478,3.6827,215300,"NEAR BAY"
24,4299,857,2249,788,4.6098,290400,"NEAR BAY"
19,1733,354,959,348,4.7708,281700,"NEAR BAY"
6,3523,664,1705,608,4.9318,258100,"NEAR OCEAN"
46,2193,499,1814,489,4.0125,230100,"NEAR OCEAN"
50,1441,283,1159,286,4.5417,233700,"NEAR OCEAN"
49,2244,442,1948,423,4.7639,251500,"NEAR OCEAN"
16,6457,1336,4375,1231,5.1788,267000,"NEAR OCEAN"
37,1028,275,904,261,3.5035,238600,"NEAR OCEAN"
35,1983,385,1577,414,4.0833,266700,"NEAR OCEAN"
37,3029,738,2436,700,3.3214,243200,"NEAR OCEAN"
45,3290,693,2466,666,3.6588,238600,"NEAR OCEAN"
44,364,102,339,98,2.483,214300,"NEAR OCEAN"
45,1799,394,1436,389,3.65,239900,"NEAR OCEAN"
42,876,216,713,203,3.84,235900,"NEAR OCEAN"
44,2034,423,1491,373,4.5341,236500,"NEAR OCEAN"
37,1046,251,822,239,3.5,224400,"NEAR OCEAN"
39,2076,482,1738,445,3.1958,232100,"NEAR OCEAN"
33,4167,1398,2923,1314,3.049,307000,"NEAR OCEAN"
39,3615,632,1571,615,5.1149,314200,"NEAR OCEAN"
29,1048,150,455,152,6.1278,417600,"NEAR OCEAN"
36,3988,732,1793,708,4.2472,292500,"NEAR OCEAN"
35,5275,903,2892,842,4.6771,266400,"NEAR OCEAN"
35,2405,461,1583,471,5.0659,238000,"NEAR OCEAN"
29,3795,675,2494,696,5.2848,260300,"NEAR OCEAN"
36,1946,340,828,313,5.2811,287700,"NEAR OCEAN"
36,1344,258,782,265,4.5,275600,"NEAR OCEAN"
33,2347,512,1259,481,3.4492,264300,"NEAR OCEAN"
35,2644,456,1465,430,4.9375,277000,"NEAR OCEAN"
35,2576,443,1273,433,4.7391,272800,"NEAR OCEAN"
47,737,126,370,136,3.775,281300,"NEAR OCEAN"
27,2447,720,2104,657,3.449,239100,"NEAR OCEAN"
30,837,213,606,199,4.875,258800,"NEAR OCEAN"
42,2993,512,1594,546,4.4821,252400,"NEAR OCEAN"
43,2661,455,1384,456,4.2421,257500,"NEAR OCEAN"
26,4302,1125,3320,1100,3.4375,277700,"NEAR OCEAN"
23,2812,769,1983,681,2.9413,229400,"NEAR OCEAN"
35,1720,421,1452,425,3.5909,256100,"NEAR OCEAN"
34,1954,357,1130,367,4.6447,304500,"NEAR OCEAN"
31,4077,777,2544,738,4.5337,306700,"NEAR OCEAN"
31,3506,653,2296,645,5.5647,268700,"NEAR OCEAN"
15,2897,728,2340,720,3.3906,303700,"NEAR OCEAN"
31,2609,433,1746,464,5.1054,294500,"NEAR OCEAN"
34,3718,676,2510,632,5.3311,270800,"NEAR OCEAN"
14,3395,1059,2258,945,2.964,319700,"NEAR OCEAN"
17,2359,501,884,504,3.0625,87500,"NEAR OCEAN"
35,491,98,274,97,4.4286,238600,"NEAR OCEAN"
20,5689,992,3752,1002,5.5845,304300,"NEAR OCEAN"
18,4172,806,3226,790,5.7535,297900,"NEAR OCEAN"
16,3372,1101,2049,1021,4.1303,146500,"NEAR OCEAN"
15,6082,1284,3861,1198,5.4221,284700,"NEAR OCEAN"
21,2751,502,2027,491,5.2573,322900,"NEAR OCEAN"
36,1664,326,963,322,4.7813,246400,"NEAR OCEAN"
35,2738,509,1545,493,5.3446,263300,"NEAR OCEAN"
36,2535,451,1390,436,5.3398,260900,"NEAR OCEAN"
36,5456,926,2761,916,4.7755,280700,"NEAR OCEAN"
38,5277,1008,2695,997,3.9722,276200,"NEAR OCEAN"
29,3541,786,2259,770,4.3039,278400,"NEAR OCEAN"
21,5108,1510,3288,1405,3.1927,252600,"NEAR OCEAN"
36,1447,276,799,275,4.7639,265600,"NEAR OCEAN"
35,1814,365,1025,384,4.425,268400,"NEAR OCEAN"
42,2274,429,1255,397,5.1205,226300,"NEAR OCEAN"
37,2155,446,1255,428,3.8438,250700,"NEAR OCEAN"
41,2189,414,1063,409,4.7361,302600,"NEAR OCEAN"
28,3520,672,1746,602,4.9236,273500,"NEAR OCEAN"
36,725,121,335,140,4.125,327600,"NEAR OCEAN"
32,1385,356,1096,353,4.475,246700,"NEAR OCEAN"
34,1075,318,906,294,3.0052,242500,"NEAR OCEAN"
40,1294,308,1177,301,3.6667,218800,"NEAR OCEAN"
37,694,188,658,225,4.6103,237500,"NEAR OCEAN"
44,431,195,682,212,3.2833,233300,"NEAR OCEAN"
32,3436,868,2583,817,3.5039,232400,"NEAR OCEAN"
26,3253,932,2246,855,2.6631,244000,"NEAR OCEAN"
43,1769,387,1102,377,4.5493,281500,"NEAR OCEAN"
39,4402,894,2941,887,3.8565,239800,"NEAR OCEAN"
34,8400,1812,4101,1717,4.1033,301000,"NEAR OCEAN"
42,4091,757,1861,771,4.207,272700,"NEAR OCEAN"
19,6326,1025,3444,984,6.2498,353300,"NEAR OCEAN"
26,2806,375,1617,396,5.3922,353700,"NEAR OCEAN"
16,8676,1633,5130,1574,4.8096,262000,"NEAR OCEAN"
17,3523,669,2150,666,4.5938,251200,"NEAR OCEAN"
27,8103,1655,5023,1605,4.6452,236200,"NEAR OCEAN"
25,7778,1493,4674,1451,5.4694,272400,"NEAR OCEAN"
20,4582,1124,2325,1040,4.0556,275000,"NEAR OCEAN"
39,3348,666,1817,668,4.2593,227400,"NEAR OCEAN"
31,3109,621,1472,618,5.155,263900,"NEAR OCEAN"
34,696,145,398,162,3.525,254100,"NEAR OCEAN"
31,1256,328,785,297,3.2446,234600,"NEAR OCEAN"
27,2589,658,1386,608,2.9087,228200,"NEAR OCEAN"
7,120,21,50,27,12.5,281000,"NEAR OCEAN"
34,4551,837,2208,834,5.4364,279300,"NEAR OCEAN"
35,1481,277,747,254,4.4286,262100,"NEAR OCEAN"
35,2683,475,1498,484,5.1282,262500,"NEAR OCEAN"
36,1521,253,736,241,4.3542,237500,"NEAR OCEAN"
35,2197,369,971,326,4.25,241700,"NEAR OCEAN"
31,1331,245,598,225,4.1827,345500,"NEAR OCEAN"
20,64,21,59,21,2.2375,450000,"NEAR OCEAN"
33,3507,669,1697,660,4.0795,270600,"NEAR OCEAN"
29,5889,959,2784,923,5.3991,273000,"NEAR OCEAN"
34,4648,806,2282,814,4.5556,249000,"NEAR OCEAN"
21,12902,2118,6160,2082,5.7653,325800,"NEAR OCEAN"
22,6728,1382,3783,1310,5.0479,280400,"NEAR OCEAN"
26,3507,512,1712,509,6.7206,344600,"NEAR OCEAN"
28,4946,848,2683,824,5.748,302100,"NEAR OCEAN"
35,5113,959,3004,964,4.7625,281300,"NEAR OCEAN"
34,4135,687,2154,742,4.9732,342300,"NEAR OCEAN"
21,10252,2595,4790,2428,4.1692,344500,"NEAR OCEAN"
49,1464,302,636,259,4.25,284100,"NEAR OCEAN"
46,2975,643,1479,577,3.8214,273600,"NEAR OCEAN"
37,1866,300,822,305,4.7,341300,"NEAR OCEAN"
39,1355,214,682,246,6.3443,324700,"NEAR OCEAN"
40,1545,264,756,282,4.4643,308100,"NEAR OCEAN"
17,1040,432,669,405,4.1513,137500,"NEAR OCEAN"
46,1811,337,796,333,3.43,292900,"NEAR OCEAN"
43,2367,409,1141,400,4.8295,319000,"NEAR OCEAN"
36,1017,165,407,159,4.8,306800,"NEAR OCEAN"
36,1538,256,671,247,4.4091,317900,"NEAR OCEAN"
39,3119,758,1807,696,3.2216,242700,"NEAR OCEAN"
32,3586,921,2249,911,3.1058,253000,"NEAR OCEAN"
39,4220,1055,2720,1046,2.639,242500,"NEAR OCEAN"
41,98,20,68,19,2.225,212500,"NEAR OCEAN"
15,2748,997,1447,901,3.5214,144200,"NEAR OCEAN"
46,66,11,30,12,2.375,275000,"NEAR OCEAN"
37,1252,275,878,287,4.2262,228500,"NEAR OCEAN"
35,865,226,602,217,3,229100,"NEAR OCEAN"
44,1619,362,1064,335,4.0238,224200,"NEAR OCEAN"
38,1204,268,921,247,4.4464,215400,"NEAR OCEAN"
35,2084,549,1077,545,3.1628,318400,"NEAR OCEAN"
33,2577,590,1867,566,3.3632,265100,"NEAR OCEAN"
36,1770,499,1225,459,2.56,273100,"NEAR OCEAN"
42,1602,262,705,255,5.7398,336400,"NEAR OCEAN"
43,1934,303,847,300,4.7381,347400,"NEAR OCEAN"
31,4424,834,1915,817,4.1364,412000,"NEAR OCEAN"
34,3562,565,1542,563,5.8783,405100,"NEAR OCEAN"
26,2754,402,1128,395,6.3719,466900,"NEAR OCEAN"
34,3931,622,1717,621,6.2946,450000,"NEAR OCEAN"
40,2401,383,894,356,5.6493,422400,"NEAR OCEAN"
30,5351,1134,2558,1074,3.5817,369300,"NEAR OCEAN"
52,1380,203,530,210,6.221,420300,"NEAR OCEAN"
44,2304,384,986,379,4.652,387100,"NEAR OCEAN"
22,2754,477,1163,479,6.2306,500001,"NEAR OCEAN"
31,3052,844,1581,788,3.0744,457700,"NEAR OCEAN"
44,2089,348,837,317,4.6628,459200,"NEAR OCEAN"
36,6026,852,2314,892,7.8997,500001,"NEAR OCEAN"
33,2064,299,813,303,6.0374,500001,"NEAR OCEAN"
35,520,83,185,76,6.4865,450000,"NEAR OCEAN"
26,15,3,11,3,5.048,350000,"NEAR OCEAN"
39,4645,1196,2156,1113,3.4412,353800,"NEAR OCEAN"
49,1657,266,613,270,5.7837,378100,"NEAR OCEAN"
52,2272,403,963,376,5.7245,5e+05,"NEAR OCEAN"
52,2188,361,917,357,4.4,5e+05,"NEAR OCEAN"
52,1704,226,671,243,8.4704,500001,"NEAR OCEAN"
52,2039,299,772,303,6.471,500001,"NEAR OCEAN"
52,3084,595,1324,571,5.0756,374200,"NEAR OCEAN"
37,3325,734,1468,692,4.0987,434000,"NEAR OCEAN"
43,2506,432,967,428,4.7404,500001,"NEAR OCEAN"
52,1900,290,665,276,4.5486,500001,"NEAR OCEAN"
44,1395,269,736,288,5.6206,386400,"NEAR OCEAN"
40,2362,468,992,425,4.7917,359900,"NEAR OCEAN"
50,2784,743,1622,698,3.8413,372200,"NEAR OCEAN"
52,2495,458,1081,471,4.0855,410800,"NEAR OCEAN"
20,2638,854,1352,718,3.5125,350600,"NEAR OCEAN"
30,5039,1564,2129,1536,3.3469,345000,"NEAR OCEAN"
26,854,246,396,231,2.8393,375000,"NEAR OCEAN"
39,2647,616,1254,555,4.2407,433800,"NEAR OCEAN"
52,2059,345,800,308,4.97,500001,"NEAR OCEAN"
34,2697,313,810,279,12.4291,500001,"NEAR OCEAN"
35,1774,205,588,207,10.7339,500001,"NEAR OCEAN"
32,4684,540,1512,511,15.0001,500001,"NEAR OCEAN"
21,7189,874,2440,846,11.6833,500001,"NEAR OCEAN"
39,3562,391,1139,391,12.6417,500001,"NEAR OCEAN"
25,4470,518,1507,504,13.3913,500001,"NEAR OCEAN"
23,6184,747,2165,700,10.1675,500001,"NEAR OCEAN"
52,1659,191,519,201,14.4219,500001,"NEAR OCEAN"
52,2635,408,967,374,7.0422,500001,"NEAR OCEAN"
52,2547,373,876,359,8.2598,500001,"NEAR OCEAN"
52,2170,269,784,274,10.4286,500001,"NEAR OCEAN"
28,3751,949,1691,846,3.9728,3e+05,"NEAR OCEAN"
43,2543,621,1301,606,3.1111,318400,"NEAR OCEAN"
27,3085,876,1453,896,3.4333,290000,"NEAR OCEAN"
27,5144,1481,2518,1447,3.4836,287900,"NEAR OCEAN"
28,2784,736,1534,685,3.38,285400,"NEAR OCEAN"
34,3225,726,1958,656,3.6811,273000,"NEAR BAY"
44,1990,442,1141,424,3.9696,258300,"NEAR BAY"
45,1165,236,845,251,4.1875,267300,"NEAR OCEAN"
43,1772,422,1573,401,2.7474,233100,"NEAR OCEAN"
42,2574,614,2377,588,3.2891,237900,"NEAR OCEAN"
33,3384,819,2626,793,3.2285,234800,"NEAR OCEAN"
52,499,148,318,145,2.9934,256300,"NEAR OCEAN"
42,3157,676,1603,629,3.7422,292600,"NEAR OCEAN"
44,537,173,355,194,2.8571,250000,"NEAR OCEAN"
20,2126,643,1112,597,3.625,283300,"NEAR OCEAN"
9,1150,287,377,243,3.8317,237500,"NEAR OCEAN"
34,6394,1619,2400,1496,3.4902,500001,"NEAR OCEAN"
49,2016,299,691,288,5.549,500001,"NEAR OCEAN"
26,2339,704,1283,654,3.162,415000,"NEAR OCEAN"
50,1975,245,644,251,10.0743,500001,"NEAR OCEAN"
50,2501,433,1050,410,4.6406,500001,"NEAR OCEAN"
51,2565,332,870,309,9.3694,500001,"NEAR OCEAN"
44,2465,328,843,324,6.9533,500001,"NEAR OCEAN"
52,2351,494,1126,482,3.9688,356900,"NEAR OCEAN"
52,900,183,371,166,3.25,296400,"NEAR OCEAN"
46,1437,266,607,263,4.8068,369700,"NEAR OCEAN"
44,2151,411,849,370,4.4583,397100,"NEAR OCEAN"
33,2199,312,827,319,6.1349,500001,"NEAR OCEAN"
34,3661,692,1608,656,5.0774,407200,"NEAR OCEAN"
27,3339,481,1354,458,7.3081,464600,"NEAR OCEAN"
18,4493,760,1784,725,6.7042,413000,"NEAR OCEAN"
27,2169,305,905,319,7.7743,453100,"NEAR OCEAN"
34,3559,560,1747,550,6.6959,411200,"NEAR OCEAN"
25,1729,383,769,352,4.0417,458500,"NEAR OCEAN"
17,6645,1034,2557,1032,6.3892,480800,"NEAR OCEAN"
37,1338,215,535,221,5.4351,376600,"NEAR OCEAN"
40,1833,308,751,306,6,384200,"NEAR OCEAN"
38,984,171,429,157,5.3261,376800,"NEAR OCEAN"
35,1817,262,659,262,6.8336,457200,"NEAR OCEAN"
39,1160,191,508,185,5.9539,379100,"NEAR OCEAN"
39,4292,1097,1758,987,2.9405,340500,"NEAR OCEAN"
43,1748,366,984,371,4.5116,337800,"NEAR OCEAN"
41,839,190,419,215,5.012,368200,"NEAR OCEAN"
45,1222,220,492,205,5.539,396900,"NEAR OCEAN"
46,2444,397,952,402,4.75,388200,"NEAR OCEAN"
41,1608,269,676,267,4.6125,361700,"NEAR OCEAN"
39,2795,464,1183,443,5.779,387100,"NEAR OCEAN"
27,3931,933,1877,851,3.9722,354100,"NEAR OCEAN"
49,1340,281,660,284,4.163,393800,"NEAR OCEAN"
38,1946,407,975,417,4.0726,385400,"NEAR OCEAN"
42,1159,261,465,247,3.1842,352800,"NEAR OCEAN"
35,3675,735,1930,715,3.9833,342800,"NEAR OCEAN"
45,507,140,305,139,2.6159,272900,"NEAR OCEAN"
45,1685,321,815,314,4.2955,309700,"NEAR OCEAN"
36,1727,340,952,337,4.7917,316000,"NEAR OCEAN"
45,1792,301,829,318,4.9013,330100,"NEAR OCEAN"
40,1351,330,701,297,3.32,292900,"NEAR OCEAN"
37,1437,305,979,331,4,273700,"NEAR OCEAN"
31,2197,477,1193,394,4.6371,271100,"NEAR OCEAN"
36,1973,352,1169,370,5.033,270900,"NEAR BAY"
37,1962,367,1267,382,4.7344,271800,"NEAR OCEAN"
36,2406,436,1189,403,4.7917,276100,"NEAR BAY"
34,1693,281,846,291,5.3683,339400,"NEAR BAY"
36,1379,228,750,227,5.5381,282000,"NEAR OCEAN"
36,805,140,445,139,5.8221,289400,"NEAR BAY"
35,1873,351,945,333,5.5184,274800,"NEAR OCEAN"
12,6474,1467,2516,1390,5.0353,305800,"NEAR BAY"
17,4576,814,1941,807,5.9572,443800,"NEAR BAY"
17,1321,425,683,408,4.7045,500001,"NEAR BAY"
16,4789,816,1840,763,6.7474,338200,"NEAR BAY"
16,2118,333,770,318,7.2477,376000,"NEAR BAY"
15,1958,282,811,284,8.1221,483300,"NEAR BAY"
17,4199,629,2020,630,6.1228,375700,"NEAR BAY"
17,3211,847,1553,812,4.9434,292100,"NEAR BAY"
5,4921,1179,1810,1073,5.6936,322200,"NEAR BAY"
13,1422,295,395,195,5.3247,327800,"NEAR BAY"
5,3264,442,1607,453,9.1415,500001,"NEAR BAY"
5,1649,388,779,376,6.9635,417300,"NEAR BAY"
5,2140,420,990,394,6.035,438800,"NEAR BAY"
16,3913,565,1752,557,7.3644,419700,"NEAR BAY"
15,2126,310,905,306,8.9083,500001,"NEAR BAY"
23,7283,1342,3399,1298,5.6683,391000,"NEAR BAY"
23,7995,1254,3484,1198,6.5948,404000,"NEAR BAY"
19,7976,1406,3437,1338,5.6396,430300,"NEAR BAY"
27,3789,874,2243,866,4.39,270100,"NEAR OCEAN"
24,5114,1357,3169,1268,3.9699,293200,"NEAR OCEAN"
43,2268,438,1151,449,4.9091,293200,"NEAR OCEAN"
37,991,180,463,177,5.1701,294200,"NEAR OCEAN"
39,1459,285,761,291,5.0081,298100,"NEAR OCEAN"
41,1743,349,811,349,4.9464,282400,"NEAR OCEAN"
35,2043,511,1089,504,3.0278,310600,"NEAR OCEAN"
15,5417,1199,2593,1098,4.8047,438000,"NEAR OCEAN"
34,1980,385,970,391,5.1207,310900,"NEAR OCEAN"
43,1145,230,586,254,3.5,267400,"NEAR OCEAN"
25,3710,1015,2068,958,3.5445,286700,"NEAR OCEAN"
33,4104,751,1837,771,5.3506,388100,"NEAR OCEAN"
27,2958,655,1285,577,4.0801,397800,"NEAR OCEAN"
29,1526,355,724,315,4.0313,435200,"NEAR OCEAN"
38,2197,357,1228,373,5.4719,397900,"NEAR OCEAN"
38,3767,603,1455,615,6.8787,386800,"NEAR OCEAN"
38,2769,387,994,395,5.5902,417000,"NEAR OCEAN"
35,2789,445,1156,404,5.4322,391000,"NEAR OCEAN"
32,2297,347,871,342,8.1039,382200,"NEAR OCEAN"
24,2328,335,969,354,7.7364,435800,"NEAR OCEAN"
26,4042,591,1611,578,8.4693,419200,"NEAR OCEAN"
22,14034,3020,6266,2952,4.3939,491200,"NEAR OCEAN"
35,1051,259,517,234,3.7,339700,"NEAR OCEAN"
36,1406,224,598,237,5.8964,414800,"NEAR OCEAN"
35,3040,520,1374,518,6.1004,426400,"NEAR OCEAN"
34,483,131,291,157,3.0833,256300,"NEAR OCEAN"
46,672,149,351,136,5.3264,258100,"NEAR OCEAN"
45,989,174,504,180,4.8382,289400,"NEAR OCEAN"
44,348,79,154,73,4.7708,253800,"NEAR OCEAN"
39,3996,793,1744,761,4.5075,364900,"NEAR OCEAN"
29,3703,1075,1611,1025,2.7075,323800,"NEAR OCEAN"
24,2307,510,842,507,3.6111,341500,"NEAR OCEAN"
52,878,186,393,186,3.7045,360500,"NEAR OCEAN"
45,1812,336,752,329,4.95,345000,"NEAR OCEAN"
43,2607,477,1225,461,4.224,349600,"NEAR OCEAN"
40,2709,521,1156,510,4.6366,395500,"NEAR OCEAN"
44,4420,743,1790,735,6.142,394700,"NEAR OCEAN"
44,6983,1131,2818,1115,5.6271,374800,"NEAR OCEAN"
33,6499,998,2694,957,7.4787,431300,"NEAR OCEAN"
25,7335,1157,2626,1049,6.5475,500001,"NEAR OCEAN"
29,4148,635,1638,627,6.912,457200,"NEAR OCEAN"
26,3542,507,1392,524,8.5184,500001,"NEAR OCEAN"
34,4453,682,1805,672,5.6038,451300,"NEAR OCEAN"
15,5480,892,2009,831,7.4678,500001,"NEAR OCEAN"
44,3022,473,1235,477,6.7058,495900,"NEAR OCEAN"
26,5067,750,1996,728,7.0001,500001,"NEAR OCEAN"
44,863,114,281,99,6.8879,500001,"NEAR OCEAN"
41,1183,203,455,171,5.1071,314100,"NEAR OCEAN"
37,3507,569,1663,608,5.0863,440300,"NEAR OCEAN"
40,1504,270,689,287,6.1244,308800,"NEAR OCEAN"
38,645,124,265,103,5.4688,305000,"NEAR OCEAN"
35,3183,515,1313,487,5.9062,383200,"NEAR OCEAN"
45,2743,390,974,400,7.1621,500001,"NEAR OCEAN"
45,4126,696,1722,668,4.8966,362100,"NEAR OCEAN"
40,4459,1027,2080,982,3.5322,361900,"NEAR OCEAN"
47,2423,407,1010,407,6.2154,362700,"NEAR OCEAN"
30,2956,590,1191,594,3.7463,427600,"NEAR OCEAN"
38,4105,950,2561,909,3.8684,265600,"NEAR OCEAN"
39,1535,340,1204,370,2.8482,247200,"NEAR BAY"
11,840,329,1338,345,2.3333,241700,"NEAR OCEAN"
24,2528,947,2437,861,2.2746,225000,"NEAR BAY"
47,2570,783,3107,724,2.8058,229500,"NEAR OCEAN"
34,1541,584,1564,558,2.56,250000,"NEAR OCEAN"
19,322,112,191,102,2.5833,500001,"NEAR OCEAN"
3,6164,1175,2198,975,6.7413,435900,"NEAR BAY"
16,4428,664,1677,623,7.6864,422500,"NEAR BAY"
4,5233,1109,1690,907,6.2007,311800,"NEAR BAY"
14,1472,291,876,292,4.3594,366000,"NEAR BAY"
18,2962,945,1639,851,2.7399,87500,"NEAR BAY"
35,7067,1646,5380,1597,4.1776,265300,"NEAR BAY"
20,505,216,326,216,2.9286,237500,"NEAR BAY"
37,1326,335,1771,335,3.0147,218100,"NEAR BAY"
32,640,166,991,160,1.9844,270000,"NEAR BAY"
41,733,155,652,140,5.1654,233600,"NEAR BAY"
30,1170,258,610,243,3.4427,263500,"NEAR BAY"
45,886,165,492,173,4.2708,267000,"NEAR BAY"
38,1300,269,608,292,4.5568,286900,"NEAR BAY"
44,1371,263,589,301,4.8068,312300,"NEAR BAY"
44,1927,332,846,362,4.2083,278200,"NEAR BAY"
37,1053,266,939,267,3.1989,320800,"NEAR BAY"
37,1403,369,1587,331,2.8258,232800,"NEAR BAY"
33,1266,415,1991,334,2.92,202800,"NEAR OCEAN"
26,1777,555,1966,497,3.0472,211000,"NEAR OCEAN"
43,733,162,497,175,3.2708,255300,"NEAR OCEAN"
23,7740,1943,4124,1743,3.3268,322800,"NEAR OCEAN"
35,367,113,398,109,2.5,166700,"NEAR OCEAN"
28,5956,1612,3571,1549,3.1864,272800,"NEAR OCEAN"
33,3108,805,1895,717,3.3015,267700,"NEAR OCEAN"
39,5264,1259,3057,1265,3.623,276600,"NEAR OCEAN"
38,1578,399,879,388,2.7969,298400,"NEAR OCEAN"
35,2283,491,1148,436,4.5556,318600,"NEAR OCEAN"
36,2021,433,1117,432,3.929,303100,"NEAR OCEAN"
33,2643,464,1015,427,4.2232,363700,"NEAR OCEAN"
26,4670,1039,2103,933,4.4167,333800,"NEAR OCEAN"
33,6841,950,2681,980,7.1088,443300,"NEAR OCEAN"
36,4686,781,2254,845,6.1043,343500,"NEAR OCEAN"
17,2742,441,986,421,5.9285,496000,"NEAR OCEAN"
36,6090,1057,3081,1075,5.6629,343600,"NEAR OCEAN"
37,2586,495,1208,502,4.3214,342700,"NEAR OCEAN"
34,4177,723,1586,660,5.0457,395100,"NEAR OCEAN"
29,1617,235,758,246,7.7932,469900,"NEAR OCEAN"
13,2888,546,1182,504,6.0255,409300,"NEAR OCEAN"
40,1723,208,976,209,9.8892,500001,"NEAR OCEAN"
31,2328,270,722,247,15.0001,500001,"NEAR OCEAN"
32,4281,501,1318,484,15.0001,500001,"NEAR OCEAN"
48,2560,322,921,301,10.8758,500001,"NEAR OCEAN"
40,1777,207,577,207,15.0001,500001,"NEAR OCEAN"
40,2529,293,831,258,15.0001,500001,"NEAR BAY"
40,2959,389,985,365,9.9025,500001,"NEAR BAY"
37,2848,328,852,327,13.367,500001,"NEAR BAY"
44,2581,437,1006,414,5.397,341700,"NEAR BAY"
39,2427,401,1178,408,5.9629,352700,"NEAR BAY"
33,3687,852,3091,852,2.6506,162600,"NEAR BAY"
36,2238,479,1949,457,2.3769,157300,"NEAR BAY"
46,30,4,13,5,15.0001,500001,"NEAR BAY"
36,1210,236,981,239,4.0039,148900,"NEAR BAY"
36,2081,412,1931,373,3.7917,160600,"NEAR BAY"
36,880,177,795,188,3.8194,159400,"NEAR BAY"
25,1630,353,1546,371,5.0893,173400,"NEAR BAY"
37,1576,334,1385,323,2.5294,159400,"NEAR BAY"
35,1321,300,1133,287,3.7312,159600,"NEAR BAY"
38,1276,314,955,287,2.0096,155700,"NEAR BAY"
31,2247,573,1711,511,3.2642,185600,"NEAR BAY"
30,1480,294,1126,301,4.983,166700,"NEAR BAY"
37,3373,815,2909,705,2.8868,156600,"NEAR BAY"
37,1844,382,1634,417,2.7993,145500,"NEAR BAY"
38,1560,301,1331,316,3.0521,151500,"NEAR BAY"
30,4198,1244,2678,1147,3.6712,308600,"NEAR BAY"
27,5580,2009,4165,1763,2.4375,189000,"NEAR BAY"
39,1295,239,566,242,5.6407,326400,"NEAR BAY"
42,1995,412,794,374,5.6234,379600,"NEAR BAY"
45,2068,348,844,366,6.227,417800,"NEAR BAY"
50,196,41,76,42,7.6129,412500,"NEAR BAY"
32,2663,661,1403,733,4.2667,410200,"NEAR BAY"
47,2312,332,1044,282,9.459,500001,"NEAR BAY"
34,5419,1183,2002,1138,4.1985,500001,"NEAR BAY"
33,1828,396,766,378,4.4531,500001,"NEAR BAY"
35,1025,242,388,232,5.1995,500001,"NEAR BAY"
43,2061,437,817,385,4.4688,460200,"NEAR BAY"
37,5257,1360,2128,1264,4,394300,"NEAR BAY"
18,1636,414,853,439,5.1032,464600,"NEAR OCEAN"
44,2237,347,948,346,8.2436,500001,"NEAR OCEAN"
38,3383,456,1203,465,9.3198,500001,"NEAR OCEAN"
39,4402,618,1616,631,8.9955,500001,"NEAR OCEAN"
38,3626,528,1350,532,7.3681,500001,"NEAR OCEAN"
35,1140,193,486,199,4.6908,500001,"NEAR OCEAN"
40,2223,412,1050,417,5.2421,444500,"NEAR OCEAN"
39,2392,420,937,406,6.6136,472800,"NEAR OCEAN"
22,3294,744,1337,655,5.2391,500001,"NEAR OCEAN"
33,1606,254,727,271,8.6963,500001,"NEAR OCEAN"
23,5741,1012,1843,888,5.7211,500001,"NEAR OCEAN"
16,1945,320,512,300,7.4542,500001,"NEAR OCEAN"
47,932,167,295,116,8.4375,500001,"NEAR OCEAN"
20,975,134,324,146,9.7796,500001,"NEAR OCEAN"
28,564,72,191,79,11.9666,500001,"NEAR OCEAN"
37,1296,194,540,192,8.2782,500001,"NEAR OCEAN"
30,2612,338,980,324,10.0481,500001,"NEAR OCEAN"
28,4518,578,1489,559,11.3176,500001,"NEAR OCEAN"
17,3095,442,1173,424,13.2986,500001,"NEAR BAY"
34,1476,217,613,223,8.2883,500001,"NEAR OCEAN"
26,440,202,322,218,5.1831,350000,"NEAR OCEAN"
34,1559,243,600,242,8.7382,500001,"NEAR OCEAN"
32,2297,287,814,283,15.0001,500001,"NEAR OCEAN"
34,2999,365,927,369,10.2811,500001,"NEAR OCEAN"
41,830,136,353,153,6.3824,500001,"NEAR OCEAN"
36,2410,361,934,377,7.652,500001,"NEAR OCEAN"
33,1601,223,629,215,15.0001,500001,"NEAR OCEAN"
33,370,42,153,53,10.6514,500001,"NEAR OCEAN"
28,1103,164,415,154,7.8633,500001,"NEAR OCEAN"
30,6373,854,2149,798,10.6868,500001,"NEAR OCEAN"
23,949,151,399,149,5.6286,411300,"NEAR OCEAN"
18,2297,416,1086,381,4.875,334600,"NEAR OCEAN"
25,950,259,404,195,3.1937,319200,"NEAR OCEAN"
22,1564,278,761,270,4.7578,318500,"NEAR OCEAN"
15,4974,764,2222,774,6.7606,364300,"NEAR OCEAN"
16,7077,1179,3502,1148,5.9919,345100,"NEAR OCEAN"
19,4768,807,2199,805,6.1896,331100,"NEAR OCEAN"
15,3456,545,1527,535,6.3256,368000,"NEAR OCEAN"
17,1574,262,672,241,7.2929,355800,"NEAR OCEAN"
11,749,137,355,124,8.2364,371800,"NEAR OCEAN"
21,1209,309,801,259,4.5625,5e+05,"NEAR OCEAN"
17,11999,2249,5467,1989,4.8405,354300,"NEAR OCEAN"
21,1799,293,576,277,7.439,500001,"NEAR OCEAN"
33,1054,209,400,161,7.7773,456300,"NEAR OCEAN"
52,573,102,232,92,6.2263,500001,"NEAR OCEAN"
37,2607,534,1346,507,5.3951,277700,"NEAR OCEAN"
30,2762,593,1581,502,5.1002,319400,"NEAR OCEAN"
52,1746,315,941,220,3.3047,286100,"NEAR OCEAN"
24,5652,1313,2312,1294,2.4717,295300,"NEAR OCEAN"
9,1830,353,1515,220,4.2109,450000,"NEAR OCEAN"
24,2746,433,1076,380,5.8635,348700,"NEAR OCEAN"
26,3578,677,1504,618,4.1375,395000,"NEAR OCEAN"
28,1080,298,524,251,1.8432,327300,"NEAR OCEAN"
28,1985,582,1092,548,2.4701,290900,"NEAR OCEAN"
21,2377,322,1007,328,7.9248,500001,"NEAR OCEAN"
26,3563,579,1479,575,5.9522,438400,"<1H OCEAN"
23,2077,306,705,256,6.4744,500001,"NEAR OCEAN"
35,2703,654,1383,631,4.5278,340400,"NEAR OCEAN"
26,4257,1031,1861,950,3.4047,294500,"NEAR OCEAN"
30,2491,656,1091,576,2.5139,279500,"<1H OCEAN"
27,984,299,777,313,2.5694,275000,"<1H OCEAN"
46,1332,329,746,310,3.6719,357400,"<1H OCEAN"
36,1156,309,521,304,2.6014,320600,"<1H OCEAN"
33,1028,377,753,356,2.3454,243800,"<1H OCEAN"
18,1170,372,681,346,2.1974,255000,"<1H OCEAN"
31,1643,499,1253,499,3.1563,267000,"<1H OCEAN"
47,1572,417,790,384,2.6429,279200,"<1H OCEAN"
50,3265,509,1256,443,6.3997,500001,"<1H OCEAN"
52,1837,343,711,355,4.1316,443000,"<1H OCEAN"
37,1462,306,678,322,5.1545,418400,"<1H OCEAN"
48,2408,536,1005,497,3.5213,458600,"<1H OCEAN"
39,1486,467,758,409,2.6875,320600,"<1H OCEAN"
52,977,289,412,272,2.125,3e+05,"<1H OCEAN"
32,3725,569,1304,527,7.7261,500001,"<1H OCEAN"
34,3262,533,1265,502,5.8411,381800,"<1H OCEAN"
35,2183,363,988,351,5.5922,384400,"<1H OCEAN"
41,2220,367,927,355,5.3184,376000,"<1H OCEAN"
43,1781,342,663,358,4.7,293800,"<1H OCEAN"
39,1489,304,700,268,3.8819,289900,"<1H OCEAN"
48,2114,390,973,367,4.8021,351100,"NEAR OCEAN"
44,2261,328,763,294,6.7449,415600,"<1H OCEAN"
27,1251,282,503,283,2.8,353000,"NEAR OCEAN"
29,2526,388,1092,409,6.0597,383100,"<1H OCEAN"
41,1989,271,666,269,6.8406,500001,"<1H OCEAN"
44,2440,485,1011,442,4.149,443600,"<1H OCEAN"
35,1402,369,654,385,2.6205,318800,"<1H OCEAN"
43,1257,311,671,263,2.875,280600,"<1H OCEAN"
37,2801,497,1150,476,5.8311,387700,"<1H OCEAN"
23,2600,398,917,374,8.7394,500001,"<1H OCEAN"
35,2700,422,1995,383,4.9757,500001,"<1H OCEAN"
26,2790,413,1014,397,6.5631,500001,"<1H OCEAN"
27,5509,1059,2591,979,3.8456,500001,"<1H OCEAN"
32,3202,537,1316,538,5.2888,463800,"<1H OCEAN"
30,1273,343,1082,325,2.5104,228100,"<1H OCEAN"
33,1961,462,1693,445,2.9896,236000,"<1H OCEAN"
49,1785,386,1267,380,3.5208,251200,"<1H OCEAN"
28,1814,526,849,420,3.1625,364300,"<1H OCEAN"
38,1452,354,1139,340,2.707,236800,"<1H OCEAN"
39,1467,381,1404,374,2.3681,241400,"<1H OCEAN"
37,1673,444,1477,446,2.0643,246700,"<1H OCEAN"
23,1333,393,1369,381,2.5947,232600,"<1H OCEAN"
52,1364,460,804,400,2.375,293800,"<1H OCEAN"
52,329,109,291,102,1.4722,350000,"<1H OCEAN"
41,725,239,582,214,3.1667,362500,"<1H OCEAN"
17,1826,544,1325,532,1.2762,253600,"<1H OCEAN"
52,302,112,392,114,2.5978,258300,"<1H OCEAN"
52,1838,692,851,576,1.4851,237500,"<1H OCEAN"
49,1560,436,1041,411,2.925,246900,"<1H OCEAN"
39,1172,322,606,316,2.16,259100,"<1H OCEAN"
50,840,279,488,270,2.2097,258300,"<1H OCEAN"
43,1802,557,1490,538,2.675,247900,"<1H OCEAN"
52,1526,458,1633,449,2.2069,226500,"NEAR OCEAN"
37,1635,427,1027,408,3.5905,264700,"NEAR OCEAN"
31,1524,383,1257,398,2.6019,250000,"NEAR OCEAN"
49,1610,370,961,351,2.6983,260100,"NEAR OCEAN"
52,1759,387,980,402,4.0125,261000,"NEAR OCEAN"
52,1411,324,1091,306,4.1062,252900,"<1H OCEAN"
23,2068,658,1898,570,2.5506,230800,"<1H OCEAN"
31,1034,319,997,308,2.6538,231800,"NEAR OCEAN"
20,1648,319,905,307,4.375,335200,"NEAR OCEAN"
34,1706,276,628,243,4.1842,364000,"NEAR OCEAN"
35,1604,334,904,337,4.7411,336400,"NEAR OCEAN"
36,1846,358,748,329,4.2283,326800,"NEAR OCEAN"
25,1858,493,865,460,3.0938,312500,"NEAR OCEAN"
35,871,145,354,154,4.3214,341800,"NEAR OCEAN"
27,3782,771,1742,751,4.0451,395100,"NEAR OCEAN"
18,1225,317,694,306,3.6823,255000,"NEAR OCEAN"
19,1215,360,1349,423,2.6607,226500,"NEAR OCEAN"
19,2086,575,1701,530,2.8042,236100,"NEAR OCEAN"
39,1383,459,677,362,2.25,281300,"NEAR OCEAN"
44,1208,357,603,297,2.6103,5e+05,"<1H OCEAN"
23,2982,837,1317,787,3.3776,283200,"NEAR OCEAN"
26,3119,562,1459,562,5.0434,340400,"NEAR OCEAN"
31,1997,299,826,301,6.8927,500001,"NEAR OCEAN"
27,1448,404,978,338,2.303,261000,"NEAR OCEAN"
23,1364,227,638,238,5.3279,413900,"NEAR OCEAN"
25,2024,312,907,335,5.4127,392800,"NEAR OCEAN"
35,1853,375,878,338,4.9044,335300,"NEAR OCEAN"
30,2365,417,1053,409,5.5959,346200,"NEAR OCEAN"
29,1769,297,703,269,4.4375,350000,"NEAR OCEAN"
26,1648,378,954,405,3.2895,335000,"NEAR OCEAN"
34,1664,292,705,257,5,329400,"NEAR OCEAN"
32,1479,287,830,288,5.345,322600,"NEAR OCEAN"
42,1765,263,753,260,8.5608,500001,"<1H OCEAN"
34,3045,570,1002,488,5.623,500001,"<1H OCEAN"
29,3865,814,1266,613,6.0069,500001,"<1H OCEAN"
32,1872,318,749,296,4.625,500001,"<1H OCEAN"
33,3597,519,1207,479,5.3963,500001,"<1H OCEAN"
37,3188,442,984,376,9.4522,500001,"<1H OCEAN"
16,2665,391,794,311,9.0267,500001,"<1H OCEAN"
8,1705,400,886,391,3.9659,297400,"<1H OCEAN"
20,4489,800,2867,765,4.806,279700,"<1H OCEAN"
24,3422,596,1763,601,5.2039,301300,"NEAR OCEAN"
15,1112,256,411,245,2.0625,314300,"NEAR OCEAN"
23,1414,365,889,345,2.6397,250000,"NEAR OCEAN"
32,1921,394,951,334,3.233,346000,"NEAR OCEAN"
20,1834,477,1305,417,3.2125,251000,"NEAR OCEAN"
22,2323,727,1301,478,2.7864,3e+05,"NEAR OCEAN"
14,1671,383,1079,365,3.1389,248700,"<1H OCEAN"
28,3506,563,1362,483,6.091,500001,"<1H OCEAN"
17,1951,368,681,350,2.7275,500001,"<1H OCEAN"
22,2512,426,919,341,5.759,425000,"<1H OCEAN"
28,2718,542,1066,442,4.2059,500001,"<1H OCEAN"
35,622,170,278,139,3.6969,335000,"<1H OCEAN"
39,308,38,59,21,11.7794,500001,"NEAR OCEAN"
17,4617,982,2303,923,3.9224,230600,"NEAR OCEAN"
35,2469,553,1168,427,2.4583,62100,"<1H OCEAN"
17,2074,382,1035,359,3.7958,4e+05,"<1H OCEAN"
14,1289,277,693,237,3.2569,230800,"<1H OCEAN"
25,1337,219,671,225,3.1912,226400,"NEAR OCEAN"
14,2647,515,1487,488,4.4519,227900,"NEAR OCEAN"
15,2958,690,1348,617,3.8582,215200,"NEAR OCEAN"
11,2137,339,916,338,5.5221,394900,"NEAR OCEAN"
10,2426,426,966,419,5.5106,290900,"NEAR OCEAN"
22,2136,465,1143,409,2.9479,243100,"NEAR OCEAN"
17,921,189,434,219,3.0185,500001,"NEAR OCEAN"
9,2536,499,832,385,2.5743,309800,"NEAR OCEAN"
24,1601,282,731,285,4.2026,259800,"NEAR OCEAN"
13,3942,585,1542,515,6.6054,500001,"NEAR OCEAN"
18,1348,238,631,247,5.3154,289400,"NEAR OCEAN"
18,2375,429,1048,369,4.2222,375000,"NEAR OCEAN"
11,3478,588,1693,582,4.6554,272300,"NEAR OCEAN"
18,2708,382,988,359,5.5194,367000,"NEAR OCEAN"
16,2943,394,959,359,6.2094,440000,"NEAR OCEAN"
11,586,125,317,74,2.8906,84400,"NEAR OCEAN"
24,1874,319,820,315,5.1909,390200,"NEAR OCEAN"
30,2992,609,1288,465,3.9375,292900,"NEAR OCEAN"
12,3189,463,1200,442,5.299,226800,"<1H OCEAN"
16,712,147,355,162,2.56,150000,"<1H OCEAN"
20,3842,630,2490,662,3.0559,120100,"<1H OCEAN"
15,2143,286,929,315,5.7306,269700,"<1H OCEAN"
9,3124,415,1169,407,6.7694,275100,"<1H OCEAN"
4,1533,221,545,191,7.5696,328700,"<1H OCEAN"
13,2312,352,1084,388,5.038,194000,"<1H OCEAN"
23,3415,778,1492,633,2.2791,114800,"NEAR OCEAN"
11,1633,348,504,327,2.0508,275000,"<1H OCEAN"
26,2384,385,1323,400,4.8185,157900,"<1H OCEAN"
15,978,187,407,182,4.375,158000,"<1H OCEAN"
17,3172,506,1538,473,4.3125,168100,"<1H OCEAN"
17,1932,347,874,312,3.8203,141500,"<1H OCEAN"
17,2649,386,1057,362,4.7813,326800,"<1H OCEAN"
24,2590,404,1093,338,3.9375,341200,"<1H OCEAN"
4,6986,1217,2801,1212,3.2135,212700,"<1H OCEAN"
27,2019,354,1029,346,3.5391,144700,"<1H OCEAN"
30,2388,393,1117,375,4.1058,164000,"<1H OCEAN"
8,3119,620,1159,544,3.5288,165500,"<1H OCEAN"
24,2020,307,855,283,5.0099,162500,"<1H OCEAN"
30,1979,342,999,320,5.0286,158000,"<1H OCEAN"
28,2862,478,1384,463,4.6694,158200,"<1H OCEAN"
22,2580,381,1149,372,5.0113,158600,"<1H OCEAN"
18,2505,376,1162,382,4.8359,195700,"<1H OCEAN"
21,2131,329,1094,353,4.6648,193000,"<1H OCEAN"
26,1699,272,799,266,3.9871,157700,"<1H OCEAN"
4,3680,559,1678,569,5.0639,201700,"<1H OCEAN"
10,2197,329,1064,319,4.9766,199600,"<1H OCEAN"
32,1997,317,866,281,5.062,158900,"<1H OCEAN"
15,1534,251,761,240,4.9028,193600,"<1H OCEAN"
52,1391,287,632,276,1.7431,131500,"<1H OCEAN"
33,3404,711,1579,639,3.1078,146700,"<1H OCEAN"
50,1966,413,985,403,2.3506,136100,"<1H OCEAN"
43,2020,344,692,310,3.6815,181800,"<1H OCEAN"
32,2844,551,1337,516,2.7188,133700,"<1H OCEAN"
4,2866,648,1311,578,2.8649,186500,"<1H OCEAN"
10,2980,585,1593,562,3.285,218300,"<1H OCEAN"
21,2725,514,1466,488,3.6639,128600,"<1H OCEAN"
28,1433,270,1001,278,4.0125,130100,"<1H OCEAN"
20,1678,307,840,316,4.4342,160700,"<1H OCEAN"
24,2739,414,1171,413,4.8155,162900,"<1H OCEAN"
24,1799,470,1416,408,2.0673,136900,"<1H OCEAN"
31,3518,608,1386,572,3.6212,151400,"<1H OCEAN"
19,2298,511,1246,513,2.212,132000,"<1H OCEAN"
19,2350,631,1291,515,1.0349,130800,"<1H OCEAN"
18,1932,350,1071,346,4.125,139800,"<1H OCEAN"
16,2299,403,1245,395,4.2125,148300,"<1H OCEAN"
14,2069,343,1240,338,4.5066,149800,"<1H OCEAN"
9,2813,492,1144,490,4.0431,226800,"<1H OCEAN"
21,1774,263,724,237,4.65,152500,"<1H OCEAN"
9,2712,428,1116,415,4.5536,190100,"<1H OCEAN"
8,1885,286,835,290,5.0206,261000,"<1H OCEAN"
6,5762,1115,2551,919,3.0723,137300,"<1H OCEAN"
22,1619,360,1509,384,1.7941,110300,"<1H OCEAN"
26,1705,344,1605,307,3.7589,113700,"<1H OCEAN"
25,1920,380,1434,388,3.0368,129300,"<1H OCEAN"
10,1897,354,1353,357,3.7679,131300,"<1H OCEAN"
29,2374,562,1617,463,2.6531,108300,"<1H OCEAN"
30,1685,315,1290,368,3.4722,112500,"<1H OCEAN"
21,2121,445,2211,463,4.0603,117600,"<1H OCEAN"
11,1299,280,1158,223,2.5556,129200,"<1H OCEAN"
39,1228,379,851,341,1.899,113300,"<1H OCEAN"
34,1248,284,986,272,2.9167,104200,"<1H OCEAN"
26,1949,396,1575,377,2.875,121400,"<1H OCEAN"
32,1574,447,1772,463,1.8625,90200,"<1H OCEAN"
24,2481,476,1101,474,3.1576,147200,"<1H OCEAN"
17,1368,308,642,303,1.8633,109400,"<1H OCEAN"
15,868,244,1133,253,2.0995,87500,"<1H OCEAN"
16,2098,558,1252,492,2.1509,67500,"<1H OCEAN"
38,3004,794,2601,747,2.2743,106400,"<1H OCEAN"
10,2207,644,2232,543,2.375,98500,"<1H OCEAN"
29,1877,516,1634,492,1.6875,122700,"<1H OCEAN"
7,1479,532,1057,459,2.2538,162500,"<1H OCEAN"
26,1058,232,891,243,3.6422,120600,"<1H OCEAN"
24,1702,447,1240,417,2.4091,115500,"<1H OCEAN"
23,1353,345,1322,336,1.8185,97800,"<1H OCEAN"
27,1401,294,1306,286,2.5809,83200,"NEAR OCEAN"
38,1145,297,1107,296,2.1776,89100,"NEAR OCEAN"
5,2090,469,1911,482,2.4318,86100,"NEAR OCEAN"
44,711,140,384,116,2.1094,73800,"NEAR OCEAN"
29,17738,3114,12427,2826,2.7377,28300,"NEAR OCEAN"
26,3069,518,1524,539,4.3162,136400,"NEAR OCEAN"
11,562,164,504,147,2.0161,118800,"NEAR OCEAN"
22,1298,358,1272,363,1.6488,117500,"NEAR OCEAN"
26,2364,604,1520,529,1.9444,129400,"NEAR OCEAN"
8,2482,586,1427,540,3.071,120400,"NEAR OCEAN"
31,1438,320,816,270,2.4583,128100,"NEAR OCEAN"
16,686,217,614,200,0.8106,83300,"NEAR OCEAN"
8,787,126,446,133,4.6023,163400,"NEAR OCEAN"
30,2330,422,1255,449,3.8512,134600,"NEAR OCEAN"
27,2696,622,1322,543,3.0352,135400,"NEAR OCEAN"
40,1051,235,574,201,2.0865,111500,"NEAR OCEAN"
10,2143,593,1167,548,2.0819,103300,"NEAR OCEAN"
14,885,223,533,224,2.5966,109300,"NEAR OCEAN"
32,2193,430,1074,377,2.3333,130200,"NEAR OCEAN"
16,2549,428,1486,432,4.2875,150700,"NEAR OCEAN"
27,2253,382,1197,384,3.3203,134700,"NEAR OCEAN"
30,2265,512,1402,471,1.975,134000,"NEAR OCEAN"
27,2215,578,1544,527,1.9257,135300,"NEAR OCEAN"
21,1182,243,733,251,3.1442,131600,"NEAR OCEAN"
25,980,276,896,245,2,87500,"NEAR OCEAN"
48,1408,301,682,279,2.9271,146600,"NEAR OCEAN"
37,1697,334,740,272,2.3804,148000,"NEAR OCEAN"
16,1912,406,1009,417,3.4063,138000,"NEAR OCEAN"
17,1226,277,484,224,3.2167,112500,"NEAR OCEAN"
34,2571,499,1105,451,3.7778,150000,"NEAR OCEAN"
32,1840,309,828,333,4.5486,172400,"NEAR OCEAN"
22,3231,549,1739,581,4.5417,142400,"NEAR OCEAN"
7,3329,504,1462,452,4.7875,198300,"NEAR OCEAN"
5,2904,702,1302,618,3.0081,135200,"NEAR OCEAN"
4,3376,525,1684,535,4.9237,166600,"NEAR OCEAN"
40,2162,395,1010,332,2.5667,239300,"NEAR OCEAN"
4,1897,331,915,336,4.1563,172600,"NEAR OCEAN"
26,1933,316,1001,319,4.4628,134400,"NEAR OCEAN"
25,2445,368,983,363,4.9286,180100,"NEAR OCEAN"
23,2441,463,1392,434,3.7917,142200,"NEAR OCEAN"
15,2185,386,827,336,5.3765,223100,"NEAR OCEAN"
21,1868,268,522,255,6.4678,249300,"NEAR OCEAN"
17,2830,430,1035,416,4.9292,207200,"NEAR OCEAN"
24,2387,385,1051,382,4.4595,152700,"NEAR OCEAN"
21,2535,383,1012,368,5.6177,183800,"NEAR OCEAN"
18,1868,315,747,265,4.7946,290600,"NEAR OCEAN"
26,2353,389,1420,389,3.87,125800,"NEAR OCEAN"
33,2054,373,1067,358,3.6023,128300,"NEAR OCEAN"
6,2187,277,697,273,6.2685,307400,"NEAR OCEAN"
23,1450,642,1258,607,1.179,225000,"NEAR OCEAN"
25,2741,623,2272,624,2.2647,216700,"NEAR OCEAN"
14,2307,650,5723,615,2.1652,37500,"NEAR OCEAN"
14,2472,685,1292,621,3.3026,229500,"NEAR OCEAN"
16,1734,365,962,391,4.4777,282500,"NEAR OCEAN"
16,2206,541,1227,554,3.75,223100,"NEAR OCEAN"
22,2367,492,1333,488,3.6304,312200,"NEAR OCEAN"
24,2001,365,1170,330,6.0992,268800,"NEAR OCEAN"
24,2168,373,934,366,5.4197,280900,"NEAR OCEAN"
28,977,162,537,159,4.2404,274300,"NEAR OCEAN"
26,4424,616,1839,601,6.3654,331200,"NEAR OCEAN"
28,1765,301,1173,297,6.0256,276800,"NEAR OCEAN"
26,4382,618,1728,587,7.4734,432200,"NEAR OCEAN"
22,3488,452,1479,458,7.1687,384400,"NEAR OCEAN"
23,1915,277,724,267,6.2987,348200,"NEAR OCEAN"
27,4724,793,2394,738,5.5954,261400,"NEAR OCEAN"
25,2786,470,1669,462,5.5184,268300,"NEAR OCEAN"
25,3160,507,1514,523,5.0767,271200,"NEAR OCEAN"
17,2143,324,1073,330,6.0321,402600,"NEAR OCEAN"
21,1241,248,746,211,3.8056,425000,"NEAR OCEAN"
28,1062,309,1058,305,1.5071,316700,"NEAR OCEAN"
24,1576,580,1630,531,1.24,325000,"NEAR OCEAN"
26,1626,375,1580,359,2.1471,187500,"NEAR OCEAN"
24,3678,567,1554,570,6.5173,334000,"NEAR OCEAN"
23,3172,588,1467,559,4.6806,288900,"NEAR OCEAN"
24,3592,533,1683,528,6.7247,333800,"NEAR OCEAN"
26,1739,402,599,368,3.0875,198400,"NEAR OCEAN"
22,2239,475,1016,434,4.875,295400,"NEAR OCEAN"
14,961,305,662,286,3.2115,206300,"NEAR OCEAN"
15,1482,345,669,379,3.0773,112500,"NEAR OCEAN"
16,1414,463,793,439,3.6034,150000,"NEAR OCEAN"
28,1992,531,1622,509,2.7689,228200,"NEAR OCEAN"
35,796,281,567,257,2.1389,260000,"NEAR OCEAN"
31,798,346,699,301,2.1417,205000,"NEAR OCEAN"
22,2552,443,1066,424,5.1271,342500,"NEAR OCEAN"
28,3318,441,1604,404,9.7821,500001,"NEAR OCEAN"
20,3104,415,1061,380,9.6885,500001,"NEAR OCEAN"
27,2674,419,1176,416,5.0294,280200,"NEAR OCEAN"
27,3143,537,1760,570,4.6957,271500,"NEAR OCEAN"
22,2845,500,1456,454,5.6604,276400,"NEAR OCEAN"
25,1479,314,977,309,4.1797,271800,"NEAR OCEAN"
28,2864,495,1364,482,4.835,353400,"NEAR OCEAN"
26,3611,563,2089,540,5.1615,276200,"NEAR OCEAN"
38,1141,333,1028,291,2.7333,182500,"<1H OCEAN"
37,1525,363,1075,374,2.8971,186100,"<1H OCEAN"
30,2453,573,1845,530,3.7396,210700,"<1H OCEAN"
44,1668,380,1143,365,3.2083,181900,"<1H OCEAN"
47,1007,245,581,240,2.9545,237500,"<1H OCEAN"
52,1034,239,531,223,2.7411,227100,"<1H OCEAN"
42,2082,626,1396,610,3.25,185300,"<1H OCEAN"
50,1345,287,791,254,3.5966,245800,"<1H OCEAN"
52,241,69,385,64,2.619,212500,"<1H OCEAN"
35,357,120,377,99,3.0139,204200,"<1H OCEAN"
42,2101,524,1212,526,3.6389,239200,"<1H OCEAN"
52,2584,491,1087,433,4.4,391300,"<1H OCEAN"
52,2009,338,841,338,5.5259,295800,"<1H OCEAN"
52,2962,557,1215,506,4.7768,301100,"<1H OCEAN"
44,1449,291,676,282,3.575,292200,"<1H OCEAN"
44,2142,358,846,375,5.4273,421000,"<1H OCEAN"
34,1809,317,863,302,4.3,330500,"<1H OCEAN"
35,2189,607,1193,562,2.8042,240900,"<1H OCEAN"
28,454,147,366,140,2.9853,187500,"<1H OCEAN"
52,2562,410,973,398,4.8854,330600,"<1H OCEAN"
52,2125,382,930,387,5.2831,299500,"<1H OCEAN"
34,197,44,152,47,4.05,2e+05,"<1H OCEAN"
52,2212,563,1195,532,2.894,209500,"<1H OCEAN"
49,658,318,467,316,0.7068,2e+05,"<1H OCEAN"
11,1283,390,718,345,4.226,166700,"<1H OCEAN"
52,1009,231,929,210,2.5,162500,"<1H OCEAN"
40,1547,625,1493,543,1.2887,212500,"<1H OCEAN"
6,1495,552,1087,557,2.8798,225000,"<1H OCEAN"
36,1904,689,3561,632,2.0972,187500,"<1H OCEAN"
48,1562,439,1469,424,2.5673,177500,"<1H OCEAN"
46,1197,416,898,370,2.1714,190600,"<1H OCEAN"
20,1106,494,851,448,0.8894,350000,"<1H OCEAN"
43,1423,467,1013,428,1.6708,204200,"<1H OCEAN"
52,1390,365,921,352,2.1442,188900,"<1H OCEAN"
42,2087,402,1342,423,4.2149,199000,"<1H OCEAN"
49,1728,350,1146,391,3.5781,193000,"<1H OCEAN"
47,2879,631,2229,606,3.2599,183100,"<1H OCEAN"
43,1185,296,933,244,2.925,170800,"<1H OCEAN"
44,2019,615,1243,518,2.0549,193800,"<1H OCEAN"
43,1086,219,715,226,4.2381,193500,"<1H OCEAN"
37,1566,375,1223,346,3.2793,174500,"<1H OCEAN"
44,1267,353,1018,327,2.4196,194400,"<1H OCEAN"
52,1704,418,1336,411,2.8167,183500,"<1H OCEAN"
52,1170,215,604,207,2.6667,325900,"<1H OCEAN"
52,1087,166,650,194,6.6345,309000,"<1H OCEAN"
39,2479,541,1990,506,2.4306,289100,"<1H OCEAN"
52,867,232,1264,227,2.6312,302900,"<1H OCEAN"
27,3500,1036,3019,955,2.9222,153700,"<1H OCEAN"
46,1448,330,1094,331,2.4968,174100,"<1H OCEAN"
52,1557,424,1580,434,2.3277,183700,"<1H OCEAN"
29,5274,1625,6234,1639,2.5947,177300,"<1H OCEAN"
40,2277,508,1718,434,3.0089,185200,"<1H OCEAN"
41,395,164,549,184,2.375,175000,"<1H OCEAN"
35,3300,1154,3120,1075,1.473,213600,"<1H OCEAN"
37,3137,685,2048,651,3.0156,270300,"<1H OCEAN"
45,1192,371,1084,345,2.8594,205900,"<1H OCEAN"
42,1279,358,1254,340,2.2583,192500,"<1H OCEAN"
34,1014,246,952,215,2.8864,172500,"<1H OCEAN"
30,1242,338,1438,325,2.6607,169300,"<1H OCEAN"
40,1331,374,1276,389,2.7546,172500,"<1H OCEAN"
43,1105,241,982,206,2.1149,184900,"<1H OCEAN"
41,977,265,865,253,3.2317,184800,"<1H OCEAN"
52,1994,404,1014,389,4.3882,223600,"<1H OCEAN"
52,2125,431,1014,443,5.8186,281100,"<1H OCEAN"
48,1274,313,971,291,3.7738,220600,"<1H OCEAN"
42,1067,256,608,280,3.0096,180800,"<1H OCEAN"
16,2962,898,1555,795,2.5804,216300,"<1H OCEAN"
52,1460,492,1165,455,2.5833,167500,"<1H OCEAN"
37,818,269,576,261,2.1902,250000,"<1H OCEAN"
46,2451,472,1163,448,4.8519,225800,"<1H OCEAN"
51,2711,728,1607,724,3,184700,"<1H OCEAN"
39,836,254,704,272,3.5256,192600,"<1H OCEAN"
31,1902,554,1485,494,2.4207,165600,"<1H OCEAN"
28,2089,641,1666,587,2.3633,198400,"<1H OCEAN"
50,1135,215,500,207,4.2614,211300,"<1H OCEAN"
5,2364,578,1102,502,5.2642,246400,"<1H OCEAN"
30,1680,312,858,310,4.0474,280500,"<1H OCEAN"
26,4348,814,2347,810,4.7275,293000,"<1H OCEAN"
16,1111,226,317,199,2.7153,233300,"<1H OCEAN"
26,2182,704,1638,704,2.8981,229800,"<1H OCEAN"
34,876,150,424,163,5.2769,241100,"<1H OCEAN"
26,3242,780,2100,741,3.1107,247900,"<1H OCEAN"
16,2111,485,1285,499,5.0477,292500,"<1H OCEAN"
29,1377,430,969,399,2.6573,252800,"<1H OCEAN"
13,6035,1551,2946,1481,4.0524,213900,"<1H OCEAN"
14,6277,1742,3025,1630,4.0653,234200,"<1H OCEAN"
36,2088,358,772,347,4.2762,310100,"<1H OCEAN"
35,1335,296,635,296,3.6053,345800,"<1H OCEAN"
28,3104,811,1488,754,3.6429,332600,"<1H OCEAN"
46,3052,587,1373,590,4.7287,340000,"<1H OCEAN"
39,3627,666,1531,635,4.537,345900,"<1H OCEAN"
43,828,151,446,145,4.4375,327600,"<1H OCEAN"
31,2095,427,829,405,3.6563,344700,"<1H OCEAN"
31,616,131,185,107,3.625,265000,"<1H OCEAN"
40,1844,340,719,305,3.3682,235200,"<1H OCEAN"
28,3085,552,1277,512,4.5795,262800,"<1H OCEAN"
47,1604,284,639,278,5.8415,283300,"<1H OCEAN"
52,2071,362,825,364,4.2414,284800,"<1H OCEAN"
47,2986,627,1399,613,3.7455,247400,"<1H OCEAN"
52,1456,269,582,277,5.036,296600,"<1H OCEAN"
52,1575,284,629,284,5.6437,312000,"<1H OCEAN"
42,1867,398,927,389,4.325,247000,"<1H OCEAN"
44,2026,396,908,383,4.1406,274100,"<1H OCEAN"
47,2355,426,961,428,5.3955,282300,"<1H OCEAN"
46,2639,448,938,424,5.0662,331600,"<1H OCEAN"
38,1568,351,710,339,2.7042,286600,"<1H OCEAN"
26,1797,244,626,244,7.8575,424600,"<1H OCEAN"
36,1389,225,623,223,6.6331,283300,"<1H OCEAN"
34,943,135,378,139,5.1765,344600,"<1H OCEAN"
36,945,149,371,158,5.6266,320500,"<1H OCEAN"
35,2189,307,800,320,7.6659,426900,"<1H OCEAN"
18,3597,664,1321,593,5.3077,351400,"<1H OCEAN"
36,2241,437,989,442,3.9625,288200,"<1H OCEAN"
32,1260,199,560,207,6.5858,346700,"<1H OCEAN"
34,2422,370,1010,395,5.6494,376200,"<1H OCEAN"
10,3163,832,1537,797,4.1674,214000,"<1H OCEAN"
18,4356,1334,1968,1245,3.6294,240000,"<1H OCEAN"
27,2859,464,1144,430,5.0822,327500,"<1H OCEAN"
30,2862,544,1387,542,5.1104,278100,"<1H OCEAN"
23,1932,552,997,482,3.662,211900,"<1H OCEAN"
39,1030,191,537,175,3.9265,236900,"<1H OCEAN"
43,2104,388,1137,403,4.9236,238000,"<1H OCEAN"
21,3843,716,1850,705,4.6758,264200,"<1H OCEAN"
10,3611,803,1599,716,5.2,248700,"<1H OCEAN"
34,1482,255,584,246,5.5121,264700,"<1H OCEAN"
16,3942,749,1894,737,5.2894,332800,"<1H OCEAN"
39,1103,175,446,163,2.8125,291300,"<1H OCEAN"
33,1306,259,762,237,4.5208,230700,"<1H OCEAN"
36,3874,656,1826,639,4.9662,258500,"<1H OCEAN"
31,1944,343,975,334,4.9205,240500,"<1H OCEAN"
27,3028,486,1284,498,4.5833,308800,"<1H OCEAN"
33,3280,569,1583,559,4.5625,253500,"<1H OCEAN"
35,1855,345,985,329,6.0196,255100,"<1H OCEAN"
28,3428,753,1753,729,4.1033,281000,"<1H OCEAN"
26,6201,783,2381,819,7.9819,397000,"<1H OCEAN"
29,5536,862,2651,881,5.6358,282100,"<1H OCEAN"
30,4412,862,2168,772,5.0062,232000,"<1H OCEAN"
29,5650,817,2098,813,6.4285,337300,"<1H OCEAN"
33,3410,583,1739,588,5.0714,255600,"<1H OCEAN"
28,2714,502,1389,490,5.7385,240400,"<1H OCEAN"
20,5483,1079,2892,1057,4.6845,250000,"<1H OCEAN"
28,4538,685,1996,667,5.4609,263600,"<1H OCEAN"
20,4447,661,2062,660,6.8088,283300,"<1H OCEAN"
25,4258,719,2290,743,5.1461,267200,"<1H OCEAN"
32,3776,620,1790,612,5.4675,261100,"<1H OCEAN"
32,3983,876,1989,794,3.5625,255200,"<1H OCEAN"
23,2705,449,1180,442,6.0791,316500,"<1H OCEAN"
26,1864,331,956,325,5.5,231700,"<1H OCEAN"
25,3025,689,1755,661,3.8893,218600,"<1H OCEAN"
13,1893,487,1018,464,3.8047,204700,"<1H OCEAN"
13,1676,471,710,406,3.8936,225900,"<1H OCEAN"
24,968,240,631,250,2.8636,240300,"<1H OCEAN"
21,2080,352,1040,325,5.2887,264500,"<1H OCEAN"
26,1741,323,1007,339,4.7069,234800,"<1H OCEAN"
36,2959,529,1125,520,4.2614,268800,"<1H OCEAN"
35,2418,375,988,374,6.0936,365400,"<1H OCEAN"
34,4613,749,2050,725,5.3922,302900,"<1H OCEAN"
33,2951,529,1288,521,4.1554,313100,"<1H OCEAN"
32,4308,717,2002,695,4.1645,281900,"<1H OCEAN"
27,2019,335,1020,351,5.8178,267400,"<1H OCEAN"
24,4567,688,2102,695,5.6895,289000,"<1H OCEAN"
25,3319,531,1560,502,5.8479,263300,"<1H OCEAN"
28,1481,256,688,221,5.2088,240900,"<1H OCEAN"
39,1839,471,1528,456,2.6818,184900,"<1H OCEAN"
36,1471,360,1182,326,2.7031,175800,"<1H OCEAN"
38,1787,508,2113,530,2.6386,177600,"<1H OCEAN"
45,2213,564,1920,514,3.2806,164200,"<1H OCEAN"
24,1939,652,1808,625,2.2259,112500,"<1H OCEAN"
28,859,199,455,211,2.3293,215900,"<1H OCEAN"
6,3797,984,2437,904,3.6802,152400,"<1H OCEAN"
14,360,124,134,84,2.7411,112500,"<1H OCEAN"
16,2692,749,1674,681,2.6763,191100,"<1H OCEAN"
13,2519,581,2094,530,4.3621,173400,"<1H OCEAN"
19,2228,559,2845,551,2.6,172800,"<1H OCEAN"
14,5762,1538,3979,1389,3.6953,192600,"<1H OCEAN"
16,2987,874,4241,841,2.8024,127900,"<1H OCEAN"
19,735,158,597,134,4.5208,188100,"<1H OCEAN"
22,3015,581,2491,530,4.3419,176300,"<1H OCEAN"
16,1866,364,1835,412,5.3363,212800,"<1H OCEAN"
18,1892,568,974,553,2.3715,228000,"<1H OCEAN"
21,3305,749,2459,701,3.9688,249600,"<1H OCEAN"
14,6160,1222,2472,1204,4.1444,178400,"<1H OCEAN"
17,4208,954,1476,904,2.3971,87500,"<1H OCEAN"
16,5684,1386,4203,1318,3.1964,185800,"<1H OCEAN"
19,6275,1546,4312,1466,2.7768,178600,"<1H OCEAN"
24,3403,656,2829,612,4.775,191900,"<1H OCEAN"
4,2937,648,1780,665,4.3851,160400,"<1H OCEAN"
18,2749,633,1779,561,3.925,166100,"<1H OCEAN"
19,11181,1895,7817,1853,5.6058,232700,"<1H OCEAN"
17,1299,211,825,217,4.5,235800,"<1H OCEAN"
15,5957,1037,3838,997,6.2907,253100,"<1H OCEAN"
17,2277,428,1887,422,5.7078,217000,"<1H OCEAN"
33,2873,489,1946,475,5.0709,176400,"<1H OCEAN"
10,1828,453,1356,409,4.5943,123500,"<1H OCEAN"
20,1649,408,1729,362,3.3833,115200,"<1H OCEAN"
33,1115,250,1168,261,3.9009,178600,"<1H OCEAN"
19,2644,833,2317,780,3.1042,183100,"<1H OCEAN"
31,1340,235,1336,270,4.2361,179500,"<1H OCEAN"
20,2308,461,2223,456,4.2589,191000,"<1H OCEAN"
16,2085,394,1705,391,5.0225,222800,"<1H OCEAN"
17,1887,664,1906,597,2.5652,165300,"<1H OCEAN"
22,2044,402,1925,429,3.7102,177500,"<1H OCEAN"
15,1504,294,1267,291,5.5145,219400,"<1H OCEAN"
14,2731,578,1109,551,3.1382,139700,"<1H OCEAN"
15,1898,395,1527,381,4.4792,212500,"<1H OCEAN"
26,2528,511,2677,512,4.1165,164900,"<1H OCEAN"
10,2506,623,2634,622,3.135,231400,"<1H OCEAN"
23,3279,647,2582,630,4.3782,175800,"<1H OCEAN"
26,1125,210,943,214,4.825,181000,"<1H OCEAN"
4,5532,778,3651,770,7.2982,343000,"<1H OCEAN"
25,1642,297,1146,279,5.2088,231400,"<1H OCEAN"
20,2686,414,1507,405,5.8068,263900,"<1H OCEAN"
20,2018,328,1196,323,4.9318,262400,"<1H OCEAN"
15,2781,498,1389,475,5.614,223300,"<1H OCEAN"
21,1959,292,891,300,7.375,338400,"<1H OCEAN"
18,1947,250,605,184,8.1871,500001,"<1H OCEAN"
8,3088,474,1799,456,7.2707,355300,"<1H OCEAN"
9,3160,468,1675,470,7.5443,348400,"<1H OCEAN"
11,3195,410,1774,418,7.0671,378200,"<1H OCEAN"
13,2978,505,1794,485,6.6813,277800,"<1H OCEAN"
18,3611,614,2381,642,5.6345,231000,"<1H OCEAN"
10,3283,550,2491,522,6.6633,283700,"<1H OCEAN"
10,2829,394,1510,386,6.68,359500,"<1H OCEAN"
20,2473,476,2228,501,5.6817,224200,"<1H OCEAN"
23,1829,346,1277,324,4.8092,217400,"<1H OCEAN"
14,4412,924,2698,891,4.7027,227600,"<1H OCEAN"
6,2850,561,2160,581,5.5336,241900,"<1H OCEAN"
20,3034,451,1669,430,6.2742,241300,"<1H OCEAN"
5,4153,719,2435,697,5.6306,286200,"<1H OCEAN"
14,1870,348,1214,347,4.9769,186500,"<1H OCEAN"
15,1794,366,1533,371,5.7843,209900,"<1H OCEAN"
15,1807,378,1277,341,4.5045,164500,"<1H OCEAN"
16,906,149,605,148,4.8173,235600,"<1H OCEAN"
15,1929,345,1683,347,5.5248,235600,"<1H OCEAN"
21,2630,446,1789,389,5.0543,232000,"<1H OCEAN"
22,2199,361,1270,386,5.1149,235700,"<1H OCEAN"
25,2093,297,983,338,6.4664,271500,"<1H OCEAN"
10,5469,950,3083,906,5.9399,241900,"<1H OCEAN"
17,660,129,431,123,4.9097,241000,"<1H OCEAN"
12,1961,280,985,269,6.7159,362700,"<1H OCEAN"
7,1973,328,1047,303,6.234,292200,"<1H OCEAN"
16,1649,228,769,230,6.6455,302600,"<1H OCEAN"
15,2267,348,1150,327,7.1267,277900,"<1H OCEAN"
6,3526,559,1378,491,6.1463,335500,"<1H OCEAN"
23,1801,415,548,393,2.5052,133700,"<1H OCEAN"
6,7292,1295,2468,1262,5.6411,294700,"<1H OCEAN"
15,1486,310,455,296,4.3365,221000,"<1H OCEAN"
33,1019,191,938,215,4.0929,165000,"<1H OCEAN"
28,1535,330,1937,317,4.1146,160100,"<1H OCEAN"
26,1934,408,2059,416,3.6765,163600,"<1H OCEAN"
21,4559,1163,5124,1124,3.2052,179000,"<1H OCEAN"
24,2298,575,2409,569,3.4509,182400,"<1H OCEAN"
23,7609,1446,6034,1414,4.8424,195300,"<1H OCEAN"
28,3477,671,2990,648,4.4671,172600,"<1H OCEAN"
29,2396,452,2000,481,4.375,185500,"<1H OCEAN"
27,2358,415,1562,383,5.2297,192800,"<1H OCEAN"
17,2529,423,1756,429,5.1017,240700,"<1H OCEAN"
27,2512,526,3033,526,4.25,162900,"<1H OCEAN"
27,3127,610,3257,604,4.6333,173600,"<1H OCEAN"
21,6404,1232,6047,1235,4.2098,193400,"<1H OCEAN"
26,1848,339,1952,327,4.087,182500,"<1H OCEAN"
34,938,242,769,226,3.5625,194500,"<1H OCEAN"
35,2391,605,1886,595,2.5551,182100,"<1H OCEAN"
43,1536,371,1256,357,2.8,153300,"<1H OCEAN"
27,1481,409,1505,391,2.5769,137500,"<1H OCEAN"
22,2914,768,2962,762,2.2031,164000,"<1H OCEAN"
29,3515,807,3572,776,2.7562,160100,"<1H OCEAN"
20,3375,867,4610,860,2.6894,182200,"<1H OCEAN"
15,8162,2124,8793,2086,3.3306,210300,"<1H OCEAN"
15,3315,1042,2749,1059,2.3199,140100,"<1H OCEAN"
15,3148,1116,3556,1037,3.0466,159600,"<1H OCEAN"
18,1525,485,1705,448,3.7198,128600,"<1H OCEAN"
11,2109,592,2744,607,4.0452,205900,"<1H OCEAN"
31,1602,358,1179,354,4.4896,156800,"<1H OCEAN"
34,762,182,611,193,3.5625,201800,"<1H OCEAN"
12,12980,2568,8190,2515,5.2415,286500,"<1H OCEAN"
31,5524,914,2848,879,5.5592,229900,"<1H OCEAN"
15,4430,992,3278,1018,4.5533,209900,"<1H OCEAN"
33,835,181,781,169,5.1082,195800,"<1H OCEAN"
31,3633,843,2677,797,3.2222,184800,"<1H OCEAN"
43,821,149,370,135,4.25,209100,"<1H OCEAN"
43,1461,284,800,258,3.2279,182400,"<1H OCEAN"
42,1237,232,900,241,3.8571,187500,"<1H OCEAN"
28,1579,339,1252,353,4.1615,214800,"<1H OCEAN"
40,802,149,445,143,4.0446,196300,"<1H OCEAN"
29,4045,885,3036,845,3.1982,171700,"<1H OCEAN"
22,3936,860,3508,877,4.2312,183800,"<1H OCEAN"
31,2914,715,3547,645,3.7143,178600,"<1H OCEAN"
41,1558,281,970,304,4.4167,215200,"<1H OCEAN"
26,2987,539,1931,518,5.1099,213100,"<1H OCEAN"
33,1624,337,1412,323,4.0385,167600,"<1H OCEAN"
34,1834,377,1450,347,3.7188,161500,"<1H OCEAN"
42,2913,577,1873,580,3.7214,167900,"<1H OCEAN"
34,2218,286,827,299,7.4559,456500,"<1H OCEAN"
37,4137,636,1569,578,6.1008,286200,"<1H OCEAN"
32,3747,665,1687,649,5.4949,330800,"<1H OCEAN"
29,570,76,244,72,12.3292,416700,"<1H OCEAN"
32,1650,246,768,263,6.8462,320900,"<1H OCEAN"
24,962,146,492,155,7.2861,328000,"<1H OCEAN"
22,3650,527,1637,520,5.3774,325600,"<1H OCEAN"
20,3189,420,1234,389,7.5813,374100,"<1H OCEAN"
9,2522,547,1591,481,4.9091,259700,"<1H OCEAN"
16,2655,487,1862,448,6.057,246800,"<1H OCEAN"
16,1050,245,722,228,4.5187,163500,"<1H OCEAN"
16,3275,529,1863,527,5.5429,269100,"<1H OCEAN"
13,3334,565,2240,561,7.105,273900,"<1H OCEAN"
17,3719,588,2089,561,6.7867,273700,"<1H OCEAN"
16,1767,268,1061,280,6.9584,351600,"<1H OCEAN"
19,4043,764,2196,708,6.1504,268400,"<1H OCEAN"
16,1334,389,1103,415,3.7153,229800,"<1H OCEAN"
17,1777,328,1235,329,5.4225,258100,"<1H OCEAN"
15,8748,1547,4784,1524,5.8322,276600,"<1H OCEAN"
13,3752,572,1581,526,6.1091,329400,"<1H OCEAN"
25,2496,351,1034,367,7.0544,320700,"<1H OCEAN"
25,1866,271,840,275,6.8677,288500,"<1H OCEAN"
27,1145,150,492,160,5.716,348300,"<1H OCEAN"
16,2998,603,1606,615,3.7622,150000,"<1H OCEAN"
42,42,14,26,14,1.7361,500001,"<1H OCEAN"
20,78,72,120,69,1.0938,187500,"<1H OCEAN"
14,6016,1404,3258,1316,3.5745,333700,"<1H OCEAN"
14,3851,534,2052,478,7.0735,335600,"<1H OCEAN"
15,2052,405,1380,409,5.8686,181100,"<1H OCEAN"
2,1136,365,535,257,4.375,425000,"<1H OCEAN"
3,4778,1047,2522,990,5.7695,271400,"<1H OCEAN"
3,4430,841,2559,801,6.0959,272700,"<1H OCEAN"
16,2391,369,1419,373,5.8721,267800,"<1H OCEAN"
21,1386,260,946,257,6.5226,258500,"<1H OCEAN"
25,1837,278,1006,271,6.6842,265300,"<1H OCEAN"
23,1793,319,1145,310,5.5968,243200,"<1H OCEAN"
16,2938,589,1718,568,5.5073,178900,"<1H OCEAN"
17,2156,435,1400,393,5.6096,199100,"<1H OCEAN"
16,1603,287,1080,296,6.1256,266900,"<1H OCEAN"
16,1489,262,945,263,7.3861,267000,"<1H OCEAN"
16,2411,420,1671,442,6.5004,263600,"<1H OCEAN"
12,4228,734,2594,732,6.6086,299400,"<1H OCEAN"
4,1646,408,853,410,5.0821,265500,"<1H OCEAN"
9,957,139,532,142,8.6675,441000,"<1H OCEAN"
17,3469,896,2762,808,3.3884,245800,"<1H OCEAN"
31,2573,474,1898,475,5.6651,204100,"<1H OCEAN"
22,3805,596,2118,621,6.2892,254200,"<1H OCEAN"
8,426,61,241,55,7.309,367900,"<1H OCEAN"
19,12128,2112,6810,2040,6.4419,264500,"<1H OCEAN"
24,3308,548,1891,544,5.6683,248700,"<1H OCEAN"
23,3224,652,2183,655,4.3807,226900,"<1H OCEAN"
20,5032,808,2695,801,6.6227,264800,"<1H OCEAN"
25,4430,729,2685,721,5.6965,261100,"<1H OCEAN"
17,1621,299,1028,293,5.2722,186900,"<1H OCEAN"
20,1351,372,1427,394,4.4712,144000,"<1H OCEAN"
26,1471,348,1089,320,5.3057,226400,"<1H OCEAN"
23,1310,267,910,261,5.3994,237900,"<1H OCEAN"
5,1519,186,705,186,10.3798,500001,"<1H OCEAN"
5,1819,245,802,228,10.9722,500001,"<1H OCEAN"
15,2428,513,1687,519,4.75,254400,"<1H OCEAN"
14,2073,343,1107,330,6.7093,311200,"<1H OCEAN"
43,91,12,58,16,15.0001,500001,"<1H OCEAN"
29,2385,513,1788,510,3.8421,220700,"<1H OCEAN"
26,2762,496,1716,459,5.6062,226800,"<1H OCEAN"
18,4900,814,2984,758,6.6176,276200,"<1H OCEAN"
16,2952,446,1525,460,5.6063,320500,"<1H OCEAN"
19,1684,387,1224,376,4.1389,174100,"<1H OCEAN"
24,4759,921,3188,902,5.6344,228700,"<1H OCEAN"
26,40,8,52,7,7.7197,225000,"<1H OCEAN"
10,3937,1054,2032,1002,3.2617,252200,"<1H OCEAN"
26,1669,276,951,278,4.7794,225800,"<1H OCEAN"
19,2174,484,1645,484,5.0362,255100,"<1H OCEAN"
24,1212,251,799,242,5.0808,212500,"<1H OCEAN"
33,2791,496,1714,485,4.8304,224900,"<1H OCEAN"
21,4599,986,2756,943,2.9817,225000,"NEAR BAY"
18,2514,578,2205,545,3.3859,158000,"<1H OCEAN"
17,127,28,219,22,4.5179,112500,"<1H OCEAN"
24,3217,689,1196,684,3.4896,226700,"<1H OCEAN"
35,1845,325,1343,317,5.3912,235300,"<1H OCEAN"
25,3495,834,2484,797,4.8145,230700,"<1H OCEAN"
33,2015,484,1285,419,4.0655,226800,"<1H OCEAN"
14,4841,1130,813,517,3.7614,137500,"<1H OCEAN"
17,5121,1017,1470,968,2.9706,81300,"<1H OCEAN"
17,4324,854,1656,885,3.6619,232400,"<1H OCEAN"
35,1542,298,1164,318,5.9145,236900,"<1H OCEAN"
24,1297,297,441,282,3.1439,47500,"<1H OCEAN"
33,2154,405,1655,434,5.7962,229800,"<1H OCEAN"
17,3208,617,2286,602,5.2937,238000,"<1H OCEAN"
17,2937,558,1662,533,5.8792,255500,"<1H OCEAN"
20,1032,229,658,238,4.5062,219300,"<1H OCEAN"
24,5230,934,3795,970,5.4228,264100,"<1H OCEAN"
22,765,198,390,176,3.1812,87500,"<1H OCEAN"
13,2164,412,1087,411,4.7625,137500,"<1H OCEAN"
16,3936,788,1910,769,4.7049,112500,"<1H OCEAN"
34,148,28,132,13,3.375,67500,"<1H OCEAN"
42,3224,708,1940,674,3.2153,199700,"<1H OCEAN"
42,198,32,158,32,3.1563,137500,"<1H OCEAN"
39,446,129,317,127,3.0357,208300,"<1H OCEAN"
27,3236,832,2230,798,3.5625,208600,"<1H OCEAN"
25,3472,956,2267,944,2.7727,235600,"<1H OCEAN"
36,1823,410,1589,387,3.1065,234100,"<1H OCEAN"
48,2068,495,946,452,3.0375,218500,"<1H OCEAN"
36,1651,344,1062,331,4.575,215400,"<1H OCEAN"
32,1199,229,814,238,4.6719,252100,"<1H OCEAN"
35,995,202,615,199,5.0942,217500,"<1H OCEAN"
27,1797,538,1610,531,4.2422,237500,"<1H OCEAN"
24,4841,894,2656,920,6.0573,254500,"<1H OCEAN"
34,884,153,534,154,6.0116,271200,"<1H OCEAN"
35,1880,370,926,321,4.2273,269900,"<1H OCEAN"
16,5040,1325,3150,1196,4.2837,264500,"<1H OCEAN"
33,2581,623,1598,628,3.5199,261400,"<1H OCEAN"
36,815,126,353,122,6.3191,258300,"<1H OCEAN"
36,765,134,306,136,4.575,247600,"<1H OCEAN"
34,1735,318,1019,301,4.5625,242700,"<1H OCEAN"
33,1582,272,809,267,5.7059,287200,"<1H OCEAN"
35,1293,223,701,216,7.8543,281900,"<1H OCEAN"
35,1440,267,743,259,5.0866,254600,"<1H OCEAN"
32,1754,324,917,330,4.6761,298300,"<1H OCEAN"
33,2321,480,1230,451,4.9091,270300,"<1H OCEAN"
33,2677,644,1469,633,3.2048,261800,"<1H OCEAN"
33,2545,467,1287,458,5.5,282200,"<1H OCEAN"
41,1150,249,729,260,3.5491,261100,"<1H OCEAN"
18,1712,509,972,467,4.3971,238900,"<1H OCEAN"
16,3249,947,1637,841,4.5427,198400,"<1H OCEAN"
25,1527,325,707,339,4.375,212200,"<1H OCEAN"
36,1054,193,546,187,4.5625,240000,"<1H OCEAN"
33,3570,776,1922,761,4.9562,238700,"<1H OCEAN"
18,6649,1712,3604,1651,4.5368,307400,"<1H OCEAN"
26,3637,933,2249,905,3.9625,262900,"<1H OCEAN"
37,1755,325,699,321,3.925,251300,"<1H OCEAN"
35,1249,232,556,247,3.925,287100,"<1H OCEAN"
32,1484,274,673,272,5.2019,279900,"<1H OCEAN"
36,832,211,545,211,3.2813,244400,"<1H OCEAN"
52,906,227,1662,219,3.1667,231600,"<1H OCEAN"
18,1922,561,1096,545,2.3713,244000,"<1H OCEAN"
48,1246,294,697,284,3.6118,235500,"<1H OCEAN"
42,1421,330,659,303,3.3333,237900,"<1H OCEAN"
52,2382,523,1096,492,4.2656,236100,"<1H OCEAN"
42,2174,420,1304,464,3.1429,286500,"<1H OCEAN"
29,3377,853,1674,792,3.4233,229300,"<1H OCEAN"
41,2151,473,1092,469,3.7321,250000,"<1H OCEAN"
36,1893,359,797,360,3.6818,257600,"<1H OCEAN"
37,1822,329,845,348,4.75,251100,"<1H OCEAN"
36,3142,632,1372,560,5.0175,246100,"<1H OCEAN"
25,5236,1320,2529,1213,3.1702,256100,"<1H OCEAN"
31,1866,465,821,447,2.3547,275900,"<1H OCEAN"
36,1683,286,740,324,4.7604,294700,"<1H OCEAN"
26,3269,788,1427,696,4.2136,288300,"<1H OCEAN"
35,2294,411,1054,449,4.0667,276900,"<1H OCEAN"
42,2001,402,942,375,4.4453,255400,"<1H OCEAN"
36,844,153,373,160,5.791,254100,"<1H OCEAN"
18,4438,939,1901,895,5.3873,288300,"<1H OCEAN"
34,1461,299,739,276,3.4375,252600,"<1H OCEAN"
37,663,127,293,132,3.7813,247800,"<1H OCEAN"
30,2645,462,1506,480,6.3716,330500,"<1H OCEAN"
30,3742,633,1721,631,6.1388,302400,"<1H OCEAN"
27,3353,653,1571,621,5.273,315600,"<1H OCEAN"
21,8275,1566,3636,1524,5.1506,302100,"<1H OCEAN"
25,3223,612,1529,602,5.121,287600,"<1H OCEAN"
35,1907,326,912,313,5.9567,294300,"<1H OCEAN"
35,1802,291,841,315,4.8365,313900,"<1H OCEAN"
33,2023,425,1016,405,3.9417,285800,"<1H OCEAN"
28,3840,629,1883,662,6.4095,335900,"<1H OCEAN"
28,4863,901,2110,868,5.1483,342000,"<1H OCEAN"
28,5096,1011,2588,954,5.357,355200,"<1H OCEAN"
17,9789,2552,4748,2206,4.2531,279800,"<1H OCEAN"
20,4461,864,2042,808,4.7083,217700,"<1H OCEAN"
32,2248,460,1191,419,5.606,288900,"<1H OCEAN"
34,2034,359,1016,375,5.8127,288300,"<1H OCEAN"
26,3285,502,1443,530,5.7833,339600,"<1H OCEAN"
19,4620,1404,2672,1308,3.699,237500,"<1H OCEAN"
11,1711,493,1094,543,3.73,227700,"<1H OCEAN"
39,1164,199,619,231,4.6304,263200,"<1H OCEAN"
20,1145,198,431,173,3.1103,281900,"<1H OCEAN"
26,4310,678,1819,686,7.0469,365500,"<1H OCEAN"
31,3890,711,1898,717,5.2534,290900,"<1H OCEAN"
21,7628,2166,3637,1749,3.6401,267500,"<1H OCEAN"
25,5775,1225,3580,1138,3.9187,314900,"<1H OCEAN"
25,5463,1351,2758,1310,3.0079,277300,"<1H OCEAN"
33,726,168,351,147,3.1458,270500,"<1H OCEAN"
30,4238,1010,1914,972,3.7632,307000,"<1H OCEAN"
27,2462,570,1278,565,3.5652,329500,"<1H OCEAN"
30,1758,248,814,256,6.623,332500,"<1H OCEAN"
21,4193,1068,2487,1011,3.7188,293000,"<1H OCEAN"
25,1455,370,734,331,3.2727,262500,"<1H OCEAN"
25,5641,1517,3786,1410,3.3958,267500,"<1H OCEAN"
20,4228,1006,2334,1007,4.3081,227300,"<1H OCEAN"
22,2593,637,1249,623,3.75,212500,"<1H OCEAN"
20,710,188,363,176,4.0962,214100,"<1H OCEAN"
17,1330,271,408,258,1.7171,181300,"<1H OCEAN"
52,777,148,362,144,4.0208,262500,"<1H OCEAN"
9,1503,381,715,349,4.6371,234300,"<1H OCEAN"
30,3734,813,1834,824,3.4505,260000,"<1H OCEAN"
19,7027,1847,3759,1753,3.1509,242900,"<1H OCEAN"
30,3404,693,1794,633,4.6312,283200,"<1H OCEAN"
33,2120,349,907,336,7.5443,283000,"<1H OCEAN"
31,2750,664,1459,660,3.2287,264900,"<1H OCEAN"
33,1940,327,877,314,5.4386,280400,"<1H OCEAN"
25,4707,695,1995,642,6.6437,296100,"<1H OCEAN"
27,2427,403,1301,438,5.0385,277300,"<1H OCEAN"
26,1182,309,620,306,3.3922,269100,"<1H OCEAN"
28,3688,633,1877,620,5.7251,272600,"<1H OCEAN"
27,3526,589,1725,553,5.7812,275000,"<1H OCEAN"
27,2937,497,1454,511,5.4051,273500,"<1H OCEAN"
32,2930,481,1336,481,6.4631,344100,"<1H OCEAN"
23,4040,843,2181,843,4.0403,303400,"<1H OCEAN"
31,3340,735,1891,686,4.8542,275000,"<1H OCEAN"
24,1240,263,690,276,5,283000,"<1H OCEAN"
25,4096,743,2027,741,5.3294,300300,"<1H OCEAN"
29,2721,682,1602,646,3.337,265300,"<1H OCEAN"
17,1527,267,775,260,5.9658,278000,"<1H OCEAN"
25,3075,564,1633,543,5.2528,269400,"<1H OCEAN"
29,2658,484,1318,498,5.3561,298900,"<1H OCEAN"
28,5018,1066,2846,998,4.0174,273900,"<1H OCEAN"
22,6114,1211,2983,1163,5.2533,269100,"<1H OCEAN"
31,3347,589,1566,597,5.5151,286800,"<1H OCEAN"
19,2174,454,998,426,4.6827,255100,"<1H OCEAN"
22,1408,351,636,294,1.8542,333300,"<1H OCEAN"
30,3298,634,1532,602,5.0863,332000,"<1H OCEAN"
37,3109,541,1566,544,6.0235,413500,"<1H OCEAN"
32,1382,239,705,251,6.0957,405400,"<1H OCEAN"
26,3032,605,1208,562,5.4683,430900,"<1H OCEAN"
35,1018,169,484,174,6.1648,371900,"<1H OCEAN"
34,2906,544,1282,522,5.5127,268200,"<1H OCEAN"
36,1089,182,535,170,4.69,252600,"<1H OCEAN"
21,1354,289,639,273,4.5333,234200,"<1H OCEAN"
34,2231,360,1035,365,4.7917,243200,"<1H OCEAN"
32,1555,287,779,284,6.0358,260100,"<1H OCEAN"
35,1484,244,664,238,4.675,245300,"<1H OCEAN"
24,5046,1001,2449,968,4.7118,274600,"<1H OCEAN"
30,2327,419,1114,372,4.7279,272000,"<1H OCEAN"
26,6777,1051,3319,1061,6.3663,279400,"<1H OCEAN"
19,1741,294,632,279,5.5944,290500,"<1H OCEAN"
26,2561,388,1165,393,7.3522,363800,"<1H OCEAN"
26,2574,414,1096,428,6.0738,335900,"<1H OCEAN"
27,1265,216,660,232,5.3911,281200,"<1H OCEAN"
22,2614,453,1240,462,6.0712,271800,"<1H OCEAN"
27,4866,668,1956,659,7.3843,405000,"<1H OCEAN"
21,4872,594,1811,560,9.3834,500001,"<1H OCEAN"
36,4423,632,1719,608,7.8407,476400,"<1H OCEAN"
22,2781,523,1291,516,4.6065,445900,"<1H OCEAN"
46,10088,1910,3728,1781,5.2321,500001,"<1H OCEAN"
35,4709,723,1866,694,8.492,500001,"<1H OCEAN"
20,2345,322,890,276,10.0187,500001,"<1H OCEAN"
35,2553,533,1117,498,4.4063,436100,"<1H OCEAN"
33,3585,935,1511,835,3.1176,396300,"<1H OCEAN"
36,3191,430,1234,440,9.0704,500001,"<1H OCEAN"
19,1858,359,790,347,4.5156,339300,"<1H OCEAN"
32,2892,496,1193,492,6.131,367800,"<1H OCEAN"
27,2331,461,1178,447,4.6654,340700,"<1H OCEAN"
21,1214,192,500,185,7.598,347800,"<1H OCEAN"
17,4034,611,1158,560,8.2069,442500,"<1H OCEAN"
19,755,93,267,99,15,500001,"<1H OCEAN"
25,1743,212,604,200,10.7582,500001,"<1H OCEAN"
21,2775,389,856,350,7.9135,496400,"<1H OCEAN"
22,4240,532,1480,514,11.2463,500001,"<1H OCEAN"
35,3574,485,1325,476,8.5425,500001,"<1H OCEAN"
33,1664,271,759,272,5.7876,415800,"<1H OCEAN"
27,3340,451,1220,447,8.8178,500001,"<1H OCEAN"
24,2411,299,847,299,10.2666,500001,"<1H OCEAN"
34,1764,243,692,223,8.0331,500001,"<1H OCEAN"
31,1574,193,551,191,10.2311,500001,"<1H OCEAN"
29,2718,365,982,339,7.9234,500001,"<1H OCEAN"
14,2561,404,1172,378,7.6107,500001,"<1H OCEAN"
34,2892,413,903,365,7.8711,500001,"<1H OCEAN"
24,1521,209,539,192,11.1557,500001,"<1H OCEAN"
28,2796,365,1085,363,10.6834,500001,"<1H OCEAN"
22,3118,438,1147,425,10.3653,500001,"<1H OCEAN"
18,2550,312,999,320,8.7939,500001,"<1H OCEAN"
25,3845,492,1461,475,10.3979,500001,"<1H OCEAN"
31,3136,431,1190,412,7.5,500001,"<1H OCEAN"
22,2038,260,773,281,9.1569,500001,"<1H OCEAN"
35,3133,541,1449,555,5.7295,346100,"<1H OCEAN"
33,2170,311,854,303,8.3605,500001,"<1H OCEAN"
32,2782,495,1092,455,5.4103,335900,"<1H OCEAN"
32,4350,645,1551,609,7.8279,500001,"<1H OCEAN"
29,3752,468,1320,471,9.8937,500001,"<1H OCEAN"
25,3437,428,1198,411,9.3464,500001,"<1H OCEAN"
28,3825,473,1415,480,10.675,500001,"<1H OCEAN"
16,1612,221,567,208,10.5793,500001,"<1H OCEAN"
19,3625,432,1252,409,12.2145,500001,"<1H OCEAN"
25,4460,553,1608,561,10.7958,500001,"<1H OCEAN"
24,4973,709,1692,696,7.8627,500001,"<1H OCEAN"
29,1945,269,826,275,8.248,498800,"<1H OCEAN"
30,3033,540,1440,507,6.2182,380800,"<1H OCEAN"
25,4601,696,2003,666,8.0727,455500,"<1H OCEAN"
25,4111,538,1585,568,9.2298,500001,"<1H OCEAN"
11,5488,706,1947,641,10.7326,500001,"<1H OCEAN"
13,2173,349,891,345,8.0158,420000,"<1H OCEAN"
23,4507,751,2167,722,7.0102,500001,"<1H OCEAN"
24,4401,698,1818,685,7.2986,500001,"<1H OCEAN"
30,2268,404,1197,372,7.0813,485300,"<1H OCEAN"
17,2560,396,959,400,7.8528,368900,"<1H OCEAN"
20,4475,1048,2271,1021,4.8836,396200,"<1H OCEAN"
13,2057,466,790,436,5.0081,288300,"<1H OCEAN"
21,2052,346,933,351,5.3167,416300,"<1H OCEAN"
26,2690,401,1264,429,7.7643,474700,"<1H OCEAN"
17,3674,824,1364,694,6.3131,436400,"<1H OCEAN"
22,4011,963,2206,879,4.5721,351200,"<1H OCEAN"
27,2826,451,1259,439,5.7528,431400,"<1H OCEAN"
29,2476,434,1217,416,6.2045,393800,"<1H OCEAN"
24,3388,633,1627,585,5.154,355100,"<1H OCEAN"
26,1714,270,778,262,6.075,417000,"<1H OCEAN"
25,2366,417,1076,398,6.9238,345900,"<1H OCEAN"
25,2131,410,1132,395,5.3508,409100,"<1H OCEAN"
25,3807,600,1678,600,6.6818,411300,"<1H OCEAN"
25,4044,551,1699,533,8.0837,380600,"<1H OCEAN"
23,6846,1078,2951,1063,6.3702,332000,"<1H OCEAN"
28,3811,585,1795,581,7.8383,372700,"<1H OCEAN"
29,3429,524,1518,520,7.218,400700,"<1H OCEAN"
19,2885,859,1520,784,3.375,275700,"<1H OCEAN"
30,3007,554,1551,616,5.8521,326300,"<1H OCEAN"
22,3583,758,1792,695,5.4842,335300,"<1H OCEAN"
34,2629,433,1301,431,6.083,341400,"<1H OCEAN"
35,2355,384,1248,378,5.9714,332500,"<1H OCEAN"
26,1983,301,924,297,6.7123,354600,"<1H OCEAN"
32,2134,328,903,322,6.359,341900,"<1H OCEAN"
27,4336,754,2009,734,6.3923,348300,"<1H OCEAN"
33,2563,434,1230,418,6.3197,340100,"<1H OCEAN"
15,5132,1059,2156,982,5.6511,404800,"<1H OCEAN"
34,3450,731,1915,689,4.7402,244500,"<1H OCEAN"
26,1391,241,700,236,6.6766,332700,"<1H OCEAN"
32,3108,613,1577,603,4.6613,284000,"<1H OCEAN"
33,4211,918,2389,861,4.7235,242200,"<1H OCEAN"
25,3823,584,1689,571,7.3693,373600,"<1H OCEAN"
23,4221,671,1782,641,7.4863,412300,"<1H OCEAN"
16,1755,410,674,410,5.1602,231200,"<1H OCEAN"
30,1036,151,467,156,6.448,360600,"<1H OCEAN"
30,4033,794,1788,807,5.6932,338700,"<1H OCEAN"
26,2785,418,1221,422,8.1078,365700,"<1H OCEAN"
22,3219,756,1479,667,4.1473,354400,"<1H OCEAN"
26,1992,328,980,342,6.2475,350000,"<1H OCEAN"
28,2488,396,1190,410,5.7881,344700,"<1H OCEAN"
25,5404,906,2338,883,6.0577,451800,"<1H OCEAN"
25,3095,514,1251,507,5.5388,352100,"<1H OCEAN"
33,2517,496,1158,443,5.0785,289500,"<1H OCEAN"
20,4304,851,2059,835,5.1674,333000,"<1H OCEAN"
27,1716,290,817,301,5.9158,343100,"<1H OCEAN"
31,3344,620,1604,572,5.2108,351500,"<1H OCEAN"
31,3080,526,1493,582,6.3052,344200,"<1H OCEAN"
34,2494,375,1399,382,7.3753,388100,"<1H OCEAN"
34,2515,401,1079,399,7.7865,423900,"<1H OCEAN"
31,1443,215,627,222,6.6087,416500,"<1H OCEAN"
20,3435,593,1293,553,6.7578,451400,"<1H OCEAN"
28,3250,485,1328,473,7.4729,431600,"<1H OCEAN"
28,3081,460,1260,461,7.5372,432600,"<1H OCEAN"
16,1156,198,455,216,7.2779,292900,"<1H OCEAN"
28,1582,264,696,270,5.678,370100,"<1H OCEAN"
25,1994,287,704,283,7.7799,447300,"<1H OCEAN"
17,1165,278,598,287,4.0129,342400,"<1H OCEAN"
23,2590,725,1795,680,3.16,225000,"<1H OCEAN"
19,3694,1036,2496,986,3.6991,271500,"<1H OCEAN"
35,1365,256,662,262,5.6533,291400,"<1H OCEAN"
34,2400,419,1017,384,4.1369,316900,"<1H OCEAN"
27,2621,513,1063,523,3.9848,409700,"<1H OCEAN"
31,1795,281,872,282,8.0599,381800,"<1H OCEAN"
35,2693,493,1343,455,6.0777,327500,"<1H OCEAN"
32,2510,578,1160,581,4.9087,322700,"<1H OCEAN"
23,5135,911,2351,863,5.2319,430100,"<1H OCEAN"
28,2490,345,948,361,6.4913,411900,"<1H OCEAN"
20,2016,313,767,310,6.837,383000,"<1H OCEAN"
29,1733,255,679,278,7.5337,406800,"<1H OCEAN"
26,3298,460,1241,472,6.8753,403000,"<1H OCEAN"
27,3885,661,1537,606,6.6085,344700,"<1H OCEAN"
16,2697,803,1369,723,4.4699,367400,"<1H OCEAN"
17,2975,608,1465,577,5.8779,362200,"<1H OCEAN"
18,1221,255,507,271,5.3679,228400,"<1H OCEAN"
19,3811,1227,1930,1153,3.5154,311400,"<1H OCEAN"
16,3402,1193,1479,1043,3.5861,500001,"<1H OCEAN"
21,2471,677,1486,689,3.9038,243800,"<1H OCEAN"
25,2074,387,1273,383,4.7609,378000,"<1H OCEAN"
16,1105,354,499,324,4.2061,253600,"<1H OCEAN"
24,1709,437,892,408,4.9671,335200,"<1H OCEAN"
25,2796,429,1267,426,6.6329,349000,"<1H OCEAN"
21,2483,396,1194,424,7.1273,346300,"<1H OCEAN"
16,3716,916,1551,759,4.5,323600,"<1H OCEAN"
19,2237,433,1158,426,6.7718,368300,"<1H OCEAN"
25,3534,949,1880,849,3.4238,337000,"<1H OCEAN"
17,6012,1737,3539,1625,3.8464,239400,"<1H OCEAN"
9,2966,770,1430,740,3.0047,256000,"<1H OCEAN"
41,2123,425,1032,435,4.6957,284800,"<1H OCEAN"
30,1269,290,556,266,3.8125,325000,"<1H OCEAN"
42,1125,273,616,258,3.6765,252800,"<1H OCEAN"
33,2757,489,1201,481,5.0453,311600,"<1H OCEAN"
38,2850,550,1518,514,4.2028,273600,"<1H OCEAN"
21,2667,798,1433,727,3.8732,252400,"<1H OCEAN"
43,1261,317,836,333,4.0911,224600,"<1H OCEAN"
32,726,204,538,203,4.505,230400,"<1H OCEAN"
8,5686,1489,3250,1329,4.2782,327700,"<1H OCEAN"
11,2559,694,1309,668,4.1847,167300,"<1H OCEAN"
25,2213,360,1066,390,7.2165,360900,"<1H OCEAN"
16,1434,372,804,361,3.7045,178100,"<1H OCEAN"
22,3280,933,1842,795,4.4107,232700,"<1H OCEAN"
32,1889,487,1321,508,3.2574,254400,"<1H OCEAN"
26,2500,962,2374,879,3.5586,222200,"<1H OCEAN"
36,1976,361,1348,371,5.6447,252600,"<1H OCEAN"
36,1236,229,880,247,5.791,239400,"<1H OCEAN"
34,2600,650,1994,650,4.0223,250200,"<1H OCEAN"
35,2348,531,1475,498,4.35,261000,"<1H OCEAN"
16,3015,829,1769,807,4.0068,249500,"<1H OCEAN"
35,2297,497,1428,497,4.7431,239700,"<1H OCEAN"
5,8745,2211,3959,2019,4.7685,280100,"<1H OCEAN"
23,3200,907,2029,866,3.5649,450000,"<1H OCEAN"
24,2424,501,1367,507,4.072,364200,"<1H OCEAN"
29,1875,340,816,350,5.4351,336500,"<1H OCEAN"
20,4293,1272,2389,1210,4.2719,270800,"NEAR BAY"
27,2687,768,1362,725,3.4028,324200,"<1H OCEAN"
25,347,82,148,77,4.4531,350000,"<1H OCEAN"
21,12855,3226,7273,3052,4.3351,267400,"NEAR BAY"
26,18,4,8,4,3.75,375000,"NEAR BAY"
22,1236,290,413,274,3.6875,40000,"NEAR BAY"
20,3401,768,1497,747,4.2188,500001,"NEAR BAY"
21,1798,399,837,410,5.6999,470000,"NEAR BAY"
18,3058,661,1377,675,6.1299,500001,"<1H OCEAN"
20,2976,766,1227,634,4.8625,262500,"NEAR BAY"
19,1465,342,646,345,4.712,289300,"NEAR BAY"
23,806,158,373,156,5.9291,284600,"NEAR BAY"
16,3352,813,1440,729,3.7359,262500,"NEAR BAY"
26,1184,225,815,218,5.7657,322300,"NEAR BAY"
15,2940,910,943,711,4.359,192200,"NEAR BAY"
19,3565,858,1639,744,4.1544,277000,"NEAR BAY"
25,1750,341,999,319,5.806,308700,"NEAR BAY"
20,1896,456,1069,436,4.6875,288900,"NEAR BAY"
36,1575,379,1036,382,5.1408,264700,"NEAR BAY"
33,6277,1274,3025,1211,5.4721,343300,"NEAR BAY"
8,1480,414,856,445,2.8203,284100,"NEAR BAY"
14,753,193,421,153,4.2463,266700,"NEAR BAY"
18,1476,473,838,415,3.575,274000,"NEAR BAY"
22,1489,436,662,470,3.5179,197200,"NEAR BAY"
17,748,184,412,180,3.4375,290600,"NEAR BAY"
23,4874,1251,2699,1163,3.8003,229800,"NEAR BAY"
27,5110,1599,2764,1482,3.4198,351900,"NEAR BAY"
26,3218,1021,2087,964,3.2875,182700,"NEAR BAY"
27,3410,1156,2314,1086,3.4868,165600,"NEAR BAY"
23,1755,508,1374,506,4.3077,293500,"NEAR BAY"
19,1085,288,1009,305,3.9091,276000,"NEAR BAY"
16,1994,489,1173,472,4.1875,266400,"NEAR BAY"
15,255,63,138,74,4.6591,175000,"NEAR BAY"
23,514,210,367,206,3.1736,181300,"NEAR BAY"
52,766,203,448,196,2.5208,316700,"NEAR BAY"
43,2065,535,1029,500,3.7318,327700,"NEAR BAY"
30,1722,490,1057,517,3.725,261300,"NEAR BAY"
24,3983,1126,2645,1072,3.6742,275000,"NEAR BAY"
44,1498,430,848,400,2.8438,307100,"NEAR BAY"
46,1115,248,543,248,3.2083,334300,"NEAR BAY"
30,1695,480,932,447,3.5045,352500,"NEAR BAY"
37,1169,239,589,249,5.0131,330300,"NEAR BAY"
26,1272,306,562,284,4.5644,280200,"NEAR BAY"
39,2210,483,1023,450,4.5833,342400,"NEAR BAY"
31,1117,304,591,302,3.5909,353100,"NEAR BAY"
36,1860,367,794,366,5.0871,354500,"NEAR BAY"
34,1508,483,774,443,2.7279,365600,"NEAR BAY"
36,1035,196,475,205,5.5385,359000,"NEAR BAY"
34,1959,342,849,357,6.2884,414700,"NEAR BAY"
36,2587,416,1055,410,6.1995,407200,"NEAR BAY"
33,2771,659,1496,581,3.4042,353600,"NEAR BAY"
36,857,156,448,168,5.0086,366700,"NEAR BAY"
36,1199,198,485,199,5.0796,373400,"NEAR BAY"
36,782,130,348,128,6.828,383900,"NEAR BAY"
27,1269,186,464,182,6.8374,500001,"NEAR BAY"
34,2165,355,776,339,5.2971,442100,"NEAR BAY"
25,830,228,368,174,3.3917,342900,"NEAR BAY"
22,3770,727,1657,762,4.8021,457500,"NEAR BAY"
30,2937,407,1097,407,7.9813,473500,"NEAR BAY"
21,3244,426,1158,415,7.5,500001,"<1H OCEAN"
34,1747,250,662,257,6.8268,500001,"<1H OCEAN"
28,4612,608,1686,567,10.0346,500001,"<1H OCEAN"
31,2717,376,1001,381,9.281,500001,"NEAR BAY"
37,1550,238,805,250,5.0222,500001,"NEAR BAY"
37,2269,325,930,321,7.5274,500001,"NEAR BAY"
28,2181,284,728,238,8.2266,500001,"NEAR BAY"
30,2040,294,787,278,8.758,500001,"<1H OCEAN"
33,1208,198,495,216,5.4659,500001,"<1H OCEAN"
35,1172,184,512,175,7.3561,500001,"<1H OCEAN"
35,1447,205,619,206,9.8144,500001,"<1H OCEAN"
35,1579,210,570,196,8.5888,500001,"<1H OCEAN"
35,1347,207,548,189,7.7068,500001,"NEAR BAY"
30,1851,238,631,236,10.1007,500001,"<1H OCEAN"
23,2597,335,922,338,10.5142,500001,"<1H OCEAN"
28,1643,216,594,205,12.367,500001,"<1H OCEAN"
33,2398,317,832,314,10.3591,500001,"NEAR BAY"
37,4167,612,1577,597,7.5655,500001,"NEAR BAY"
37,2511,354,945,348,8.3924,500001,"NEAR BAY"
40,2224,354,929,345,8.1064,500001,"NEAR BAY"
22,1477,195,520,187,10.3329,500001,"NEAR BAY"
36,3598,500,1296,533,7.8177,500001,"NEAR BAY"
22,3638,719,1329,650,5.0804,500001,"NEAR BAY"
49,1068,190,410,171,7.2045,500001,"NEAR BAY"
18,1617,231,555,222,8.9021,500001,"NEAR BAY"
31,2836,490,1138,481,4.9519,500001,"NEAR BAY"
36,1660,261,655,249,6.3967,500001,"NEAR BAY"
35,2471,349,881,342,7.6229,500001,"NEAR BAY"
31,2356,405,921,358,7.0245,500001,"NEAR BAY"
34,3561,497,1336,501,8.9172,500001,"NEAR BAY"
34,1443,218,504,200,8.4709,500001,"NEAR BAY"
32,3514,473,1583,480,10.3894,500001,"NEAR BAY"
29,6027,1195,2687,1171,5.1335,461200,"NEAR BAY"
36,4787,900,2039,890,5.4063,440900,"NEAR BAY"
35,2419,426,949,433,6.4588,437100,"NEAR BAY"
46,206,44,134,51,4.15,265000,"NEAR BAY"
36,3982,1045,2251,995,3.5364,314100,"NEAR BAY"
33,2892,617,1250,581,5.3727,360900,"NEAR BAY"
35,3584,535,1405,538,7.3023,451300,"NEAR BAY"
35,3905,565,1562,553,7.313,463700,"NEAR BAY"
32,3058,595,1267,540,6.4949,417800,"NEAR BAY"
35,2712,428,1084,425,7.1382,443800,"NEAR BAY"
33,1641,284,659,282,6.0884,432900,"NEAR BAY"
35,2445,533,1187,519,5.2803,362100,"NEAR BAY"
36,2607,551,1165,523,5.1524,373100,"NEAR BAY"
40,3454,648,1498,647,5.2114,438400,"NEAR BAY"
32,4398,878,1799,792,4.7375,431900,"NEAR BAY"
36,3212,553,1455,574,6.46,425500,"NEAR BAY"
33,2974,623,1435,588,5.485,406300,"NEAR BAY"
42,2390,462,1146,468,6.3111,397400,"NEAR BAY"
33,1509,303,748,268,4.875,373400,"NEAR BAY"
35,2016,349,1023,376,5.6413,376600,"NEAR BAY"
33,3262,668,1411,626,5.316,398100,"NEAR BAY"
37,2295,332,933,332,6.7257,500001,"NEAR BAY"
37,1287,197,510,206,7.9029,500001,"NEAR BAY"
41,3233,540,1251,506,6.6354,500001,"NEAR BAY"
43,3004,440,1088,427,9.1508,500001,"NEAR BAY"
38,2835,447,1148,446,5.9277,446600,"NEAR BAY"
39,906,109,353,112,10.3942,500001,"NEAR BAY"
52,1135,219,441,200,7.5418,492000,"NEAR BAY"
52,1803,257,683,259,10.9508,500001,"NEAR BAY"
52,3841,537,1391,540,7.8647,500001,"NEAR BAY"
52,2117,353,734,328,6.767,500001,"NEAR BAY"
48,2074,297,700,279,8.7051,500001,"NEAR BAY"
52,568,91,219,75,6.1575,500001,"NEAR BAY"
19,2207,810,1304,775,2.1406,402500,"NEAR BAY"
37,2926,874,1363,815,4.5987,356000,"NEAR BAY"
34,2199,529,1193,532,4.2972,405900,"NEAR BAY"
52,2063,320,774,309,7.2543,500001,"NEAR BAY"
52,1400,217,522,227,4.9861,500001,"NEAR BAY"
52,1945,293,708,275,6.1655,500001,"NEAR BAY"
52,3117,468,1114,421,6.6756,500001,"NEAR BAY"
52,1944,308,696,293,8.2664,500001,"NEAR BAY"
52,1327,190,467,189,12.5902,500001,"NEAR BAY"
52,1383,227,551,249,6.5829,500001,"NEAR BAY"
47,2600,490,1149,465,5.0203,476300,"NEAR BAY"
44,3558,839,1779,832,3.9243,404800,"NEAR BAY"
18,2060,563,1144,600,4.0686,378600,"NEAR BAY"
34,4448,610,2571,581,11.0492,500001,"NEAR OCEAN"
15,2577,360,979,364,10.476,500001,"NEAR BAY"
24,3924,1142,7174,950,4.0972,387500,"NEAR OCEAN"
29,473,103,359,87,7.0309,475000,"NEAR BAY"
21,1034,117,323,117,10.7237,500001,"NEAR OCEAN"
27,3385,427,1248,409,12.0372,500001,"NEAR BAY"
37,1446,181,549,190,10.7355,500001,"NEAR BAY"
34,1575,183,511,180,13.1867,500001,"NEAR BAY"
30,2139,260,742,242,11.806,500001,"NEAR BAY"
26,2859,343,951,336,10.4277,500001,"NEAR BAY"
32,1433,199,498,201,9.3586,500001,"NEAR BAY"
35,2063,266,676,252,8.5294,500001,"NEAR BAY"
37,1795,285,791,261,7.5794,500001,"NEAR BAY"
30,1502,186,501,180,10.0259,500001,"NEAR BAY"
23,11294,1377,3840,1367,12.1387,500001,"NEAR BAY"
23,3814,485,1344,464,12.9792,500001,"NEAR BAY"
7,189,26,84,29,13.8093,500001,"<1H OCEAN"
11,436,70,212,75,8.6196,500001,"<1H OCEAN"
21,349,64,149,56,5.8691,360000,"<1H OCEAN"
21,427,63,182,70,11.3283,500001,"<1H OCEAN"
37,3852,652,1534,567,5.8596,318700,"<1H OCEAN"
42,2533,433,957,398,5.3468,279900,"<1H OCEAN"
43,1529,311,570,250,5.2366,293300,"<1H OCEAN"
37,1150,203,511,179,5.7415,398500,"<1H OCEAN"
24,4420,996,2981,975,3.506,226400,"<1H OCEAN"
24,7521,1364,3970,1318,4.4004,255800,"<1H OCEAN"
18,7245,1029,2893,1049,6.9508,361200,"<1H OCEAN"
24,4337,670,1936,652,5.8904,271400,"<1H OCEAN"
21,6203,798,2494,800,7.7201,362700,"<1H OCEAN"
14,5636,697,2281,680,8.4262,459200,"<1H OCEAN"
6,9176,1201,3637,1138,8.3837,473400,"<1H OCEAN"
17,2825,365,1052,345,8.0595,485000,"<1H OCEAN"
26,1921,250,725,253,7.6933,405900,"<1H OCEAN"
23,2552,305,916,316,9.1974,500001,"<1H OCEAN"
18,1080,122,382,121,9.08,500001,"<1H OCEAN"
7,5389,903,2232,825,6.6659,500001,"<1H OCEAN"
45,1797,303,870,281,4.5417,434500,"<1H OCEAN"
15,5468,676,2221,675,8.3792,418300,"<1H OCEAN"
6,3694,574,1554,527,6.8333,348000,"<1H OCEAN"
14,2714,361,1259,375,7.7738,387500,"<1H OCEAN"
16,3574,466,1503,487,8.1988,355900,"<1H OCEAN"
20,7754,976,3094,941,8.19,361600,"<1H OCEAN"
14,7174,950,2782,899,8.3065,394200,"<1H OCEAN"
19,7357,963,3018,981,6.9473,361400,"<1H OCEAN"
16,3298,451,1542,423,6.7064,305600,"<1H OCEAN"
25,1730,226,721,243,7.5845,279300,"<1H OCEAN"
19,1852,268,866,272,5.6139,279500,"<1H OCEAN"
18,3561,560,1753,553,5.0292,269400,"<1H OCEAN"
17,4393,709,2292,692,5.6876,246500,"<1H OCEAN"
15,4713,769,2519,778,5.6958,253800,"<1H OCEAN"
16,1617,306,667,264,4.5221,191100,"<1H OCEAN"
16,3992,540,2097,555,6.7287,299300,"<1H OCEAN"
16,4274,715,2240,704,5.4218,233900,"<1H OCEAN"
25,5939,989,3275,954,5.6488,234600,"<1H OCEAN"
22,5507,841,2785,848,6.0889,245200,"<1H OCEAN"
18,3574,504,1803,536,6.7836,274100,"<1H OCEAN"
24,7991,1286,4017,1213,5.4741,238800,"<1H OCEAN"
17,6425,1268,3934,1238,5.1228,237600,"<1H OCEAN"
16,6958,1300,2965,1217,4.2885,262400,"<1H OCEAN"
17,3057,606,2030,602,5.2166,230900,"<1H OCEAN"
20,3244,520,1769,469,5.9214,224000,"<1H OCEAN"
17,3912,737,2693,746,5.0772,221500,"<1H OCEAN"
16,2030,321,1343,365,6.3566,279100,"<1H OCEAN"
22,2996,695,2169,607,4.3438,209700,"<1H OCEAN"
26,1394,238,990,315,4.8862,195000,"<1H OCEAN"
18,3631,947,2357,757,2.875,184400,"<1H OCEAN"
17,1957,261,863,269,7.3339,294200,"<1H OCEAN"
9,3624,812,1856,721,4.2083,198400,"<1H OCEAN"
17,2795,482,1904,506,5.0186,250800,"<1H OCEAN"
8,4454,1058,2595,1027,4.5615,282600,"<1H OCEAN"
16,2429,387,1293,363,5.5,253200,"<1H OCEAN"
14,2855,380,1420,383,6.6712,311500,"<1H OCEAN"
10,3030,574,1623,589,5.1356,218700,"<1H OCEAN"
11,2394,403,1393,409,5.5875,259300,"<1H OCEAN"
14,3379,683,1465,620,4.0547,236200,"<1H OCEAN"
16,1911,327,1158,332,5.9359,249500,"<1H OCEAN"
20,3398,771,1231,744,2.0288,350000,"<1H OCEAN"
12,2070,587,1216,532,4.1926,244500,"<1H OCEAN"
7,3609,751,1739,682,4.5033,213100,"<1H OCEAN"
16,2650,600,1969,586,3.9461,194300,"<1H OCEAN"
17,2332,637,1636,623,3.1932,123400,"<1H OCEAN"
17,1051,172,446,173,5.6652,234500,"<1H OCEAN"
16,2814,485,1305,465,5.5121,224100,"<1H OCEAN"
24,2383,343,1146,341,5.6223,265700,"<1H OCEAN"
16,1982,280,1030,297,6.4339,289200,"<1H OCEAN"
16,2312,303,1158,295,7.4323,311800,"<1H OCEAN"
16,1816,241,793,234,6.8194,291200,"<1H OCEAN"
5,1808,340,825,339,5.0509,184800,"<1H OCEAN"
15,3243,551,1752,551,5.5849,257400,"<1H OCEAN"
17,2363,473,1369,442,4.8355,141600,"<1H OCEAN"
4,2498,775,1213,631,3.7844,183900,"<1H OCEAN"
20,3773,624,1965,607,5.4939,241200,"<1H OCEAN"
23,2543,388,1297,385,5.9164,237400,"<1H OCEAN"
21,3250,610,1978,568,4.5,234400,"<1H OCEAN"
20,3671,567,1944,589,6.0538,241000,"<1H OCEAN"
24,3344,531,1768,541,5.8305,245600,"<1H OCEAN"
25,4021,634,2178,650,5.1663,241200,"<1H OCEAN"
5,1975,520,861,440,4.4565,159000,"<1H OCEAN"
25,4096,623,2128,618,6.2957,251800,"<1H OCEAN"
23,4487,584,2024,580,7.5218,291500,"<1H OCEAN"
25,2349,394,1266,383,4.9688,233100,"<1H OCEAN"
16,1674,281,850,254,5.3157,253300,"<1H OCEAN"
19,2635,427,1497,410,6.3178,248000,"<1H OCEAN"
24,2413,369,1237,381,6.4328,257200,"<1H OCEAN"
17,2319,324,1076,338,6.4664,278300,"<1H OCEAN"
17,2123,341,1067,339,6.0062,262700,"<1H OCEAN"
18,2127,387,1547,402,5.0958,217100,"<1H OCEAN"
18,1747,317,1055,285,5.898,229100,"<1H OCEAN"
16,2240,300,1221,305,6.0198,289600,"<1H OCEAN"
17,2281,359,1226,394,5.4193,259500,"<1H OCEAN"
18,3179,526,1663,507,5.9225,265800,"<1H OCEAN"
18,2581,358,1284,377,6.7385,272400,"<1H OCEAN"
10,3301,593,2190,575,6.223,260700,"<1H OCEAN"
16,1868,285,995,284,5.9053,260500,"<1H OCEAN"
17,250,52,141,51,4.6458,500001,"<1H OCEAN"
12,10236,1878,5674,1816,4.747,261100,"<1H OCEAN"
15,531,154,469,155,4.65,385700,"<1H OCEAN"
11,1290,197,881,191,4.2039,500001,"<1H OCEAN"
21,1062,179,631,185,4.7386,394100,"<1H OCEAN"
19,3754,588,1692,550,6.7644,412600,"<1H OCEAN"
16,5498,729,2051,694,7.8601,416300,"<1H OCEAN"
14,9483,1361,4108,1281,7.5,344500,"<1H OCEAN"
13,4780,798,2795,764,6.1684,288100,"<1H OCEAN"
14,5487,1024,2823,979,4.175,229800,"<1H OCEAN"
17,1830,398,1110,388,2.4821,248200,"<1H OCEAN"
12,4077,590,1618,540,5.2951,386200,"<1H OCEAN"
20,4477,924,2656,871,3.8788,226900,"<1H OCEAN"
14,4721,999,2648,888,3.6895,239300,"<1H OCEAN"
19,3785,611,2198,610,5.1514,436700,"<1H OCEAN"
14,6006,914,2915,898,5.9356,321700,"<1H OCEAN"
14,5034,797,2124,790,4.9028,335000,"<1H OCEAN"
19,3269,483,1383,452,5.6205,300800,"<1H OCEAN"
17,6725,1051,3439,1027,6.4313,393100,"<1H OCEAN"
21,5322,908,3011,895,5.5936,386800,"<1H OCEAN"
24,1511,318,1052,292,3.625,350000,"<1H OCEAN"
37,1593,303,1030,287,3.9306,260700,"<1H OCEAN"
44,3192,565,1439,568,4.3693,234000,"INLAND"
18,7241,1225,4168,1138,4.5714,260300,"INLAND"
14,5231,817,2634,799,4.9702,279800,"INLAND"
15,2873,547,1582,567,5.1519,264700,"INLAND"
16,865,123,403,130,5.7396,308700,"INLAND"
16,6637,1171,3575,1162,4.3227,251500,"INLAND"
5,6529,1010,3071,977,5.6754,298500,"<1H OCEAN"
16,3120,685,2383,681,3.5551,198600,"INLAND"
27,2303,471,1447,467,3.2019,203600,"INLAND"
14,6355,1279,3704,1224,4.4233,228600,"INLAND"
17,2889,624,2681,608,2.9417,178000,"INLAND"
44,1448,393,1066,357,2.0625,170300,"INLAND"
20,3976,953,3866,950,2.5387,160100,"INLAND"
27,2361,449,1782,397,3.2614,305000,"INLAND"
19,2372,394,1142,365,4.0238,374600,"INLAND"
34,440,90,217,93,5.2327,500001,"<1H OCEAN"
39,759,141,252,106,3.6964,262500,"INLAND"
52,220,32,55,26,15.0001,131300,"<1H OCEAN"
25,474,92,300,104,3.8062,340900,"INLAND"
10,212,38,78,21,6.0622,390000,"<1H OCEAN"
26,50,5,17,4,15.0001,4e+05,"<1H OCEAN"
37,74,19,63,17,9.5908,350000,"<1H OCEAN"
16,32,4,36,5,2.625,137500,"NEAR OCEAN"
29,227,45,112,41,6.4469,271400,"NEAR OCEAN"
28,1321,240,652,239,4.9808,263100,"NEAR OCEAN"
29,3119,507,1476,487,5.8123,281500,"NEAR OCEAN"
40,1104,224,669,215,4.3409,256300,"NEAR OCEAN"
43,1636,324,792,325,3.5562,239200,"NEAR OCEAN"
41,2548,508,1290,488,3.6902,233000,"NEAR OCEAN"
47,1250,249,607,234,4.0417,265300,"NEAR OCEAN"
30,2156,487,1023,458,2.7875,245000,"NEAR OCEAN"
21,1484,394,984,380,2.1734,187500,"NEAR OCEAN"
44,1153,238,657,219,3.2368,212500,"NEAR OCEAN"
35,2155,355,866,335,5.6188,404700,"NEAR OCEAN"
33,797,125,385,133,6.7974,367600,"NEAR OCEAN"
30,2695,424,1098,420,5.3972,362300,"NEAR OCEAN"
14,1547,374,4731,348,2.4732,131300,"NEAR OCEAN"
20,2428,473,1145,454,3.6797,263800,"NEAR OCEAN"
16,3363,611,1603,556,4.2542,294100,"NEAR OCEAN"
15,3385,669,1571,615,4.2254,320900,"NEAR OCEAN"
51,1076,206,495,201,2.9286,258300,"NEAR OCEAN"
45,1302,245,621,258,5.1806,266400,"NEAR OCEAN"
52,1901,335,955,301,3.8259,253100,"NEAR OCEAN"
49,792,136,331,137,5.2128,238600,"NEAR OCEAN"
44,1294,269,645,259,3.2437,223900,"NEAR OCEAN"
37,2817,716,1341,662,2.1553,255400,"NEAR OCEAN"
47,2403,517,1144,455,2.5954,229400,"NEAR OCEAN"
35,1053,263,552,237,2.7125,217500,"NEAR OCEAN"
21,607,155,226,136,1.9063,166700,"NEAR OCEAN"
29,2568,747,1743,659,1.9286,195300,"NEAR OCEAN"
43,2162,509,1208,464,2.5417,260900,"NEAR OCEAN"
52,920,202,525,264,2.9444,232800,"NEAR OCEAN"
35,1605,392,743,382,2.5368,240000,"NEAR OCEAN"
20,2502,454,981,399,4.3,275000,"NEAR OCEAN"
27,2820,730,1511,745,2.589,242400,"NEAR OCEAN"
30,1029,242,753,249,3.1205,240500,"NEAR OCEAN"
51,1616,374,608,302,3.1932,4e+05,"NEAR OCEAN"
52,1217,325,508,237,2.0547,326700,"NEAR OCEAN"
51,924,232,488,228,2.1964,234400,"NEAR OCEAN"
36,337,69,223,68,3.2404,225000,"NEAR OCEAN"
52,403,72,200,73,1.6923,262500,"NEAR OCEAN"
40,1193,227,570,204,4.4659,237500,"NEAR OCEAN"
18,2677,785,1391,656,2.5067,232600,"NEAR OCEAN"
44,594,169,325,139,1.1552,250000,"NEAR OCEAN"
39,2124,661,1365,606,1.6642,281300,"NEAR OCEAN"
52,775,305,1054,305,2.0172,112500,"NEAR OCEAN"
40,584,126,316,139,3.5938,243500,"NEAR OCEAN"
28,1607,421,926,385,2.425,216100,"NEAR OCEAN"
32,1438,306,802,293,4.1964,202000,"NEAR OCEAN"
42,538,107,200,104,2.1667,196400,"NEAR OCEAN"
42,1149,264,703,232,2.5865,206400,"NEAR OCEAN"
32,2182,406,1122,370,3.52,284200,"NEAR OCEAN"
36,1862,364,1080,364,4.4567,263800,"NEAR OCEAN"
19,691,191,324,167,3.1312,388500,"NEAR OCEAN"
30,971,185,644,173,4.2045,226500,"NEAR OCEAN"
52,65,17,24,10,4.5,258300,"NEAR OCEAN"
18,2232,440,1091,458,3.8269,276000,"NEAR OCEAN"
27,1987,374,961,343,3.9667,265800,"NEAR OCEAN"
52,3365,644,796,333,2.9712,116600,"NEAR OCEAN"
32,1461,422,1494,416,2.8056,173200,"<1H OCEAN"
29,1210,281,863,262,3.1062,156000,"<1H OCEAN"
17,2648,589,1193,540,2.4461,151700,"<1H OCEAN"
14,3355,695,1350,697,2.6506,164600,"<1H OCEAN"
24,4026,881,2264,863,3.1327,218100,"<1H OCEAN"
48,1801,353,1071,361,3.6,194500,"<1H OCEAN"
46,1362,321,1068,305,2.4615,177800,"<1H OCEAN"
36,2096,409,1454,394,3.2216,238300,"<1H OCEAN"
46,947,257,1120,264,3.4125,160700,"<1H OCEAN"
52,1211,447,1102,392,1.6875,161400,"<1H OCEAN"
23,1276,437,1359,376,1.9609,155000,"<1H OCEAN"
42,1368,468,2312,484,2.5599,151400,"<1H OCEAN"
8,2715,750,2580,718,2.8348,162000,"<1H OCEAN"
44,919,309,1321,301,2.0775,121400,"<1H OCEAN"
20,2587,547,1534,540,2.4375,190400,"<1H OCEAN"
24,1943,447,1844,461,3.0192,184300,"<1H OCEAN"
33,1406,317,1075,301,3.2813,190000,"<1H OCEAN"
20,2687,637,2154,610,2.6434,169700,"<1H OCEAN"
9,4934,1112,3198,977,3.5,194800,"<1H OCEAN"
19,2512,509,1856,537,3.1815,189100,"<1H OCEAN"
19,1515,253,975,266,4.3906,241200,"<1H OCEAN"
21,2794,662,2236,565,2.4053,178400,"<1H OCEAN"
18,1063,341,1033,313,2.0192,171300,"<1H OCEAN"
34,2152,430,1516,386,3.7863,192200,"<1H OCEAN"
29,2377,476,1669,499,2.8214,190100,"<1H OCEAN"
20,1201,282,601,234,2.5556,177500,"NEAR OCEAN"
18,2420,439,1278,416,5.2101,334000,"NEAR OCEAN"
18,3337,549,1449,519,5.1412,315800,"NEAR OCEAN"
27,991,194,543,155,4.7188,350000,"NEAR OCEAN"
26,1127,199,543,199,4.9792,240000,"NEAR OCEAN"
46,695,136,408,148,3.9408,222600,"NEAR OCEAN"
32,2637,489,1031,410,3.6474,231600,"NEAR OCEAN"
36,1397,289,661,243,4.125,239600,"NEAR OCEAN"
33,3581,734,1780,663,4.3429,214300,"NEAR OCEAN"
35,1541,297,791,277,4.425,204800,"NEAR OCEAN"
35,6422,1380,2755,1064,5.0165,202300,"NEAR OCEAN"
51,2419,485,1078,435,2.7933,206900,"NEAR OCEAN"
17,1457,289,591,235,5.5785,284100,"NEAR OCEAN"
32,1602,317,752,275,5.1664,185100,"NEAR OCEAN"
18,808,136,420,145,7.1831,273300,"NEAR OCEAN"
23,506,96,264,89,7.1366,273900,"NEAR OCEAN"
46,1993,404,850,327,5.208,206800,"NEAR OCEAN"
29,3201,640,1722,570,4.4597,204100,"NEAR OCEAN"
39,2854,613,1338,518,3.9423,180300,"NEAR OCEAN"
15,1969,332,822,324,7.8774,394900,"<1H OCEAN"
17,4413,672,1674,608,6.9772,383300,"<1H OCEAN"
30,1427,311,686,251,4.0781,154500,"NEAR OCEAN"
36,2066,401,942,344,5.2417,196400,"NEAR OCEAN"
39,1065,248,497,208,4.5972,146300,"NEAR OCEAN"
21,5639,894,2670,871,6.0809,270000,"NEAR OCEAN"
41,2422,502,915,366,4.1679,201300,"NEAR OCEAN"
31,1634,370,939,332,3.8625,232300,"NEAR OCEAN"
34,2800,577,1353,512,4.1161,220900,"NEAR OCEAN"
36,4682,899,2143,832,4.5096,203700,"NEAR OCEAN"
17,4977,994,1987,947,3.8854,312300,"NEAR OCEAN"
21,4650,733,2014,704,5.6233,322000,"NEAR OCEAN"
20,1005,138,345,129,10.0968,500001,"NEAR OCEAN"
30,2077,342,816,328,5.2078,440500,"NEAR OCEAN"
20,467,95,229,86,4.8,261500,"NEAR OCEAN"
35,1818,368,682,254,4.8611,240000,"NEAR OCEAN"
12,2010,422,784,407,3.9728,190900,"NEAR OCEAN"
19,4113,767,2006,732,5.1121,308100,"NEAR OCEAN"
17,4154,739,2149,693,5.5919,373400,"NEAR OCEAN"
21,2387,357,913,341,7.736,397700,"<1H OCEAN"
20,922,155,361,135,6.3617,331500,"<1H OCEAN"
20,1918,304,798,302,7.5755,402300,"<1H OCEAN"
23,1708,287,670,238,6.4517,356600,"<1H OCEAN"
36,1522,230,677,206,5.8642,363500,"<1H OCEAN"
17,1343,203,511,185,4.625,386400,"NEAR OCEAN"
14,679,108,306,113,6.4214,340600,"<1H OCEAN"
16,1321,224,650,206,6.3258,390000,"NEAR OCEAN"
19,2023,392,955,328,5.2486,353000,"NEAR OCEAN"
20,2403,376,1149,369,6.0621,304400,"NEAR OCEAN"
21,5904,956,2616,916,5.9039,355300,"NEAR OCEAN"
21,2073,357,1044,351,4.5682,371600,"NEAR OCEAN"
14,6787,1454,3416,1357,3.5943,262400,"NEAR OCEAN"
25,990,166,522,185,4.8269,272900,"NEAR OCEAN"
29,2681,632,1652,620,3.075,215800,"NEAR OCEAN"
16,1592,369,1039,351,3.6364,207000,"NEAR OCEAN"
25,2113,422,1365,439,4.6484,234600,"NEAR OCEAN"
19,5613,1321,3018,1268,3.1914,215600,"NEAR OCEAN"
21,3349,737,1952,718,3.7273,251900,"NEAR OCEAN"
20,3495,818,2186,772,3.1167,258300,"NEAR OCEAN"
15,3044,786,1306,693,2.1771,213200,"NEAR OCEAN"
39,2702,646,1136,491,2.8941,256700,"NEAR OCEAN"
42,1275,272,451,200,4.7321,422400,"NEAR OCEAN"
16,875,201,300,157,2.625,377300,"NEAR OCEAN"
37,2846,553,939,433,4.7468,294400,"NEAR OCEAN"
24,3665,870,1954,833,2.8036,228500,"NEAR OCEAN"
27,4001,999,1808,945,2.561,234600,"NEAR OCEAN"
31,3209,723,1489,692,3.6619,245100,"NEAR OCEAN"
16,4907,1117,2265,1048,2.6757,229200,"NEAR OCEAN"
17,2813,497,1337,477,3.7083,252400,"NEAR OCEAN"
15,2849,668,1546,582,2.7587,228600,"NEAR OCEAN"
23,4324,1034,1844,875,3.0777,263800,"NEAR OCEAN"
24,3010,562,1360,504,4.2006,290700,"NEAR OCEAN"
21,3520,831,1486,753,3.0905,264300,"NEAR OCEAN"
34,3745,958,1622,802,3.1546,261200,"NEAR OCEAN"
31,1738,422,746,355,2.5172,330800,"NEAR OCEAN"
19,6356,1100,2954,1070,4.7325,283500,"NEAR OCEAN"
32,2210,426,1082,396,4.1587,315200,"NEAR OCEAN"
20,3847,727,1725,737,3.3447,305200,"NEAR OCEAN"
23,3209,748,1423,666,2.7375,238000,"NEAR OCEAN"
11,4571,924,2004,847,4.2898,221700,"NEAR OCEAN"
16,8638,1392,3706,1251,5.503,351800,"<1H OCEAN"
23,5675,964,2197,880,4.8693,322300,"NEAR OCEAN"
16,1957,408,865,369,2.6875,233300,"NEAR OCEAN"
21,4117,752,2001,763,4.8953,289500,"NEAR OCEAN"
19,4920,1092,1807,922,3.5112,231900,"NEAR OCEAN"
29,3457,699,1327,563,3.6597,252300,"NEAR OCEAN"
18,4910,817,1971,773,5.8325,308800,"NEAR OCEAN"
21,3707,751,1420,608,4.4485,295200,"NEAR OCEAN"
18,6355,1100,2304,972,6.0281,321100,"NEAR OCEAN"
22,7281,1233,1849,832,5.3276,335500,"NEAR OCEAN"
7,3703,679,1375,608,4.9219,368400,"NEAR OCEAN"
29,4921,967,2319,823,4.9517,307900,"NEAR OCEAN"
18,2774,492,1283,353,5.368,352000,"NEAR OCEAN"
22,2442,624,1301,290,3.1563,3e+05,"NEAR OCEAN"
17,1573,272,142,55,2.1719,420000,"NEAR OCEAN"
28,2715,451,1154,386,4.8021,290400,"<1H OCEAN"
19,4431,705,1764,679,4.3321,298600,"<1H OCEAN"
16,2599,430,1417,445,4.6611,349300,"<1H OCEAN"
22,1903,350,760,322,2.9559,288400,"<1H OCEAN"
21,1416,269,779,200,3.1987,279800,"<1H OCEAN"
18,943,213,544,179,3.934,228600,"<1H OCEAN"
23,1229,254,687,232,5.1433,305600,"<1H OCEAN"
19,3461,634,2790,607,4.7569,190800,"<1H OCEAN"
27,1580,303,1066,306,4.7071,202700,"<1H OCEAN"
20,4228,816,2389,844,3.525,229100,"<1H OCEAN"
29,2931,535,1954,506,3.2917,224700,"<1H OCEAN"
22,569,132,542,125,2.1875,187500,"<1H OCEAN"
26,1279,438,1276,420,1.2404,81300,"INLAND"
44,1625,392,944,347,1.5972,68900,"INLAND"
25,2054,495,835,475,2.1538,76900,"INLAND"
34,1262,267,520,259,1.6983,72600,"INLAND"
36,1808,384,807,383,1.8375,74800,"INLAND"
17,1220,275,800,261,1.9181,118800,"INLAND"
7,4843,992,2223,932,3.0549,101700,"INLAND"
22,589,97,338,107,3.2639,87500,"INLAND"
24,1610,307,748,307,2.6591,82800,"INLAND"
43,2251,542,1479,512,1.5676,58200,"INLAND"
23,2281,408,1164,420,3.5347,101200,"INLAND"
36,1216,240,647,228,2.6944,75300,"INLAND"
28,2213,390,1096,378,3.6923,86900,"INLAND"
40,3895,929,1782,910,1.3329,78200,"INLAND"
35,2072,385,1029,375,2.8512,75600,"INLAND"
43,1455,300,747,279,2.7857,104200,"INLAND"
38,855,172,468,150,1.4091,84400,"INLAND"
24,5045,972,2220,979,2.6792,138900,"INLAND"
17,785,155,417,136,2.3289,58200,"INLAND"
17,1712,307,963,329,3.9375,148700,"INLAND"
10,7949,1309,3176,1163,4.1099,120100,"INLAND"
23,1321,259,749,222,1.655,90100,"INLAND"
9,4794,889,2162,865,3.1439,103100,"INLAND"
5,2614,433,1275,411,3.4464,122900,"INLAND"
22,2195,489,1021,460,1.4125,66500,"INLAND"
14,4773,1133,2101,1072,1.7227,105000,"INLAND"
7,5178,1336,2557,1283,2.4079,111400,"INLAND"
13,3604,704,1598,670,2.4141,78700,"INLAND"
11,3896,886,1902,843,2.2905,94200,"INLAND"
10,2183,369,1061,325,3.6853,151600,"INLAND"
5,6383,1206,2965,1141,3.8103,111100,"INLAND"
2,1937,350,756,274,3,114200,"INLAND"
19,1043,204,505,183,1.6033,98800,"INLAND"
20,3592,868,1865,781,2.0258,64800,"INLAND"
26,1435,234,544,232,2.6705,136700,"INLAND"
21,2500,466,1428,502,2.6513,113300,"INLAND"
13,2085,322,1077,333,5.2149,146500,"INLAND"
19,3753,761,1952,738,3.0954,86500,"INLAND"
28,1127,245,538,208,2.037,72000,"INLAND"
28,1427,304,692,285,2.125,80800,"INLAND"
24,2068,346,951,332,3.9306,85900,"INLAND"
20,1750,352,834,340,2.485,100600,"INLAND"
18,4547,774,2269,766,3.7896,98100,"INLAND"
16,2801,614,1695,563,1.9,81600,"INLAND"
12,3900,863,2145,864,1.9881,85200,"INLAND"
17,2280,453,976,434,2.71,97800,"INLAND"
31,431,90,231,78,2.184,77300,"INLAND"
18,2226,490,859,451,1.6821,69400,"INLAND"
26,2187,472,1339,463,2.0395,67900,"INLAND"
16,2777,503,1432,500,2.5592,75900,"INLAND"
15,2524,449,1374,467,3.3816,93800,"INLAND"
11,13714,2302,6511,2267,3.5522,100100,"INLAND"
16,2247,502,1206,463,1.9946,119200,"INLAND"
23,2801,507,1318,454,3.5081,116700,"INLAND"
18,4026,718,1731,705,3.35,118400,"INLAND"
21,2405,476,1197,412,2.6488,83100,"INLAND"
22,2390,484,1131,452,2.1458,84700,"INLAND"
15,2532,458,1183,450,2.5417,92200,"INLAND"
23,2248,489,1132,444,1.6429,80400,"INLAND"
21,1774,370,875,354,1.7422,61500,"INLAND"
32,3611,772,2060,759,1.7427,60600,"INLAND"
36,1822,449,930,399,1.3801,56600,"INLAND"
28,1745,379,1011,370,2.0391,59800,"INLAND"
10,2281,444,1274,438,2.212,65600,"INLAND"
17,2786,559,1528,517,2.0119,75800,"INLAND"
11,3664,647,1686,613,2.9338,141600,"INLAND"
16,2753,494,1414,459,3.8323,128300,"INLAND"
16,1141,220,563,200,2.3287,130700,"INLAND"
15,2771,546,1423,505,3.6413,108500,"INLAND"
18,2879,578,1399,586,2.4036,105400,"INLAND"
18,1411,330,494,227,1.4911,75800,"INLAND"
17,2255,416,1171,411,2.875,129800,"INLAND"
14,2539,466,1271,438,3.9762,138500,"INLAND"
18,1633,243,750,252,5.1585,150800,"INLAND"
23,2216,378,1006,338,4.559,116800,"INLAND"
10,1187,236,728,248,2.0469,66800,"INLAND"
25,2596,557,1536,549,2.0221,60400,"INLAND"
30,1270,365,840,324,1.3904,48100,"INLAND"
21,2842,640,1658,608,1.9943,59800,"INLAND"
20,2858,612,1422,589,1.9657,63000,"INLAND"
26,2723,551,1326,547,2.3594,66000,"INLAND"
32,1286,271,694,236,1.6579,68500,"INLAND"
14,2633,530,1324,513,2.2768,78600,"INLAND"
27,1804,321,782,300,3.5978,80600,"INLAND"
17,1429,265,692,245,2.8611,98700,"INLAND"
18,2102,377,1059,384,3.0556,95500,"INLAND"
26,1833,422,939,408,1.3571,59000,"INLAND"
17,1682,332,887,316,1.8438,76400,"INLAND"
26,695,126,319,124,3.2788,101600,"INLAND"
30,2502,523,1296,481,2.125,66100,"INLAND"
21,2333,514,1308,509,2.0899,74800,"INLAND"
18,1748,337,921,327,3.3315,85400,"INLAND"
16,3552,704,1801,658,2.1496,97700,"INLAND"
16,2734,501,1413,484,2.8085,105700,"INLAND"
12,3783,702,1970,639,3.3005,98500,"INLAND"
17,3019,578,1538,545,2.793,76500,"INLAND"
20,1182,250,512,210,1.7935,74500,"INLAND"
27,1540,315,883,321,2.8036,93400,"INLAND"
13,3013,486,1361,515,4.5357,171200,"INLAND"
22,2153,461,903,314,2.125,123200,"INLAND"
33,2149,498,631,273,1.8816,65800,"INLAND"
18,754,161,247,107,2.2583,78800,"INLAND"
20,2701,573,892,358,2.7736,107800,"INLAND"
14,2721,627,1356,468,3.0299,73200,"INLAND"
26,1183,276,513,206,2.225,52000,"INLAND"
17,2816,639,1027,406,2.503,65600,"INLAND"
14,821,170,477,129,3.15,87500,"INLAND"
14,3099,519,1447,494,4.0132,141200,"INLAND"
17,3057,577,1497,556,3.5189,101000,"INLAND"
13,4581,881,1799,734,2.2993,99500,"INLAND"
8,2411,463,786,297,2.1513,80400,"INLAND"
14,2413,524,805,329,2.7857,77400,"INLAND"
24,2237,434,834,318,1.7538,90300,"INLAND"
31,1581,299,776,287,2.9063,77800,"INLAND"
15,2909,549,1537,522,3.0179,61300,"INLAND"
17,2548,537,1118,461,2.267,57800,"INLAND"
23,1922,411,872,350,2.2337,64500,"INLAND"
16,2668,516,915,362,2.3393,90300,"INLAND"
22,2737,512,1168,442,2.83,88700,"INLAND"
33,2029,378,936,343,2.67,77500,"INLAND"
32,1404,247,544,201,2.7778,72900,"INLAND"
14,1781,346,734,287,2.46,93000,"INLAND"
32,1516,289,304,131,1.8839,71000,"INLAND"
40,690,129,305,110,2.3625,62500,"INLAND"
17,1791,356,432,190,3.8826,92400,"INLAND"
52,296,63,143,56,3.625,68600,"INLAND"
48,1276,292,358,145,1.875,66600,"INLAND"
26,2286,444,498,216,2.065,96100,"INLAND"
40,3272,663,1467,553,1.7885,43500,"INLAND"
28,4225,835,1908,686,1.74,44000,"INLAND"
19,3599,695,1572,601,2.234,58600,"INLAND"
21,2400,485,1109,443,1.7639,55400,"INLAND"
17,1885,350,953,328,2.1607,61400,"INLAND"
18,1867,424,802,314,1.8242,53500,"INLAND"
25,2344,532,1117,424,2.7222,64600,"INLAND"
25,1941,477,1000,390,2.2976,54400,"INLAND"
23,1654,369,669,273,1.965,65400,"INLAND"
23,4017,792,1634,619,2.3571,62000,"INLAND"
21,2010,360,947,306,2.4107,70100,"INLAND"
15,4206,922,1863,869,2.0591,55700,"INLAND"
33,2644,459,1113,483,3.3095,81300,"INLAND"
36,3319,664,1492,631,1.8694,71200,"INLAND"
50,1525,308,661,285,2.2206,63200,"INLAND"
15,3643,801,1784,743,1.8533,57500,"INLAND"
19,2200,414,950,367,2.5357,94200,"INLAND"
19,2722,479,1108,430,3.1062,1e+05,"INLAND"
29,1729,355,848,328,2.2024,60900,"INLAND"
20,4288,789,1800,660,2.723,79600,"INLAND"
31,1277,263,600,241,1.7292,61700,"INLAND"
34,2773,679,1066,424,1.6757,63300,"INLAND"
14,4453,797,1817,685,2.7468,81100,"INLAND"
19,3689,644,1544,566,3.125,76100,"INLAND"
45,2245,448,1155,421,1.6509,46200,"INLAND"
28,1729,419,929,370,1.27,53100,"INLAND"
23,910,199,370,169,1.7448,80100,"INLAND"
45,1393,294,521,249,1.1915,71900,"INLAND"
13,2300,513,1151,488,2.1571,81500,"INLAND"
29,4059,787,1700,702,2.4526,97100,"INLAND"
15,5266,1031,2147,885,2.8036,110100,"INLAND"
15,2740,503,1188,445,3.4519,128800,"INLAND"
26,178,40,55,25,2.0375,57500,"INLAND"
40,1958,386,725,331,2.1898,65500,"INLAND"
52,4513,985,1926,815,1.5923,56000,"INLAND"
31,602,153,112,47,1.0667,34200,"INLAND"
52,4019,824,1728,706,2.2462,62900,"INLAND"
15,14125,2344,6456,2147,5.1014,179500,"NEAR BAY"
5,7854,1446,4361,1395,4.9504,214800,"NEAR BAY"
31,2766,604,1441,552,3.1768,131000,"NEAR BAY"
35,2122,400,1189,408,3.0962,124600,"NEAR BAY"
36,3018,557,1445,556,3.8029,129900,"NEAR BAY"
43,1939,353,968,392,3.1848,112700,"NEAR BAY"
38,931,181,566,207,3.0221,93300,"NEAR BAY"
40,2549,478,1275,494,2.9469,111600,"NEAR BAY"
44,2256,451,1057,426,3.1204,110800,"NEAR BAY"
44,3013,563,1353,512,3.4559,111900,"NEAR BAY"
47,2161,440,966,360,2.2734,88700,"NEAR BAY"
37,4368,779,2083,741,3.8667,127000,"NEAR BAY"
18,6860,1079,3205,1058,5.2957,171900,"NEAR BAY"
37,4590,857,2920,832,3.436,94800,"NEAR BAY"
4,15654,2394,7025,2168,5.8171,225200,"NEAR BAY"
48,833,188,652,165,2.2417,87900,"NEAR BAY"
26,4397,997,2539,965,2.4875,90000,"NEAR BAY"
13,5451,1194,2957,1081,2.6098,162500,"NEAR BAY"
24,1213,395,699,386,1.3007,94600,"NEAR BAY"
30,3317,1058,1794,990,1.1835,133300,"NEAR BAY"
52,248,86,173,69,2.3,109400,"NEAR BAY"
52,1780,373,824,317,2.75,109900,"NEAR BAY"
52,2315,556,1113,486,2.5042,147900,"NEAR BAY"
52,1591,372,817,357,2.1411,97200,"NEAR BAY"
46,4143,895,2240,847,2.4201,92800,"NEAR BAY"
49,1851,356,849,307,2.9432,103500,"NEAR BAY"
52,2050,492,1277,463,3.0507,107300,"NEAR BAY"
42,1743,388,889,341,2.3241,99200,"NEAR BAY"
47,1303,278,694,269,2.5969,92800,"NEAR BAY"
49,2715,435,1006,429,4.2308,145800,"NEAR BAY"
47,3007,524,1152,486,4,141500,"NEAR BAY"
52,2111,310,772,323,4.775,148200,"NEAR BAY"
29,5154,1084,2459,1019,3.2664,142900,"NEAR BAY"
37,3223,564,1325,539,4.0938,126900,"NEAR BAY"
39,2967,500,1243,523,4.2902,152400,"NEAR BAY"
42,1625,255,578,243,4.0114,166900,"NEAR BAY"
47,1339,298,794,286,2.5865,109800,"NEAR BAY"
49,2365,504,1131,458,2.6133,103100,"NEAR BAY"
52,2846,705,1519,620,2.1976,97900,"NEAR BAY"
52,793,216,505,194,1.9667,93800,"NEAR BAY"
52,1560,353,670,287,1.7411,98400,"NEAR BAY"
52,2573,639,1238,529,2.6708,109700,"NEAR BAY"
28,3102,734,1623,639,3.1025,103700,"NEAR BAY"
45,4423,1001,2109,874,2.6937,111800,"NEAR BAY"
42,5266,1167,3124,1025,2.7375,120000,"NEAR BAY"
26,3699,671,2388,699,4.0515,121900,"NEAR BAY"
34,963,159,392,176,4.0156,134700,"NEAR BAY"
16,3921,727,2830,680,4.5053,123700,"NEAR BAY"
12,5382,928,3928,921,5.3785,150600,"NEAR BAY"
28,3072,790,1375,705,1.6368,91200,"NEAR BAY"
15,8479,1759,5008,1646,3.724,131600,"NEAR BAY"
10,6817,1188,4163,1135,4.4529,144100,"NEAR BAY"
24,2917,543,1878,531,3.7014,123600,"NEAR BAY"
33,1253,238,753,236,1.756,86400,"NEAR BAY"
36,1412,260,792,268,2.3056,90400,"NEAR BAY"
14,2804,587,1083,573,2.6466,168500,"NEAR BAY"
52,1888,457,830,408,3.1373,185100,"NEAR BAY"
34,2434,428,926,423,4.6776,208300,"NEAR BAY"
20,3000,525,1207,491,4.6406,217500,"NEAR BAY"
10,4976,849,2089,803,5.3288,201800,"NEAR BAY"
15,2125,278,857,272,6.4599,219700,"NEAR BAY"
14,6360,1236,2876,1127,4.5321,190300,"NEAR BAY"
16,3515,626,1764,626,4.4397,187100,"NEAR BAY"
10,3008,532,1381,522,5.3661,195800,"NEAR BAY"
7,18392,2782,8276,2742,6.4232,229200,"NEAR BAY"
5,9567,1729,4620,1580,4.4821,210000,"NEAR BAY"
8,614,118,278,115,6.3735,166300,"NEAR BAY"
27,3794,772,1756,724,3.2891,150600,"NEAR BAY"
31,3401,616,1750,602,4.6761,143100,"NEAR BAY"
11,673,145,318,137,2.3929,122500,"NEAR BAY"
40,1538,255,669,263,3.3281,170200,"NEAR BAY"
17,1625,239,703,224,6.5891,328800,"NEAR BAY"
18,1953,265,658,270,8.0113,393000,"NEAR BAY"
21,2475,341,812,308,7.2589,320400,"NEAR BAY"
4,3273,495,1497,454,5.3345,176100,"NEAR BAY"
7,4093,651,2228,646,5.2523,161300,"NEAR BAY"
15,1173,146,450,154,6.0487,197700,"INLAND"
13,7367,1042,3193,983,5.3102,195000,"NEAR BAY"
14,6920,996,3196,978,5.0672,171300,"INLAND"
8,6761,1234,3237,1177,4.3586,173400,"INLAND"
2,6718,858,2012,654,6.8872,305200,"INLAND"
12,3861,795,2129,806,3.676,135000,"INLAND"
25,3304,493,1464,488,5.2527,130600,"INLAND"
15,5114,833,2418,778,4.4882,144000,"INLAND"
5,1569,199,713,209,6.6779,223900,"INLAND"
3,7030,1191,3238,1055,4.962,161700,"INLAND"
4,8778,1291,4010,1188,5.4399,187100,"INLAND"
36,263,73,88,42,2.5313,162500,"INLAND"
32,1070,199,631,195,2.6827,98900,"INLAND"
37,1336,251,680,231,3.815,99000,"INLAND"
36,1818,323,953,298,3.3153,99000,"INLAND"
34,1562,289,898,307,3.3598,107200,"INLAND"
36,1248,221,672,222,3.3839,105900,"INLAND"
15,7937,1635,4390,1567,3.5464,129800,"INLAND"
38,1214,244,632,254,2.8438,94200,"INLAND"
39,199,36,101,38,6.2299,105400,"INLAND"
34,3082,702,1795,703,2.7885,105900,"INLAND"
37,1176,291,648,271,2.7167,92200,"INLAND"
32,1203,287,571,255,3.0938,110400,"INLAND"
52,582,131,241,106,2.4,125000,"INLAND"
21,7195,1416,3927,1377,3.0912,126300,"INLAND"
16,8517,1910,4508,1837,3.1853,129600,"INLAND"
24,3580,735,1959,731,2.7284,118500,"INLAND"
25,4617,1046,2685,1011,2.9576,108500,"INLAND"
27,3440,787,2085,748,2.5896,104700,"INLAND"
35,1940,384,1177,403,3.1389,101100,"INLAND"
20,2237,464,1169,425,3.2115,99100,"INLAND"
20,3899,763,2198,779,3.2061,120400,"INLAND"
17,9089,1542,4758,1520,4.0619,126600,"INLAND"
8,2894,602,1566,572,3.6335,131600,"INLAND"
1,2062,343,872,268,5.2636,191300,"INLAND"
16,1104,164,495,156,5.4074,157700,"INLAND"
22,2761,757,2612,641,1.6875,87500,"INLAND"
30,2081,456,1005,438,1.9954,92900,"INLAND"
13,3334,541,1923,538,4.0905,134800,"INLAND"
11,6550,1149,3570,1123,3.8583,137900,"INLAND"
16,1081,181,792,184,4.6779,131300,"INLAND"
10,2237,454,1255,429,3.1176,126500,"INLAND"
7,11768,1893,6657,1874,4.9222,142900,"INLAND"
4,2487,440,1545,452,4.9103,140400,"INLAND"
12,4132,710,2087,633,4.5987,139700,"INLAND"
16,4138,758,1762,723,3.1979,137500,"INLAND"
18,921,126,368,120,6.0842,261100,"INLAND"
35,10869,2226,9879,2152,2.5681,81300,"INLAND"
17,7973,1591,2899,1502,2.8357,120100,"INLAND"
14,1156,216,574,227,3.2396,143800,"INLAND"
25,182,48,71,52,1.0208,78600,"INLAND"
2,4953,735,1791,562,5.0346,205100,"INLAND"
17,1824,348,934,305,4.6719,250000,"INLAND"
12,2344,354,1035,321,4.9773,281200,"INLAND"
11,2838,429,1331,426,4.945,298400,"INLAND"
17,3053,595,1434,557,3.4741,245800,"INLAND"
19,3011,551,1665,535,5.1534,232800,"INLAND"
15,1263,211,665,208,4.5,260900,"INLAND"
26,2056,413,933,367,2.7051,193800,"INLAND"
15,2857,373,1325,359,6.0252,151700,"INLAND"
14,3035,680,1597,663,3.6036,143500,"INLAND"
16,2084,292,1099,292,5.8269,150200,"INLAND"
8,3157,559,1758,569,4.412,140100,"INLAND"
2,7747,1133,3481,1083,6.1112,181000,"INLAND"
9,4999,874,2687,817,4.2324,142100,"INLAND"
3,7985,1257,3664,1215,4.976,158300,"INLAND"
12,5127,998,2749,976,4.0458,130600,"INLAND"
25,185,32,85,32,4.875,250000,"INLAND"
45,19,5,7460,6,10.2264,137500,"INLAND"
33,1083,217,562,203,2.433,101700,"INLAND"
45,1778,339,839,319,2.4659,102900,"INLAND"
38,1918,364,745,348,2.5707,126000,"INLAND"
34,1084,187,561,198,4.2115,118900,"INLAND"
24,745,116,300,115,3.6176,158500,"INLAND"
18,4486,723,1600,697,3.8651,189700,"INLAND"
15,476,67,213,73,7.1053,315200,"INLAND"
30,140,35,103,35,4.163,112500,"INLAND"
17,5678,1116,3182,1135,3.7388,122000,"INLAND"
11,1500,319,899,304,4.5568,127200,"INLAND"
20,1415,266,667,250,4.0938,117300,"INLAND"
7,3292,698,1911,702,3.89,140300,"INLAND"
11,3208,790,1772,694,2.7434,218800,"INLAND"
16,1697,267,832,277,4.4375,132600,"INLAND"
13,3616,672,2022,652,4.0536,134800,"INLAND"
16,2331,450,1074,400,4.0329,126800,"INLAND"
18,3876,916,2386,867,2.5938,129500,"INLAND"
16,1470,261,748,256,4.0433,132200,"INLAND"
13,3252,610,1915,631,4.2137,151700,"INLAND"
34,432,65,208,71,5.5435,136000,"INLAND"
16,2509,366,1043,339,6.0704,173400,"INLAND"
16,3996,550,1673,539,5.778,175700,"INLAND"
28,1967,315,734,291,4.9583,146200,"INLAND"
16,808,137,371,145,6.0767,216400,"INLAND"
16,2495,331,1118,338,6.4894,198000,"INLAND"
15,1176,166,485,171,5.9441,228200,"INLAND"
3,9488,1417,4095,1335,5.1781,191900,"INLAND"
21,3027,675,2018,642,2.8438,111500,"INLAND"
24,2434,630,1538,574,2.1067,101100,"INLAND"
18,1048,185,469,162,3.625,125000,"INLAND"
35,2728,451,1290,452,3.2768,117600,"INLAND"
34,2735,539,1390,491,2.7262,118800,"INLAND"
33,146,31,75,31,3.5179,84400,"INLAND"
34,1502,282,860,297,3.3438,135600,"INLAND"
26,1974,364,1002,362,3.3036,210000,"INLAND"
18,4518,827,2230,715,3.9309,178500,"INLAND"
19,686,107,348,109,3.9306,93800,"INLAND"
24,1951,341,1140,338,3.7061,128500,"INLAND"
10,6331,1181,3419,1110,3.7083,154800,"INLAND"
2,790,135,235,87,5.0862,166500,"INLAND"
15,5115,776,2540,794,4.8611,146400,"INLAND"
32,2139,440,1154,411,3.2672,107500,"INLAND"
36,839,158,446,167,2.3438,122700,"INLAND"
24,1307,314,917,291,2.2244,98100,"INLAND"
30,1674,297,756,292,3.9286,133100,"INLAND"
32,1495,333,905,281,2.625,212500,"INLAND"
33,1808,363,824,340,3.2937,96400,"INLAND"
46,2292,472,970,431,2.2888,94900,"INLAND"
40,1266,257,547,247,3.0288,164400,"INLAND"
22,1910,326,1001,345,4.8173,115800,"INLAND"
33,596,105,212,94,4.2813,81300,"INLAND"
25,3282,566,1244,483,4.5313,308400,"NEAR BAY"
33,1486,290,781,274,3.5647,251800,"NEAR BAY"
24,1946,400,718,380,3.5507,257900,"NEAR BAY"
15,4885,988,2175,924,3.4031,209500,"<1H OCEAN"
18,1479,246,550,217,4.7356,333300,"NEAR BAY"
25,3106,715,1262,665,1.9487,233500,"<1H OCEAN"
21,2423,560,1098,503,2.364,173300,"NEAR BAY"
35,1762,350,686,339,3.5982,271700,"NEAR BAY"
20,3306,503,1374,460,5.7984,297600,"NEAR BAY"
14,3732,846,1277,775,2.5658,208000,"NEAR BAY"
25,5024,881,1994,838,4.2237,262300,"NEAR BAY"
18,2405,390,872,367,5.2155,248300,"<1H OCEAN"
30,1631,284,788,284,3.3098,195500,"<1H OCEAN"
27,3078,597,1411,586,3.25,195500,"<1H OCEAN"
14,2844,602,1613,544,3.3571,193600,"<1H OCEAN"
17,2703,550,1241,515,2.652,171300,"<1H OCEAN"
26,1726,289,672,251,3.8,242100,"<1H OCEAN"
8,5092,988,1657,936,3.5625,213200,"NEAR BAY"
15,2411,446,1144,407,4.3472,261000,"<1H OCEAN"
17,3308,720,1587,632,3.2727,176000,"<1H OCEAN"
31,1701,363,680,324,3.1375,192100,"<1H OCEAN"
29,2375,560,1124,502,2.3276,166200,"<1H OCEAN"
19,2398,521,1266,471,2.7727,186800,"<1H OCEAN"
42,2106,533,1141,445,3.1129,149300,"<1H OCEAN"
24,2220,411,894,365,4.2891,211700,"<1H OCEAN"
27,3800,728,1587,605,4.7237,306600,"<1H OCEAN"
36,1860,364,777,339,4.1307,295700,"<1H OCEAN"
25,1566,352,784,362,3.075,165100,"<1H OCEAN"
40,2725,531,1167,458,3.7969,202800,"<1H OCEAN"
25,2990,450,1335,434,4.7,190100,"<1H OCEAN"
17,1728,271,897,284,3.4896,185900,"<1H OCEAN"
18,2042,420,914,400,2.9871,193800,"<1H OCEAN"
19,1687,253,893,257,6.204,201800,"<1H OCEAN"
18,2915,418,1340,421,5.2452,204900,"<1H OCEAN"
16,1410,209,741,229,4.725,204500,"<1H OCEAN"
18,2933,481,1279,443,5.0849,188500,"<1H OCEAN"
16,2621,416,1247,386,4.8603,198400,"<1H OCEAN"
20,3460,602,1707,568,3.7115,181900,"<1H OCEAN"
33,1369,280,758,246,4.0341,156500,"<1H OCEAN"
33,1453,250,677,237,4.0962,170200,"<1H OCEAN"
17,2864,487,1482,547,4.6833,215200,"<1H OCEAN"
20,1888,411,826,396,2.875,189100,"<1H OCEAN"
24,2388,358,1187,362,4.6534,196500,"<1H OCEAN"
7,6508,1028,2902,1010,5.3707,250500,"<1H OCEAN"
8,5875,1115,2808,1029,3.6392,246300,"NEAR BAY"
9,4764,816,2077,755,5.1391,234500,"<1H OCEAN"
7,7808,1390,3551,1392,4.6069,202300,"<1H OCEAN"
16,1523,308,477,315,2.1696,75000,"<1H OCEAN"
45,1615,338,823,327,2.5179,145500,"<1H OCEAN"
45,2264,504,1076,472,3.0139,194100,"<1H OCEAN"
52,1075,249,519,210,3.0769,230900,"<1H OCEAN"
49,2300,463,1061,429,4.075,228800,"<1H OCEAN"
34,878,160,372,167,4.0417,232100,"<1H OCEAN"
17,2652,342,1199,350,5.565,267100,"<1H OCEAN"
22,2933,461,1283,449,6.2034,291100,"<1H OCEAN"
37,1966,348,875,381,4.0703,223800,"<1H OCEAN"
52,1735,347,712,343,3.1711,200800,"<1H OCEAN"
52,2156,469,1070,467,3.3011,252300,"<1H OCEAN"
52,1923,393,910,345,3.45,200600,"<1H OCEAN"
39,2889,517,1351,489,4.3056,251300,"<1H OCEAN"
52,1621,393,635,349,2.5202,244000,"<1H OCEAN"
40,1974,410,1039,398,3.7917,151600,"<1H OCEAN"
24,1948,310,922,313,4.95,243600,"<1H OCEAN"
49,3273,579,1431,539,4.275,227600,"<1H OCEAN"
31,2554,515,1507,533,3.8,162600,"<1H OCEAN"
32,2344,434,1066,384,4.0313,285000,"<1H OCEAN"
32,1333,235,660,206,4.0729,288500,"<1H OCEAN"
29,1315,240,650,228,3.8269,306000,"<1H OCEAN"
29,2644,464,1372,450,5.0544,261800,"<1H OCEAN"
32,3201,542,1869,519,3.2442,268000,"<1H OCEAN"
35,3941,645,1668,620,4.385,317700,"<1H OCEAN"
47,2090,387,1053,377,3.5673,310300,"<1H OCEAN"
16,3049,609,1675,618,2.4117,162500,"<1H OCEAN"
26,1644,294,801,291,4.3906,248000,"<1H OCEAN"
28,1915,419,930,342,3.7875,292700,"<1H OCEAN"
30,3919,743,1693,693,3.3827,292100,"<1H OCEAN"
44,743,155,434,162,2.5819,209600,"<1H OCEAN"
16,3741,698,1938,658,4.6324,183600,"<1H OCEAN"
13,4011,936,2064,914,3.6953,157600,"<1H OCEAN"
14,3155,580,1208,501,4.1964,258100,"<1H OCEAN"
16,1244,242,696,236,3.6369,158700,"<1H OCEAN"
15,2536,414,1400,426,5.6613,172400,"<1H OCEAN"
23,2846,516,1526,492,3.733,163500,"<1H OCEAN"
26,1887,381,1060,364,3.0078,160400,"<1H OCEAN"
22,1249,335,699,308,2.6033,121600,"<1H OCEAN"
26,1584,295,846,295,3.375,156300,"<1H OCEAN"
12,1550,187,685,188,7.226,255300,"<1H OCEAN"
15,3091,697,1602,682,4.0071,135500,"<1H OCEAN"
11,2242,699,1203,642,2.3464,104200,"<1H OCEAN"
14,1555,369,493,335,1.6033,67500,"<1H OCEAN"
19,2987,676,1782,688,2.8261,154500,"<1H OCEAN"
23,2744,588,1493,557,3.1781,162000,"<1H OCEAN"
8,6322,1001,2969,1043,4.8233,214000,"<1H OCEAN"
16,2355,345,1014,348,5.6018,253000,"<1H OCEAN"
16,1689,254,921,270,4.4444,191800,"<1H OCEAN"
6,5496,1374,2502,1189,2.4827,177500,"<1H OCEAN"
16,1328,187,607,197,5.0366,257800,"<1H OCEAN"
11,5817,878,2538,876,4.221,227100,"<1H OCEAN"
15,2153,345,979,335,5.1966,325400,"<1H OCEAN"
8,7520,1336,3833,1287,4.3278,184100,"<1H OCEAN"
12,3876,782,2146,764,4.0844,165400,"<1H OCEAN"
4,8072,1606,4323,1475,3.9518,220300,"<1H OCEAN"
16,1683,341,880,327,3.2857,160200,"<1H OCEAN"
32,2826,627,1767,628,3.1047,141400,"<1H OCEAN"
28,1585,412,1362,424,1.6685,114100,"<1H OCEAN"
23,1569,414,1031,368,1.6267,129200,"<1H OCEAN"
17,1690,464,833,445,1.439,140600,"<1H OCEAN"
16,4922,1211,2557,1088,2.0915,168100,"<1H OCEAN"
10,9772,1308,3741,1242,6.5261,324700,"<1H OCEAN"
17,5815,898,2614,887,4.3657,215900,"<1H OCEAN"
29,2551,448,1165,456,4.3587,196400,"<1H OCEAN"
18,2723,529,1150,520,3.5885,191900,"<1H OCEAN"
21,1059,150,400,154,6.8586,343100,"<1H OCEAN"
15,1848,280,786,282,5.7204,344100,"<1H OCEAN"
17,1804,304,750,298,4.5588,196400,"<1H OCEAN"
17,2007,400,895,403,3.2813,202700,"<1H OCEAN"
14,5315,1037,2228,950,4.023,208400,"<1H OCEAN"
29,488,63,161,62,6.0774,334400,"<1H OCEAN"
15,2936,517,1182,501,3.3981,246900,"<1H OCEAN"
13,7731,1360,2543,1249,4.6957,259800,"<1H OCEAN"
10,3597,661,1132,639,3.9375,269200,"<1H OCEAN"
14,1665,390,505,348,3.183,201200,"<1H OCEAN"
20,2791,546,785,512,3.4561,216700,"<1H OCEAN"
20,1151,211,478,183,5.93,384600,"<1H OCEAN"
14,2364,631,1300,625,2.6023,221100,"<1H OCEAN"
26,2081,339,906,323,4.4375,293500,"<1H OCEAN"
24,2622,525,1027,510,2.9222,242600,"<1H OCEAN"
32,3771,741,1786,721,3.2415,172200,"<1H OCEAN"
29,2796,588,1346,562,2.9107,169700,"<1H OCEAN"
47,904,154,310,144,3.9766,190600,"<1H OCEAN"
36,1686,303,744,304,4.0139,163100,"<1H OCEAN"
40,1449,281,636,295,2.7222,161200,"<1H OCEAN"
35,1356,241,620,216,3.5521,168300,"<1H OCEAN"
36,1311,259,648,268,3.4545,161200,"<1H OCEAN"
45,883,202,401,194,3.2845,178300,"<1H OCEAN"
36,1943,337,711,318,3.9191,183000,"<1H OCEAN"
31,1808,315,691,280,3.8583,193200,"<1H OCEAN"
42,709,182,547,172,2.1912,165000,"<1H OCEAN"
35,1304,343,822,304,3.2935,157800,"<1H OCEAN"
52,1439,325,738,316,2.2262,129900,"<1H OCEAN"
38,1689,526,1071,529,1.5026,124000,"<1H OCEAN"
52,1059,281,627,273,1.5357,137500,"<1H OCEAN"
52,988,283,475,242,1.3684,258300,"<1H OCEAN"
27,966,251,462,230,1.7,350000,"<1H OCEAN"
29,1706,415,990,394,1.9932,164800,"<1H OCEAN"
35,1445,309,795,308,2.9073,157000,"<1H OCEAN"
41,1743,373,780,357,3.1467,175500,"<1H OCEAN"
42,1574,376,844,369,2.314,169400,"<1H OCEAN"
41,1974,482,965,458,2.905,159300,"<1H OCEAN"
36,2175,516,1087,477,3.0444,167200,"<1H OCEAN"
39,2739,573,1223,569,2.9663,185400,"<1H OCEAN"
48,3118,561,1275,530,3.455,222100,"<1H OCEAN"
26,2011,557,855,530,1.125,233300,"<1H OCEAN"
52,2259,537,957,520,2.1827,188800,"<1H OCEAN"
15,1575,262,716,259,5.3409,244600,"<1H OCEAN"
16,3452,791,1567,731,2.4722,194300,"<1H OCEAN"
17,3201,527,1244,495,4.7143,202900,"<1H OCEAN"
19,1848,428,1130,433,3.0568,190300,"<1H OCEAN"
15,1811,406,718,403,2.3929,141300,"<1H OCEAN"
23,3220,603,1299,591,3.9261,213300,"<1H OCEAN"
29,2891,459,1012,441,5.0415,240200,"<1H OCEAN"
32,2970,504,1117,512,5,275900,"<1H OCEAN"
39,2015,335,640,315,4.1734,240500,"<1H OCEAN"
23,2296,356,902,334,6.0298,289100,"<1H OCEAN"
19,4976,711,1926,625,7.3003,381300,"<1H OCEAN"
15,5645,830,2324,769,6.6104,330900,"<1H OCEAN"
16,2697,490,1462,515,4.2051,190300,"<1H OCEAN"
16,2724,593,1124,586,2.825,186200,"<1H OCEAN"
23,2246,437,1035,386,3.7617,172600,"<1H OCEAN"
14,2096,420,926,397,4.0647,187800,"<1H OCEAN"
21,2066,393,919,395,3.267,176200,"<1H OCEAN"
20,2806,477,1369,460,4.75,190500,"<1H OCEAN"
18,3364,501,1442,506,6.6854,313000,"<1H OCEAN"
19,3244,449,1174,454,5.8369,255700,"<1H OCEAN"
24,2268,330,847,296,3.858,214400,"<1H OCEAN"
17,1528,264,606,251,6.6004,341500,"<1H OCEAN"
24,2409,464,1006,403,4.5167,265200,"<1H OCEAN"
19,2107,332,874,341,5.7819,265600,"<1H OCEAN"
17,1090,164,473,163,5.5061,231800,"<1H OCEAN"
6,6719,1016,2699,997,5.4886,254200,"<1H OCEAN"
23,2511,549,1052,527,2.4922,192000,"<1H OCEAN"
18,4839,918,2755,841,3.75,248300,"<1H OCEAN"
6,2073,388,826,375,3.055,224100,"<1H OCEAN"
16,4196,638,1713,615,5.449,252100,"<1H OCEAN"
14,4042,1298,2323,1158,2.0651,135400,"<1H OCEAN"
16,1834,391,994,390,3.7266,156500,"<1H OCEAN"
16,1426,287,525,260,3.0714,161700,"<1H OCEAN"
9,2268,594,1311,585,2.6607,91500,"<1H OCEAN"
12,4174,670,1882,647,4.551,178300,"<1H OCEAN"
4,6487,1112,2958,1131,4.5417,197400,"<1H OCEAN"
28,3580,611,1634,567,4.745,248600,"<1H OCEAN"
13,4323,1020,2566,728,3.0147,142800,"<1H OCEAN"
16,2653,606,1693,586,2.6384,146900,"<1H OCEAN"
14,4742,756,2149,732,4.5152,199200,"<1H OCEAN"
14,4794,767,2252,768,4.2061,213100,"<1H OCEAN"
14,2324,754,1026,677,1.722,150000,"<1H OCEAN"
17,3064,588,1704,590,3.9329,170900,"<1H OCEAN"
25,2696,496,1296,514,4.0798,179200,"<1H OCEAN"
23,2819,612,1644,546,2.6576,147900,"<1H OCEAN"
20,2919,508,1711,500,3.875,140300,"<1H OCEAN"
48,707,166,458,172,3.1797,140400,"<1H OCEAN"
35,1120,297,659,274,2.3824,145000,"<1H OCEAN"
28,1073,241,652,238,2.4,146200,"<1H OCEAN"
52,188,62,301,72,0.9437,129200,"<1H OCEAN"
17,2287,497,1240,493,3.5845,164300,"<1H OCEAN"
11,4670,1007,2430,962,3.0341,142300,"<1H OCEAN"
15,3265,690,1629,629,3.7132,167600,"<1H OCEAN"
8,5823,1104,2864,1041,3.6292,183600,"<1H OCEAN"
23,1551,236,555,243,4.6792,304700,"<1H OCEAN"
11,2895,524,1633,534,4.7283,170200,"<1H OCEAN"
14,4376,797,1809,746,3.8244,180000,"<1H OCEAN"
14,4143,656,1569,629,3.9766,345300,"<1H OCEAN"
9,4967,885,2581,915,5.038,185600,"<1H OCEAN"
42,2050,434,1073,416,2.375,141000,"<1H OCEAN"
29,2677,691,1880,664,2.1864,143200,"<1H OCEAN"
31,2020,476,1408,437,2.5735,131100,"<1H OCEAN"
26,1168,253,937,248,1.9458,146000,"<1H OCEAN"
26,3604,734,2605,704,3.0969,143800,"<1H OCEAN"
26,1446,296,884,295,4.3523,150000,"<1H OCEAN"
30,2099,406,1156,401,2.8036,152300,"<1H OCEAN"
30,3689,746,2250,697,2.975,157300,"<1H OCEAN"
40,1389,309,841,288,3.1094,183300,"<1H OCEAN"
36,1599,345,1086,314,2.6667,149100,"<1H OCEAN"
43,1351,277,1011,297,2.5917,144000,"<1H OCEAN"
35,2611,475,1293,463,2.75,197500,"<1H OCEAN"
17,3150,588,1857,610,3.9688,165000,"<1H OCEAN"
32,701,182,489,168,2.785,169300,"<1H OCEAN"
29,2756,551,1381,531,2.9625,237300,"<1H OCEAN"
38,1166,223,584,225,3.6667,244400,"<1H OCEAN"
19,2191,391,1065,404,4.125,204600,"<1H OCEAN"
37,2217,451,1019,428,3.1217,178500,"<1H OCEAN"
15,3080,617,1446,599,3.6696,194400,"<1H OCEAN"
21,795,163,414,162,3.7991,175000,"<1H OCEAN"
40,2406,423,1054,426,3.8846,215900,"<1H OCEAN"
26,1634,315,909,317,4.1731,257200,"<1H OCEAN"
26,2273,474,1124,420,2.9453,166700,"<1H OCEAN"
16,1688,292,793,280,4.4357,216900,"<1H OCEAN"
19,1765,394,868,388,2.462,260300,"<1H OCEAN"
22,1288,243,593,220,3.625,233700,"<1H OCEAN"
32,1437,257,752,245,4.7422,240900,"<1H OCEAN"
27,2565,479,1227,467,4.5132,259900,"<1H OCEAN"
30,2260,374,958,359,5.0323,222400,"<1H OCEAN"
34,1138,205,541,180,4.5147,271400,"<1H OCEAN"
32,2054,324,843,306,4.5875,290700,"<1H OCEAN"
25,3067,569,1602,550,3.9917,244100,"<1H OCEAN"
20,3404,628,1641,585,5.0574,276200,"<1H OCEAN"
18,2399,389,1131,391,5.2769,293900,"<1H OCEAN"
16,1762,293,810,297,4.4437,305000,"<1H OCEAN"
16,2017,369,931,336,5.7664,267500,"<1H OCEAN"
31,1534,292,716,288,3.4471,209500,"<1H OCEAN"
28,2388,437,1015,381,5.1512,268300,"<1H OCEAN"
36,1987,387,1065,347,4.0446,172200,"<1H OCEAN"
19,1968,350,852,308,4.6705,269800,"<1H OCEAN"
22,2900,538,1445,515,4.511,296800,"<1H OCEAN"
30,3977,930,1387,582,2.6161,132500,"NEAR OCEAN"
52,2154,499,524,259,2.0556,120000,"NEAR OCEAN"
29,4450,939,1328,590,3.1,162100,"<1H OCEAN"
37,1179,282,354,176,1.3712,118300,"NEAR OCEAN"
35,2157,487,768,322,3.2315,136900,"<1H OCEAN"
33,1565,390,759,311,2.6726,153100,"NEAR OCEAN"
44,3234,746,1112,470,1.9265,132700,"<1H OCEAN"
48,3939,860,1257,571,2.1165,98700,"<1H OCEAN"
49,1141,239,505,184,3.7143,148800,"<1H OCEAN"
46,2280,492,807,366,2.6316,117000,"<1H OCEAN"
37,2469,519,1137,474,3.6343,146500,"<1H OCEAN"
27,3894,776,1832,715,3.5085,187800,"<1H OCEAN"
25,1563,314,737,305,2.5687,249200,"<1H OCEAN"
22,3328,550,1309,512,4.7105,266200,"<1H OCEAN"
37,3169,719,777,344,2.7072,117100,"<1H OCEAN"
4,7042,1100,2936,1043,5.0555,240800,"<1H OCEAN"
8,6190,1088,2967,1000,3.8616,195100,"<1H OCEAN"
13,4808,848,2568,762,3.6583,183200,"<1H OCEAN"
9,3659,652,1889,632,4.2716,250800,"<1H OCEAN"
12,2289,611,919,540,1.1553,139300,"<1H OCEAN"
27,1823,360,907,317,3.276,172900,"<1H OCEAN"
5,3986,737,1887,687,3.7768,213800,"<1H OCEAN"
23,2676,521,1456,500,3.7361,173700,"<1H OCEAN"
52,1514,348,767,354,2.1903,160000,"<1H OCEAN"
52,1753,380,982,380,3.4013,183300,"<1H OCEAN"
35,2597,522,1231,499,2.7432,174000,"<1H OCEAN"
18,2721,557,1667,539,3.1875,176100,"<1H OCEAN"
29,2176,385,1117,374,3.8681,188600,"<1H OCEAN"
17,5199,1023,2036,890,3.2452,168800,"<1H OCEAN"
41,2720,501,987,364,4.0294,201700,"<1H OCEAN"
16,4418,704,1908,697,4.5913,244600,"<1H OCEAN"
33,914,147,394,132,4.6875,246200,"<1H OCEAN"
33,1530,266,728,250,5.1005,266700,"<1H OCEAN"
26,4050,712,2072,636,4.0781,287800,"<1H OCEAN"
37,1548,328,863,287,2.9792,151300,"<1H OCEAN"
32,4073,718,2053,629,3.7352,228000,"<1H OCEAN"
18,2856,513,1027,405,4.6953,241700,"<1H OCEAN"
43,1384,284,582,224,3.9063,210000,"<1H OCEAN"
16,4047,769,1998,673,3.375,171900,"<1H OCEAN"
35,956,213,488,215,3.025,140600,"<1H OCEAN"
45,1717,389,916,367,3.2425,138800,"<1H OCEAN"
21,360,96,131,74,3.5156,133300,"<1H OCEAN"
32,2697,529,1417,535,3.2546,134100,"<1H OCEAN"
20,3109,712,1643,638,2.8344,164400,"<1H OCEAN"
9,5409,1019,594,327,3.3125,295400,"NEAR OCEAN"
38,1460,311,569,176,2.7171,131300,"NEAR OCEAN"
27,3658,764,1278,518,3.3536,157500,"NEAR OCEAN"
28,3297,676,923,373,3.9167,232600,"NEAR OCEAN"
50,2530,524,940,361,2.9375,122900,"<1H OCEAN"
31,855,217,280,139,2.3611,112500,"NEAR OCEAN"
18,2562,500,1128,414,3.9336,262500,"<1H OCEAN"
16,1496,298,778,284,3.8589,268800,"NEAR OCEAN"
8,3223,637,851,418,5.6445,364800,"NEAR OCEAN"
27,471,84,195,72,3.3333,208300,"INLAND"
17,4227,729,1809,679,3.2667,269500,"INLAND"
27,4213,750,2142,746,3.7031,173300,"INLAND"
20,570,112,304,108,2.2024,156300,"INLAND"
27,508,93,263,81,3.1136,183300,"INLAND"
14,3531,508,1505,497,5.5228,275300,"INLAND"
16,1343,241,732,195,3.5833,187500,"INLAND"
46,431,86,239,80,3.3182,282100,"INLAND"
9,4838,920,2460,923,3.5959,142700,"INLAND"
52,436,81,197,68,1.8625,85400,"INLAND"
45,621,129,257,124,1.7188,109400,"INLAND"
38,1545,279,662,266,3.825,96400,"INLAND"
28,1208,232,535,232,2.3523,94700,"INLAND"
16,1174,249,601,242,1.7143,113300,"INLAND"
20,651,157,421,151,2.0833,77300,"INLAND"
37,1738,403,936,366,2.4717,77100,"INLAND"
32,964,198,623,201,3.0917,88900,"INLAND"
16,2022,413,1126,408,2.5655,116400,"INLAND"
26,28,4,9,5,1.625,85000,"INLAND"
15,3553,659,1684,611,3.3169,131200,"INLAND"
35,404,96,261,100,2.4583,75000,"INLAND"
30,1120,248,609,237,2.2386,87200,"INLAND"
20,1717,403,1062,401,1.6759,116700,"INLAND"
10,423,110,295,94,1.3583,85200,"INLAND"
21,435,96,219,83,2.9125,112500,"INLAND"
16,893,164,548,155,3.6875,121900,"INLAND"
37,1956,402,1265,397,2.3023,91900,"INLAND"
35,1166,268,515,266,2.3469,90200,"INLAND"
18,3453,666,1958,601,3.0043,156500,"INLAND"
12,3609,712,2650,742,2.8565,92700,"INLAND"
18,391,71,247,71,4.3864,179500,"INLAND"
22,434,89,195,86,2.4211,268800,"INLAND"
14,9849,1887,4356,1780,3.5877,160900,"INLAND"
14,5514,909,2819,970,3.8598,174400,"INLAND"
19,1690,327,855,296,3.25,176700,"INLAND"
31,840,154,429,150,2.4063,170200,"INLAND"
24,527,112,270,112,1.6172,156300,"INLAND"
25,1005,159,390,139,4.4,174100,"INLAND"
19,3725,543,1412,463,5.7476,248600,"INLAND"
14,2368,297,796,301,8.7783,435000,"INLAND"
23,1373,264,677,245,2.5486,161100,"INLAND"
5,2256,420,1246,397,4.9236,155900,"INLAND"
39,223,37,92,37,3.375,212500,"INLAND"
19,6473,1212,3559,1123,3.2246,129300,"INLAND"
29,1343,223,751,225,3.2391,187500,"INLAND"
30,1653,285,800,291,3.3482,220000,"INLAND"
42,1787,296,921,287,3.8864,171400,"INLAND"
43,1244,209,611,197,2.875,187500,"INLAND"
7,9374,1847,4827,1722,3.462,151900,"INLAND"
52,349,59,121,40,3.3036,197500,"INLAND"
5,9601,1639,4449,1575,4.5332,195500,"INLAND"
25,207,41,87,43,3.6023,131300,"INLAND"
6,2607,557,1266,475,3.4632,137700,"INLAND"
16,3476,650,2126,665,3.3438,125400,"INLAND"
52,102,23,35,33,2.25,175000,"INLAND"
12,9148,1906,4656,1853,3.2447,142200,"INLAND"
31,906,146,383,129,3.4167,196900,"INLAND"
6,3655,598,1993,596,4.6053,150100,"INLAND"
5,3096,545,1760,519,4.5701,146400,"INLAND"
11,1658,301,913,298,4.1705,162800,"INLAND"
8,1959,379,995,365,3.3567,129100,"INLAND"
37,375,58,120,37,3.9844,150000,"INLAND"
16,19,19,166,9,0.536,162500,"INLAND"
18,3469,661,1452,628,3.4079,147500,"INLAND"
20,3275,760,1538,705,2.48,135600,"INLAND"
33,828,123,373,133,5.5,146200,"INLAND"
15,1232,180,408,196,6.9682,182400,"INLAND"
29,2911,445,1170,460,4.9904,158100,"INLAND"
33,3230,587,1579,560,3.5775,109700,"INLAND"
26,90,18,47,18,1.125,87500,"INLAND"
18,5129,1171,3622,1128,2.0272,92700,"INLAND"
28,1909,398,1140,380,2.3783,81400,"INLAND"
19,3814,790,2219,804,3.5208,145000,"INLAND"
5,4034,771,1967,742,3.8065,146000,"INLAND"
9,6333,1355,3265,1265,3.0217,160900,"INLAND"
25,3262,588,1834,578,3.996,114500,"INLAND"
20,3204,625,2016,605,2.6567,110400,"INLAND"
27,1956,327,1004,307,3.7857,110500,"INLAND"
28,2875,560,1608,558,3.5489,106400,"INLAND"
4,13315,2424,6420,2289,4.2471,162100,"INLAND"
15,3062,584,1624,538,4.3864,137600,"INLAND"
16,4961,902,2654,804,4.2823,138300,"INLAND"
16,4478,647,1990,672,5.1473,188400,"INLAND"
37,136,20,72,22,2.2279,225000,"INLAND"
6,3491,657,2075,644,3.3844,138500,"INLAND"
10,7566,1348,3227,1199,4.744,148100,"INLAND"
17,1147,140,327,136,6.8654,290500,"INLAND"
18,3176,468,1296,471,5.5684,185100,"INLAND"
25,2773,384,1060,381,6.4788,199400,"INLAND"
30,1975,375,732,326,2.6932,94900,"INLAND"
24,705,114,347,141,3.1912,149600,"INLAND"
16,2793,476,1279,477,3.4667,160900,"INLAND"
15,4065,841,1986,680,3.072,114300,"INLAND"
16,2349,446,1302,392,3.1625,130300,"INLAND"
9,1114,172,529,174,4.7159,163700,"INLAND"
27,4006,762,1806,718,3.1848,112800,"INLAND"
28,3269,647,1595,617,2.2336,112700,"INLAND"
16,568,124,307,116,2.1518,107400,"INLAND"
13,1221,260,682,275,3.65,155500,"INLAND"
16,2493,535,1370,504,3.3368,121200,"INLAND"
18,4197,1006,2203,874,2.166,118600,"INLAND"
16,1499,250,1292,271,4.3851,117300,"INLAND"
17,2434,511,1558,546,2.9219,114300,"INLAND"
18,1442,229,538,220,4.2969,163200,"INLAND"
31,1648,293,792,294,2.4,121500,"INLAND"
19,1974,393,799,377,3.1286,137500,"INLAND"
15,2485,434,1296,434,3.8542,145200,"INLAND"
24,2930,588,1448,570,3.5395,127900,"INLAND"
21,2760,632,1260,576,2.0227,179800,"INLAND"
33,1959,342,984,356,4.5208,114200,"INLAND"
40,3012,616,1423,595,2.6346,100600,"INLAND"
36,826,167,432,150,2.5,103100,"INLAND"
33,1433,298,824,302,2.7621,109100,"INLAND"
28,1768,423,1066,392,1.8315,90500,"INLAND"
30,1718,395,914,400,1.933,107000,"INLAND"
39,1748,329,831,302,2.5938,135600,"INLAND"
46,1750,347,754,356,2.9137,106000,"INLAND"
44,2848,623,1408,576,2.1487,86600,"INLAND"
52,3887,803,1768,779,2.5089,119000,"INLAND"
27,2278,479,995,449,2.5148,110200,"INLAND"
37,2483,459,1072,445,3.0721,108100,"INLAND"
36,3679,613,1366,581,4.5,151400,"INLAND"
43,2369,413,944,422,3.2632,138100,"INLAND"
43,2039,331,875,342,3.9844,152000,"INLAND"
47,1713,334,570,297,2.1969,149400,"INLAND"
32,3951,797,1916,740,2.6722,111500,"INLAND"
24,2162,459,1468,441,3.1857,98300,"INLAND"
31,887,217,614,199,2.1528,75500,"INLAND"
36,3495,641,1688,684,3.1568,109900,"INLAND"
28,1437,400,806,338,1.6078,125000,"INLAND"
20,2973,620,1996,570,3.0645,106000,"INLAND"
22,2001,387,1520,387,3.148,102300,"INLAND"
5,2881,584,1490,570,3.0398,120000,"INLAND"
33,1438,237,569,208,3.3516,150000,"INLAND"
37,1043,196,555,197,3.4125,125000,"INLAND"
42,1437,307,1035,284,2.1036,88300,"INLAND"
35,1591,364,1290,352,1.564,81800,"INLAND"
30,1721,399,1878,382,2.5363,83900,"INLAND"
33,1469,370,1318,349,1.7104,59000,"INLAND"
43,1241,240,612,266,2.8194,81300,"INLAND"
46,2331,508,1210,484,2.5313,77700,"INLAND"
14,5737,1286,4722,1210,1.6731,95800,"INLAND"
52,201,35,74,22,1.3036,75000,"INLAND"
36,1981,507,1998,468,1.9013,69900,"INLAND"
33,693,207,598,192,1.0217,81300,"INLAND"
43,311,95,293,94,1.2902,67500,"INLAND"
41,1580,385,881,361,2.7538,99600,"INLAND"
50,683,189,459,195,1.8162,70000,"INLAND"
17,484,202,198,204,0.6825,187500,"INLAND"
52,178,53,152,62,0.4999,82500,"INLAND"
19,121,41,658,41,0.9573,162500,"INLAND"
52,530,177,325,158,1.1875,90600,"INLAND"
16,3960,716,1776,724,3.9886,137500,"INLAND"
41,1467,328,673,310,2.7917,90700,"INLAND"
42,2359,504,1131,480,2.0833,95500,"INLAND"
40,422,63,158,63,7.3841,172200,"INLAND"
45,1913,335,839,333,3.1397,110700,"INLAND"
40,1791,359,679,322,2.1458,130300,"INLAND"
19,3377,669,2426,663,2.9783,82500,"INLAND"
36,1320,255,720,232,2.6523,76300,"INLAND"
26,1762,418,855,308,1.6767,81300,"INLAND"
13,5075,978,3033,838,3.0577,119000,"INLAND"
1,2254,328,402,112,4.25,189200,"INLAND"
23,505,124,163,129,1.3696,275000,"INLAND"
14,5200,1119,3221,1102,2.6964,107000,"INLAND"
34,1700,325,972,326,2.4485,95500,"INLAND"
32,3487,740,1957,685,2.7209,88300,"INLAND"
43,244,52,176,60,1.425,69400,"INLAND"
39,45,8,22,9,1.7679,450000,"INLAND"
36,60,12,51,14,3.625,67500,"INLAND"
39,2617,659,2052,642,1.6952,65000,"INLAND"
39,2360,607,2047,605,1.7054,58800,"INLAND"
31,215,62,192,66,1.75,73800,"INLAND"
49,2051,500,1525,467,1.59,80900,"INLAND"
41,2764,639,2122,600,1.9643,74900,"INLAND"
35,568,150,622,145,1.8167,79500,"INLAND"
35,2074,477,1687,431,2.0885,73700,"INLAND"
26,3819,955,3010,932,1.9206,81300,"INLAND"
21,319,120,276,85,2.4792,60000,"INLAND"
28,1153,420,1043,357,1.0801,75000,"INLAND"
37,2014,505,1787,515,1.5515,54100,"INLAND"
5,3655,696,2316,647,3.4703,129300,"INLAND"
36,2647,604,2045,550,2.273,62900,"INLAND"
22,4412,925,3116,817,2.6899,82100,"INLAND"
33,1009,238,1027,246,2.5993,68000,"INLAND"
39,512,132,443,127,1.2857,60000,"INLAND"
2,5042,834,2784,787,4.6484,145900,"INLAND"
11,4236,879,2410,850,2.3849,122000,"INLAND"
29,1727,439,1063,386,1.8929,63600,"INLAND"
13,3309,603,1796,555,3.8372,129300,"INLAND"
17,4054,654,2034,667,4.6833,142200,"INLAND"
23,3497,887,2467,816,1.9444,93400,"INLAND"
16,1326,375,884,375,1.871,103900,"INLAND"
35,1493,278,729,268,2.9821,97400,"INLAND"
30,3257,574,1804,588,3.5331,102900,"INLAND"
43,1561,354,862,332,1.8466,81500,"INLAND"
16,3964,824,2622,766,2.3152,111300,"INLAND"
19,1549,369,770,370,2.0493,99500,"INLAND"
11,4981,814,1934,686,3.7041,174800,"INLAND"
7,8489,1673,5807,1575,2.9451,127800,"INLAND"
18,335,76,189,67,1.2273,87500,"INLAND"
16,284,51,239,46,1.8958,137500,"INLAND"
24,2282,423,1167,398,3.8214,116100,"INLAND"
5,6660,1217,3012,1087,3.0809,143600,"INLAND"
40,1010,155,488,157,3.8984,170500,"INLAND"
20,3375,630,1505,598,2.69,201300,"INLAND"
8,3294,667,2277,652,2.6417,96800,"INLAND"
25,3214,682,2319,640,2.0385,84300,"INLAND"
17,315,89,130,58,1.4464,79200,"INLAND"
36,291,48,124,47,5.6945,154200,"INLAND"
27,1170,227,660,222,2.3906,81800,"INLAND"
30,816,159,531,147,3.2604,87900,"INLAND"
30,918,154,469,139,3.9688,175000,"INLAND"
35,1395,264,756,253,3.6181,178600,"INLAND"
30,1527,256,757,240,3.6629,171400,"INLAND"
27,819,157,451,150,3.4934,193800,"INLAND"
22,1440,267,774,249,3.9821,204300,"INLAND"
30,455,70,220,69,4.8958,142500,"INLAND"
32,4579,914,2742,856,2.6619,86200,"INLAND"
25,1178,206,709,214,4.5625,133600,"INLAND"
33,1016,206,617,209,2.151,195800,"INLAND"
12,4485,805,2445,832,3.7611,123100,"INLAND"
26,1705,279,642,236,2.6591,180500,"INLAND"
26,3396,705,2446,694,2.0521,65400,"INLAND"
17,1812,361,672,334,1.55,166100,"INLAND"
29,1179,249,672,243,3.1125,154800,"INLAND"
27,925,176,449,168,2.6406,129700,"INLAND"
36,1285,270,706,273,1.7169,121400,"INLAND"
27,958,184,580,177,2.1875,82800,"INLAND"
32,1717,325,1356,307,2.6705,91900,"INLAND"
32,946,198,624,173,1.9728,97900,"INLAND"
33,613,123,343,116,3.1875,129200,"INLAND"
5,4109,820,3062,713,3.2396,125200,"INLAND"
38,2427,450,1272,474,2.8833,115200,"INLAND"
6,1772,332,1011,331,3.7045,128100,"INLAND"
37,1995,448,1559,443,2.1833,92700,"INLAND"
12,2263,410,913,330,3.5795,145600,"INLAND"
4,2919,503,1592,491,5.2452,161900,"INLAND"
30,2110,406,1301,345,2.3173,86500,"INLAND"
31,1223,330,1067,245,2.8558,1e+05,"INLAND"
33,69,28,47,14,0.536,112500,"INLAND"
34,294,49,147,47,3,162500,"INLAND"
37,1358,231,586,214,3.1645,170800,"INLAND"
33,1401,299,915,282,3.4464,162500,"INLAND"
52,504,96,295,97,3.5,73500,"INLAND"
42,412,75,227,75,2.5,74200,"INLAND"
36,48,12,27,8,4,75000,"INLAND"
40,524,112,329,96,1.7188,112500,"INLAND"
41,1045,233,632,230,2.3583,95000,"INLAND"
17,1926,410,1054,321,1.6214,71500,"INLAND"
27,1333,230,730,229,3.06,106000,"INLAND"
42,2905,561,1457,551,2.2566,82100,"INLAND"
6,2657,486,1409,392,3.3824,115500,"INLAND"
14,3643,706,2070,697,3.1523,141800,"INLAND"
18,2829,732,1751,712,1.6445,156900,"INLAND"
18,239,39,92,36,5.3168,175000,"INLAND"
45,350,62,187,63,2.5938,275000,"INLAND"
30,509,115,275,115,2.2679,250000,"INLAND"
42,1200,221,647,192,2.5402,157500,"INLAND"
29,1468,245,747,231,3.4643,125000,"INLAND"
30,1288,237,720,233,2.3864,139100,"INLAND"
32,1256,212,682,236,2.9844,135900,"INLAND"
18,1802,335,1110,329,3.1641,96300,"INLAND"
20,1417,263,853,263,3.3083,108300,"INLAND"
29,1162,254,726,225,2.1932,90600,"INLAND"
15,570,123,189,107,1.875,181300,"INLAND"
20,707,114,282,86,6.1324,164800,"INLAND"
13,2920,481,1602,490,3.9286,145800,"INLAND"
17,729,134,431,121,4.2188,131300,"INLAND"
44,1186,225,687,234,3.4167,160700,"INLAND"
11,2285,499,1468,471,2.7857,110300,"INLAND"
27,1118,195,647,209,2.9135,159400,"INLAND"
29,1940,337,1070,332,3.6597,145600,"INLAND"
2,1871,409,707,256,2.6103,133600,"INLAND"
7,4966,985,2431,904,3.1042,122500,"INLAND"
34,4272,996,2916,962,1.9829,82800,"INLAND"
39,2840,733,2606,737,1.9429,76400,"INLAND"
37,1084,271,893,236,1.6213,69500,"INLAND"
22,2140,445,1441,409,2.4706,89400,"INLAND"
42,264,72,310,70,1.4063,61500,"INLAND"
10,2874,612,1960,596,2.7381,104600,"INLAND"
9,9885,1871,5372,1843,3.4821,127100,"INLAND"
5,2899,745,1593,633,2.2292,127500,"INLAND"
15,1131,285,728,281,1.5531,93100,"INLAND"
47,2310,484,1126,447,2.2083,97300,"INLAND"
52,1724,352,922,348,1.7227,85700,"INLAND"
25,2383,576,1234,583,1.4529,86100,"INLAND"
25,1611,285,882,261,3.5547,122400,"INLAND"
17,1664,253,736,254,4.4083,165800,"INLAND"
34,3078,477,1226,487,4.601,150000,"INLAND"
21,2974,495,1313,461,4.4886,135400,"INLAND"
30,1340,244,631,231,3.375,118500,"INLAND"
8,1191,242,688,260,2.7243,138400,"INLAND"
14,6337,1593,3909,1480,2.0643,106500,"INLAND"
6,1488,252,773,259,4.1859,150000,"INLAND"
16,4527,887,2531,825,3.7065,124800,"INLAND"
20,1901,313,1258,320,3.8958,126800,"INLAND"
13,3795,604,1639,609,4.6635,198400,"INLAND"
7,4480,776,2271,767,3.809,110700,"INLAND"
7,1879,444,1065,410,2.4183,103800,"INLAND"
27,336,60,195,68,5.3946,71800,"INLAND"
16,2037,464,1267,451,2.4556,97100,"INLAND"
16,1547,418,940,400,1.5613,72500,"INLAND"
27,2991,637,1419,606,1.8849,73500,"INLAND"
36,2321,455,1168,489,3.0962,74000,"INLAND"
23,1984,528,1043,452,1.9375,65300,"INLAND"
39,1874,411,822,377,2.5038,68300,"INLAND"
41,2183,559,1202,506,1.6902,61500,"INLAND"
44,2035,476,1030,453,1.4661,65200,"INLAND"
41,1317,309,856,337,1.6719,64100,"INLAND"
26,2355,531,1047,497,1.8208,79500,"INLAND"
41,1147,243,583,239,2.2431,63400,"INLAND"
21,1432,328,933,336,1.6823,83800,"INLAND"
34,1991,348,804,344,3.4492,98800,"INLAND"
35,2787,587,1431,601,2.5469,65900,"INLAND"
33,2559,539,1583,504,1.4727,53000,"INLAND"
21,1299,338,1494,311,1.3348,225000,"INLAND"
26,1405,204,627,215,4.2188,94200,"INLAND"
32,2574,425,1099,391,4.3864,117500,"INLAND"
5,2320,502,1245,489,3.2465,97200,"INLAND"
22,3585,548,1757,577,4.174,100100,"INLAND"
11,3519,577,1459,549,4.2792,123800,"INLAND"
21,2693,481,1337,435,3.8534,99700,"INLAND"
17,1969,297,717,268,3.4698,179700,"INLAND"
11,4833,944,2336,841,2.6842,89100,"INLAND"
19,1366,220,596,203,4.0625,141700,"INLAND"
13,6408,1087,3294,1106,4.2656,110700,"INLAND"
18,3212,542,1817,508,3.3793,92900,"INLAND"
27,2098,372,1090,333,4.45,96200,"INLAND"
26,2121,375,1125,366,3.3958,94600,"INLAND"
14,2774,451,1292,428,4.3833,115200,"INLAND"
22,2264,390,1056,403,3.6111,112300,"INLAND"
13,1907,347,821,367,2.0978,134000,"INLAND"
22,2144,376,1200,370,3.4426,102400,"INLAND"
16,5022,1103,2087,956,2.3963,114800,"INLAND"
15,2659,396,1159,407,5.234,124900,"INLAND"
37,1871,321,806,294,4,101400,"INLAND"
29,1860,400,1137,365,1.5281,61600,"INLAND"
25,2857,662,2076,685,1.8095,64100,"INLAND"
37,1189,248,627,219,3.8611,1e+05,"INLAND"
29,3041,683,2106,687,1.6315,58000,"INLAND"
25,3819,702,1983,658,2.4464,72500,"INLAND"
20,2302,412,1205,399,2.8,71200,"INLAND"
42,1282,198,451,159,3.2917,97900,"INLAND"
45,845,155,343,136,2.125,62000,"INLAND"
48,540,110,234,74,3.6111,67500,"INLAND"
46,645,131,410,122,1.7417,110400,"INLAND"
38,412,93,304,95,2.6597,86000,"INLAND"
36,1826,329,1068,318,1.9797,118800,"INLAND"
26,2668,510,1437,505,3.3125,1e+05,"INLAND"
34,2129,350,969,314,2.7039,106300,"INLAND"
32,1650,313,802,284,2.9048,98200,"INLAND"
25,778,135,340,155,1.7857,258300,"INLAND"
29,1716,323,850,282,2.9324,137500,"INLAND"
26,633,129,305,140,2.1827,72700,"INLAND"
19,2611,503,1185,483,2.3657,94000,"INLAND"
34,1950,407,1029,376,2.5197,82300,"INLAND"
28,1782,334,873,311,3.3594,79100,"INLAND"
26,4815,910,1341,539,2.881,79800,"INLAND"
14,388,108,35,17,6.1359,106300,"INLAND"
16,1978,375,961,333,2.6827,83900,"INLAND"
12,3848,689,2008,683,2.6352,92200,"INLAND"
10,2336,426,1003,368,3.0833,81300,"INLAND"
16,2077,388,1155,389,3.1361,84800,"INLAND"
15,3873,810,1697,627,2.4555,55600,"INLAND"
16,396,78,188,72,1.3889,87500,"INLAND"
15,2102,358,957,371,3.1908,137900,"INLAND"
16,2722,511,1366,495,2.8447,87700,"INLAND"
10,1621,318,866,283,3.5,104300,"INLAND"
35,2467,469,1194,444,2.0425,63700,"INLAND"
29,1912,336,859,325,3.7,70500,"INLAND"
17,762,138,322,139,4.2917,128800,"INLAND"
39,2191,493,1307,499,1.6483,60800,"INLAND"
51,2378,584,1083,494,1.577,51900,"INLAND"
47,1554,308,846,301,1.8077,54100,"INLAND"
13,3719,803,1754,764,2.3517,88900,"INLAND"
19,3404,731,1421,683,2.6149,84400,"INLAND"
30,2750,476,1296,464,3.5305,73600,"INLAND"
30,744,156,410,165,2.1898,63200,"INLAND"
19,3182,630,1741,642,1.9727,64900,"INLAND"
19,2500,509,1293,494,2.035,55100,"INLAND"
21,1401,331,651,299,2.225,64700,"INLAND"
14,2297,573,1637,551,1.787,51600,"INLAND"
15,1677,346,858,327,2.4375,59200,"INLAND"
24,1631,340,1042,333,1.7708,59000,"INLAND"
21,1548,290,744,265,1.9773,55000,"INLAND"
30,1952,397,961,333,2.25,68200,"INLAND"
31,2053,465,1193,447,1.4923,44400,"INLAND"
21,916,194,451,178,2.125,63300,"INLAND"
32,1435,277,690,254,2.3043,68400,"INLAND"
27,852,176,464,148,1.7125,58200,"INLAND"
27,1065,214,508,198,2.625,91700,"INLAND"
16,4006,797,2028,752,2.3929,77200,"INLAND"
16,1566,306,652,287,1.9038,60800,"INLAND"
32,2352,477,1316,447,2.2292,57400,"INLAND"
27,1079,222,625,197,3.1319,62700,"INLAND"
21,2087,382,888,361,2.207,86400,"INLAND"
9,1296,287,768,260,1.9191,54400,"INLAND"
21,1730,350,982,322,1.8375,79800,"INLAND"
20,2563,658,1363,611,1.023,54200,"INLAND"
35,1387,272,610,237,2.1759,59500,"INLAND"
39,2467,529,1433,502,1.8571,53500,"INLAND"
32,817,206,224,89,3.631,90400,"INLAND"
16,2050,471,588,195,2.7083,88900,"INLAND"
29,1637,297,753,270,3.2891,93100,"INLAND"
20,3758,798,1685,757,2.3667,91200,"INLAND"
14,712,131,270,90,2.3958,102100,"INLAND"
17,3851,818,1352,560,2.125,71700,"INLAND"
12,1350,300,423,172,1.7393,81300,"INLAND"
17,1498,331,574,242,2.0268,94200,"INLAND"
26,2231,421,987,364,2.4792,88800,"INLAND"
23,141,59,47,23,1.125,66000,"INLAND"
20,2680,599,918,345,2.2115,75000,"INLAND"
15,619,160,287,104,1.9107,79200,"INLAND"
25,767,206,301,121,1.625,79200,"INLAND"
18,1650,377,675,282,1.8933,84700,"INLAND"
17,769,205,301,126,1.7875,55000,"INLAND"
23,708,202,316,136,1.1602,65000,"INLAND"
18,1451,278,695,254,1.7262,73700,"INLAND"
27,1573,361,847,330,1.9034,49600,"INLAND"
23,1091,217,539,201,1.8696,61500,"INLAND"
16,241,84,152,61,1.375,48800,"INLAND"
15,661,146,131,57,0.4999,56700,"INLAND"
10,365,102,140,49,1.7969,37500,"INLAND"
36,98,28,18,8,0.536,14999,"INLAND"
27,1848,449,396,150,2.8472,41300,"INLAND"
19,518,108,216,80,2.7083,64500,"INLAND"
20,133,35,87,37,3.625,67500,"INLAND"
17,449,151,141,53,0.8362,87500,"INLAND"
18,1302,424,320,133,3.1964,80000,"INLAND"
30,2747,515,1368,453,2.9828,85200,"INLAND"
24,1268,269,636,183,1.742,118800,"INLAND"
20,1431,416,570,225,1.4821,143300,"INLAND"
20,2749,575,1195,491,3.0391,139700,"INLAND"
10,2271,398,986,358,4.0703,147100,"INLAND"
33,560,90,310,113,2.5417,118800,"INLAND"
35,1675,373,1131,316,1.6722,59100,"INLAND"
33,1470,330,1222,301,1.8163,57400,"INLAND"
18,2581,628,2732,592,1.8429,58300,"INLAND"
21,2467,520,1721,515,2.5521,65600,"INLAND"
27,1546,415,1704,395,1.1728,41700,"INLAND"
26,337,69,277,73,2.3438,1e+05,"INLAND"
38,402,86,311,87,3.1719,106300,"INLAND"
22,1389,290,1185,271,2.0857,49200,"INLAND"
39,3027,608,2199,592,2.6445,62000,"INLAND"
32,3451,625,1968,574,2.9554,110300,"INLAND"
27,1621,323,882,324,2.75,93500,"INLAND"
28,2112,363,1011,335,4.2222,108900,"INLAND"
19,3000,628,2202,590,2.5141,67400,"INLAND"
30,1669,314,837,325,3.3869,80400,"INLAND"
14,3965,804,1945,733,2.6906,95300,"INLAND"
31,2342,439,1411,465,3.017,72000,"INLAND"
25,1180,222,611,212,2.0729,84700,"INLAND"
33,2465,536,2030,522,1.5223,51800,"INLAND"
34,1590,422,1272,407,1.8068,59000,"INLAND"
30,1408,326,1184,324,1.7165,59100,"INLAND"
28,2201,429,1524,412,2.75,65000,"INLAND"
19,1402,324,1327,316,2.25,53200,"INLAND"
33,1509,352,1734,336,1.625,50300,"INLAND"
39,858,228,1222,224,1.5714,43000,"INLAND"
35,1689,371,1475,329,2.5719,74300,"INLAND"
24,1039,190,643,193,2.6711,71300,"INLAND"
26,1775,416,1217,383,1.8801,57600,"INLAND"
15,1517,361,1275,343,1.5875,55800,"INLAND"
17,877,219,966,218,2,52500,"INLAND"
31,1533,361,1518,386,1.5608,51700,"INLAND"
23,1885,363,1056,338,3.2159,92800,"INLAND"
36,1508,323,1283,312,2.1205,60000,"INLAND"
39,1730,310,899,309,2.6648,129200,"INLAND"
17,2076,350,998,340,4.3281,145700,"INLAND"
39,1660,349,1061,306,1.4812,53500,"INLAND"
31,1465,303,1013,297,2.0363,53500,"INLAND"
18,2158,413,1461,395,2.0216,58000,"INLAND"
18,1115,193,1742,176,2.7969,123800,"INLAND"
32,2293,466,1538,468,1.9342,68600,"INLAND"
22,1824,333,1076,282,2.3365,69600,"INLAND"
20,1743,340,1390,336,2.2222,52900,"INLAND"
20,1469,303,1031,259,1.6645,48000,"INLAND"
15,1740,319,1332,308,2.5743,60200,"INLAND"
10,1832,455,1664,429,2.0227,53300,"INLAND"
24,1855,416,1520,410,2.3304,64900,"INLAND"
27,1515,358,1178,309,1.4432,48100,"INLAND"
14,2985,607,2250,607,2.1602,65200,"INLAND"
18,2060,383,1348,397,3.4312,68400,"INLAND"
20,1132,177,518,178,5.3767,231300,"INLAND"
20,1896,266,674,277,9.0376,239100,"INLAND"
18,2603,478,1158,423,4.5938,150500,"INLAND"
5,4505,834,1917,775,4.0144,126600,"INLAND"
17,2250,430,1218,468,4.1812,93700,"INLAND"
14,1195,220,568,229,3.1486,105600,"INLAND"
11,3221,617,1351,565,2.9844,132000,"INLAND"
28,1440,431,2178,440,1.2634,50600,"INLAND"
35,1235,369,1246,341,1.474,71000,"INLAND"
45,3723,831,2256,770,1.8299,63100,"INLAND"
32,1893,453,1744,425,1.4729,54100,"INLAND"
19,792,232,641,222,0.7445,112500,"INLAND"
46,1636,338,772,332,2.425,84900,"INLAND"
16,3245,469,1471,450,5.8673,154800,"INLAND"
7,3433,626,1793,626,3.5296,83700,"INLAND"
7,3598,701,2080,678,3.1111,72400,"INLAND"
10,1051,297,927,274,0.78,55500,"INLAND"
26,2057,472,1453,439,2.4113,58600,"INLAND"
9,3289,621,1866,631,3.1599,95000,"INLAND"
33,2199,403,1245,394,2.73,96900,"INLAND"
21,3146,595,1580,513,2.7857,92700,"INLAND"
18,1666,294,859,301,2.6065,93800,"INLAND"
33,3379,612,1565,618,2.7321,76500,"INLAND"
29,1638,323,942,322,2.1731,66200,"INLAND"
18,2377,414,1359,424,4.4,79300,"INLAND"
7,2946,664,1608,622,1.6829,80200,"INLAND"
32,2084,482,1410,420,1.5321,48300,"INLAND"
36,788,181,405,180,1.47,61900,"INLAND"
19,1427,311,1026,293,2.625,57000,"INLAND"
32,1355,363,1427,384,1.3444,45600,"INLAND"
23,951,235,806,222,1.7734,41400,"INLAND"
18,1433,265,1092,276,1.9135,49400,"INLAND"
17,2079,459,2022,462,1.5464,54100,"INLAND"
23,1494,275,678,235,2.6875,69100,"INLAND"
22,2295,508,1654,478,1.684,65900,"INLAND"
27,1513,374,839,350,1.2012,64600,"INLAND"
35,1898,481,1123,433,1.1419,62900,"INLAND"
29,2274,514,1234,521,1.9138,66900,"INLAND"
33,2107,451,1364,442,2.2024,67200,"INLAND"
16,2812,514,1620,523,3.7404,89200,"INLAND"
6,2881,518,1432,504,4.0806,110200,"INLAND"
9,3631,635,1881,628,4.7723,113100,"INLAND"
32,1821,345,812,299,2.75,72200,"INLAND"
18,3578,720,1540,640,2.425,84600,"INLAND"
44,2060,414,819,355,2.8795,77000,"INLAND"
23,3521,615,1712,636,3.3875,92500,"INLAND"
44,2032,308,791,336,4.0298,109000,"INLAND"
23,2945,592,1419,532,2.5733,88800,"INLAND"
14,2382,377,1278,386,5.1896,101900,"INLAND"
34,1439,253,607,223,3.0972,82800,"INLAND"
16,2234,357,1150,361,4.2778,97300,"INLAND"
18,3860,760,1643,664,2.0714,92600,"INLAND"
20,1256,209,566,195,4.0221,86300,"INLAND"
14,3023,469,1523,492,5.3602,118600,"INLAND"
20,1157,179,572,191,5.3495,177300,"INLAND"
16,3331,839,1955,763,1.6148,86600,"INLAND"
14,1204,227,633,247,3.925,83800,"INLAND"
10,3817,719,1686,714,3.8235,94600,"INLAND"
6,3266,604,1769,580,3.1574,89200,"INLAND"
20,2025,328,1039,346,3.5313,82800,"INLAND"
35,2316,387,849,378,4.3816,88600,"INLAND"
23,3137,628,1446,548,2.5,85500,"INLAND"
19,2778,431,1092,451,5.2561,121300,"INLAND"
29,2409,436,1142,440,3.6895,87700,"INLAND"
21,2309,424,1047,453,2.9886,87500,"INLAND"
17,2401,409,1100,409,4.0577,107300,"INLAND"
15,1472,228,892,257,5.3909,113000,"INLAND"
15,2864,571,1480,475,2.9698,93400,"INLAND"
14,1635,422,870,399,2.7,88900,"INLAND"
13,2394,458,1177,389,2.6875,74400,"INLAND"
12,2172,352,1013,354,4.9464,115600,"INLAND"
14,1932,330,997,291,3.6875,93200,"INLAND"
16,2624,527,1077,520,2.125,104200,"INLAND"
14,1680,343,931,350,2.7336,89200,"INLAND"
23,1895,340,749,313,2.2333,120100,"INLAND"
32,1702,348,1016,350,2.5,73600,"INLAND"
25,1696,279,909,291,2.3,132800,"INLAND"
10,2445,526,1262,476,1.9355,68300,"INLAND"
19,1673,318,1298,343,2.706,64800,"INLAND"
18,1082,202,793,213,2.4032,60000,"INLAND"
32,1290,304,852,309,1.4429,54600,"INLAND"
26,2481,586,1445,498,1.6378,60300,"INLAND"
25,1170,259,804,257,1.3889,50200,"INLAND"
35,2228,476,1567,449,1.4455,54100,"INLAND"
12,4965,872,2191,804,3.5611,90200,"INLAND"
29,2051,351,915,343,3.1944,106800,"INLAND"
38,2708,460,1260,455,3.0905,78200,"INLAND"
29,1735,323,805,293,3.5039,89900,"INLAND"
38,3115,622,1238,606,2.6083,67000,"INLAND"
30,749,214,537,199,0.8229,68400,"INLAND"
9,3748,644,1955,620,4.2011,108100,"INLAND"
5,2319,438,1283,423,3.6343,95400,"INLAND"
29,1220,232,619,246,3.3125,78300,"INLAND"
24,2015,355,1031,351,3.4306,139200,"INLAND"
23,3180,547,1829,498,2.6098,66000,"INLAND"
24,1248,226,641,200,2.4722,129200,"INLAND"
22,2935,523,1927,530,2.5875,70400,"INLAND"
21,2645,464,1245,407,2.9145,114200,"INLAND"
28,1606,320,1158,317,3.0324,55600,"INLAND"
20,1911,389,1241,348,2.5156,59300,"INLAND"
34,1715,290,780,297,3.4306,74300,"INLAND"
43,1335,280,943,288,1.9861,47700,"INLAND"
38,1901,453,1613,400,1.8828,44600,"INLAND"
38,727,173,559,176,2.4653,49500,"INLAND"
10,1972,455,1469,442,1.5407,58400,"INLAND"
22,1033,232,442,136,2.6447,137500,"INLAND"
30,2685,546,951,523,2.6184,113900,"INLAND"
43,1281,287,534,231,2.8906,65700,"INLAND"
11,4103,882,356,171,2.1029,99100,"INLAND"
10,443,111,48,21,3.125,71300,"INLAND"
20,4642,1300,658,247,2.3937,82100,"INLAND"
38,298,55,161,47,4.125,71300,"INLAND"
14,3263,651,1910,594,2.8603,128900,"INLAND"
30,1677,358,1159,365,2.4554,61200,"INLAND"
17,1564,396,713,362,1.6186,77100,"INLAND"
22,3065,726,2165,738,1.4792,54400,"INLAND"
12,1632,378,1303,315,2.0333,54400,"INLAND"
27,418,163,332,141,1.0714,63800,"INLAND"
23,1837,332,1064,335,3.1453,74500,"INLAND"
25,2360,460,1424,436,2.3152,63100,"INLAND"
25,1427,246,772,221,2.2262,64500,"INLAND"
15,1562,275,961,287,3.4231,83300,"INLAND"
11,1281,291,861,313,1.0962,72300,"INLAND"
11,3136,620,2013,583,3.335,69700,"INLAND"
31,1783,382,1266,358,2.2264,50800,"INLAND"
29,1938,404,1487,414,1.7462,51100,"INLAND"
33,1955,398,1412,397,2.25,51500,"INLAND"
24,1306,266,889,276,2.4922,66100,"INLAND"
6,958,226,734,230,1.0349,67800,"INLAND"
27,2119,373,1268,345,2.8152,106900,"INLAND"
21,2751,602,1496,489,2.3882,49200,"INLAND"
18,408,82,253,75,2.0313,112500,"INLAND"
20,2236,434,1405,412,1.8827,48700,"INLAND"
39,915,199,580,175,1.8894,112500,"INLAND"
29,1016,174,481,140,2.2917,112500,"INLAND"
30,1471,373,1418,357,1.7432,42500,"INLAND"
29,1815,376,1421,339,1.9091,71300,"INLAND"
41,759,140,408,129,3.9,85900,"INLAND"
28,1673,385,1434,371,2.0586,40900,"INLAND"
21,2271,376,1145,372,3.1528,113700,"INLAND"
24,2259,408,1169,395,1.7106,95500,"INLAND"
20,1282,273,852,247,1.6354,49000,"INLAND"
25,2402,478,1527,461,2.3194,52900,"INLAND"
32,1838,441,1628,425,1.6452,41500,"INLAND"
27,1575,321,1063,317,2.1477,53900,"INLAND"
26,1748,346,891,303,1.9439,62100,"INLAND"
17,3915,742,1768,688,2.375,79800,"INLAND"
28,1148,233,521,212,2.9208,98500,"INLAND"
25,1880,339,1003,315,2.7298,103400,"INLAND"
21,1344,249,868,221,2.5893,63600,"INLAND"
11,2572,454,1402,415,3.6786,72900,"INLAND"
15,2288,401,1238,429,3.0278,77400,"INLAND"
9,3297,568,1749,568,4.0217,99200,"INLAND"
17,2623,659,1912,618,1.5893,52000,"INLAND"
19,2554,443,1301,419,4.1856,72100,"INLAND"
5,2693,508,1785,491,3,71000,"INLAND"
11,2265,382,1285,387,3.2042,76200,"INLAND"
20,2683,553,1497,548,1.7031,64600,"INLAND"
21,2472,523,1238,504,1.7756,62900,"INLAND"
23,2344,407,1184,406,3.1625,70600,"INLAND"
15,2234,415,1254,420,3.0234,88600,"INLAND"
31,1620,366,1154,348,1.8857,55500,"INLAND"
19,2736,549,1432,503,2.6944,67700,"INLAND"
19,2471,431,1040,426,3.25,80600,"INLAND"
26,2185,435,1108,419,2.2277,78000,"INLAND"
26,3210,646,1908,642,2.4167,77600,"INLAND"
29,2610,597,1659,571,1.5911,60800,"INLAND"
39,1173,269,702,232,1.6146,53100,"INLAND"
44,2450,575,1330,508,1.6103,50900,"INLAND"
19,2988,681,1654,576,2.3792,90000,"INLAND"
33,2043,443,1497,417,2.343,47400,"INLAND"
24,3208,691,1986,662,1.5506,52300,"INLAND"
26,1289,262,1100,244,1.975,51400,"INLAND"
21,983,165,672,169,2.975,63900,"INLAND"
19,2153,458,1317,386,1.7564,42600,"INLAND"
41,937,158,396,142,4.0833,81300,"INLAND"
20,1042,183,509,175,2.9815,73000,"INLAND"
36,1925,443,1405,422,2.162,51900,"INLAND"
41,2279,538,1908,511,1.3952,43100,"INLAND"
27,1127,294,839,276,1.3807,53100,"INLAND"
22,2078,431,1336,456,2.2202,65200,"INLAND"
21,554,121,426,122,2.3516,47500,"INLAND"
26,1460,316,880,286,1.3676,47800,"INLAND"
20,2911,597,1746,588,1.7372,51000,"INLAND"
25,2014,402,1160,362,1.881,52500,"INLAND"
22,1750,374,1113,338,1.505,42700,"INLAND"
20,1934,377,1341,336,2.1434,62600,"INLAND"
37,736,166,564,138,2.4167,58300,"INLAND"
19,1809,477,2051,416,1.8144,49800,"INLAND"
18,1855,424,1839,392,1.7572,53300,"INLAND"
32,1393,343,1282,336,1.5069,43700,"INLAND"
12,972,269,1134,286,1.63,49500,"INLAND"
24,1590,390,1686,372,1.6469,47600,"INLAND"
18,3501,721,2009,660,2.6576,65700,"INLAND"
18,1187,308,1343,277,1.875,51700,"INLAND"
25,1009,246,994,222,1.8462,55800,"INLAND"
17,1668,307,888,277,3.7794,96200,"INLAND"
17,2098,370,912,354,2.6544,112600,"INLAND"
33,2177,404,891,383,3.212,105200,"INLAND"
19,2010,433,910,390,2.6696,121200,"INLAND"
52,1056,274,584,255,2.1513,86700,"INLAND"
3,1167,306,422,186,2.4191,217500,"INLAND"
36,2864,603,1155,565,2.3571,113400,"INLAND"
29,2508,591,1112,550,1.6021,91400,"INLAND"
47,1060,219,496,205,2.5781,104800,"INLAND"
17,301,94,122,47,4.0583,87500,"INLAND"
13,1996,410,618,218,2.9083,104600,"INLAND"
12,1430,310,517,240,2.6544,128100,"INLAND"
16,1499,326,733,286,2.5729,118800,"INLAND"
20,1551,309,647,228,2.6094,139100,"INLAND"
14,2061,465,859,462,2.1289,115300,"INLAND"
15,1613,299,655,251,3.6875,186000,"INLAND"
11,2366,398,1046,387,3.8203,139700,"INLAND"
6,1281,245,422,160,3.2875,111300,"INLAND"
13,2095,391,860,331,3.6838,145700,"INLAND"
13,3839,715,1486,532,3.1875,99800,"INLAND"
12,3014,560,1424,485,3.0729,105100,"INLAND"
23,1908,383,984,374,2.517,153500,"INLAND"
14,1944,330,822,314,3.5,170700,"INLAND"
22,4173,763,1086,444,2.5562,136200,"INLAND"
21,4924,966,1175,454,2.9457,116500,"INLAND"
14,3803,689,1129,477,2.7188,137000,"INLAND"
43,102,19,44,13,0.4999,162500,"INLAND"
17,8651,1579,2071,757,3.1076,115800,"INLAND"
37,3355,666,338,136,2.0625,88900,"INLAND"
26,7005,1358,416,189,2.125,132500,"INLAND"
12,2726,517,1351,474,3.5,107100,"INLAND"
11,1214,228,633,199,3.125,148600,"INLAND"
14,1954,368,917,316,3.1523,93300,"INLAND"
17,1047,212,530,196,2.1538,153300,"INLAND"
34,1747,395,935,362,1.625,79400,"INLAND"
52,1230,262,609,243,2.0057,68200,"INLAND"
13,493,76,196,68,3.375,134100,"INLAND"
5,111,26,58,25,1.675,112500,"INLAND"
4,1658,301,676,278,3.5714,149500,"INLAND"
17,2530,526,1024,496,2.0057,118900,"INLAND"
17,3243,619,1408,566,2.474,120100,"INLAND"
17,1459,297,753,271,3.05,144800,"INLAND"
16,108,18,54,22,4.375,1e+05,"INLAND"
25,287,57,118,50,2.3056,162500,"INLAND"
16,324,61,135,61,2.4615,137500,"INLAND"
9,13670,2453,2811,1193,3.2589,137900,"INLAND"
30,1189,255,446,165,3.4838,112500,"INLAND"
18,473,115,88,41,4.0833,137500,"INLAND"
17,346,130,51,20,3.4861,137500,"INLAND"
25,2505,529,1145,483,2.006,103000,"INLAND"
18,3059,609,1335,581,2.5129,115900,"INLAND"
19,2787,578,1208,532,2.4922,98700,"INLAND"
10,2554,501,922,439,2.1094,164000,"INLAND"
22,1022,194,517,198,3.625,99400,"INLAND"
13,2104,407,960,401,2.4,177000,"INLAND"
16,744,141,311,122,4.4231,87500,"INLAND"
8,2687,495,5087,385,3.1719,115400,"INLAND"
19,961,218,479,138,3.3438,156300,"INLAND"
10,416,110,436,70,2.2222,262500,"<1H OCEAN"
28,1000,206,545,154,2.4167,191700,"<1H OCEAN"
20,728,120,360,115,6.1244,375000,"<1H OCEAN"
34,1328,244,795,227,4.4219,338100,"<1H OCEAN"
33,1775,309,1071,296,4.6607,187900,"<1H OCEAN"
17,3275,599,2422,637,3.7092,190500,"<1H OCEAN"
23,1290,283,1060,279,3.3152,198000,"<1H OCEAN"
22,2702,655,2664,571,3.0893,173400,"<1H OCEAN"
35,4431,739,2304,720,4.2599,209100,"<1H OCEAN"
30,2861,613,2065,586,3.2024,176100,"<1H OCEAN"
16,2614,575,1163,524,1.5781,134400,"<1H OCEAN"
33,1465,262,731,266,3.9464,230300,"<1H OCEAN"
32,3885,759,2504,736,3.6453,201700,"<1H OCEAN"
22,1815,506,2428,473,2.8417,162500,"<1H OCEAN"
50,1236,282,1079,257,2.6991,181300,"<1H OCEAN"
21,2424,527,1379,484,2.6786,184000,"<1H OCEAN"
35,462,90,334,96,5.3582,281300,"<1H OCEAN"
52,1409,359,981,304,2.7951,199300,"<1H OCEAN"
52,1239,320,934,298,1.8618,183300,"<1H OCEAN"
34,2426,646,2116,631,2.0682,158300,"<1H OCEAN"
39,950,300,1366,312,2.2443,146600,"<1H OCEAN"
20,4725,881,2823,869,4.0122,214800,"<1H OCEAN"
24,3663,828,2718,778,3.2757,186000,"<1H OCEAN"
23,3065,723,2042,698,2.7593,194800,"<1H OCEAN"
14,4026,769,1825,671,3.5541,191800,"<1H OCEAN"
28,7200,1281,3793,1238,4.075,237900,"<1H OCEAN"
48,1459,324,902,350,2.4185,189900,"<1H OCEAN"
34,3193,664,1434,627,2.4777,260300,"<1H OCEAN"
30,3826,691,1656,657,4.0074,434700,"<1H OCEAN"
34,9280,1765,4514,1693,3.2026,227600,"<1H OCEAN"
39,2056,381,939,371,6.6257,427600,"<1H OCEAN"
16,630,117,343,100,5.75,325000,"<1H OCEAN"
15,1659,274,679,253,5,357900,"<1H OCEAN"
33,2005,392,1043,351,5.308,297900,"<1H OCEAN"
17,321,44,92,39,7.75,375000,"<1H OCEAN"
22,2612,494,1361,439,4.1319,245000,"NEAR OCEAN"
23,282,69,130,57,2.4375,225000,"NEAR OCEAN"
41,1408,311,793,264,2.5441,161200,"NEAR OCEAN"
27,669,131,314,106,2.4659,231300,"NEAR OCEAN"
5,403,48,208,54,12.632,500001,"NEAR OCEAN"
36,2376,541,1505,547,2.4595,197600,"<1H OCEAN"
26,2849,535,1383,532,2.6893,230800,"<1H OCEAN"
34,4314,878,2361,831,3.2279,243100,"NEAR OCEAN"
22,3527,711,1483,640,2.7019,234700,"<1H OCEAN"
23,4763,828,2198,771,4.8105,313000,"NEAR OCEAN"
18,5591,1042,2860,1026,3.5822,219900,"NEAR OCEAN"
22,3891,657,1727,581,4.2656,241400,"NEAR OCEAN"
35,3079,579,1807,589,4.69,199300,"NEAR OCEAN"
28,731,155,285,162,3.2917,225000,"NEAR OCEAN"
18,3932,724,1896,680,5.2953,279400,"NEAR OCEAN"
21,259,38,142,45,5.2681,500001,"NEAR OCEAN"
21,2475,502,1269,505,2.98,259200,"NEAR OCEAN"
28,3231,524,1665,540,4.8583,224200,"NEAR OCEAN"
17,4526,717,2088,655,5.6885,268200,"NEAR OCEAN"
25,2197,320,934,330,6.311,283200,"NEAR OCEAN"
29,3128,672,1815,648,2.9821,175700,"NEAR OCEAN"
19,3238,629,1195,443,4.8472,500001,"NEAR OCEAN"
16,52,16,51,15,2.475,225000,"NEAR OCEAN"
17,2754,577,1349,533,3.1618,154200,"<1H OCEAN"
30,413,98,400,112,4,219200,"NEAR OCEAN"
11,5330,1056,2801,1028,4.763,232700,"NEAR OCEAN"
24,1824,331,1049,320,5.9181,221100,"NEAR OCEAN"
31,790,241,1095,222,2.25,75000,"NEAR OCEAN"
6,2307,386,910,364,5.215,279500,"NEAR OCEAN"
24,4165,646,2194,658,6.0661,234800,"NEAR OCEAN"
18,8010,1539,3982,1483,4.0905,236500,"NEAR OCEAN"
10,3654,541,1638,551,6.1885,267300,"NEAR OCEAN"
11,4695,955,2065,982,3.2158,223600,"NEAR OCEAN"
31,224,88,326,88,2.375,55000,"NEAR OCEAN"
10,3150,781,1582,653,4.2448,157300,"NEAR OCEAN"
16,2596,625,1403,562,3.4018,145200,"NEAR OCEAN"
8,4942,1173,3012,1033,3.445,203400,"NEAR OCEAN"
23,2887,540,1508,518,3.3452,217600,"NEAR OCEAN"
13,3009,588,1439,607,4.1845,199500,"NEAR OCEAN"
16,5018,853,2524,830,5.1752,218000,"NEAR OCEAN"
22,2334,359,1298,363,5.5275,228900,"NEAR OCEAN"
12,232,37,79,35,4.1667,214600,"NEAR OCEAN"
26,2406,411,1313,391,4.9079,234100,"NEAR OCEAN"
25,2203,367,1194,377,5.4087,223200,"NEAR OCEAN"
18,3208,643,1973,614,3.8162,235000,"NEAR OCEAN"
25,195,59,140,43,3.8889,187500,"NEAR OCEAN"
22,2362,601,1127,499,3.4006,219400,"NEAR OCEAN"
30,1937,295,695,313,5.0679,234300,"NEAR OCEAN"
22,3536,615,1650,612,4.2381,229300,"NEAR OCEAN"
22,7548,1038,2855,1008,6.729,409300,"NEAR OCEAN"
27,2219,312,937,315,5.7601,281100,"NEAR OCEAN"
18,1713,244,690,239,6.9483,404300,"NEAR OCEAN"
24,4260,691,1581,607,5.5048,303600,"NEAR OCEAN"
24,2212,332,899,331,5.533,299700,"NEAR OCEAN"
33,2467,377,1052,363,4.7333,257500,"NEAR OCEAN"
36,1530,341,703,317,3.5819,231900,"NEAR OCEAN"
41,2822,564,1288,541,3.0799,254100,"NEAR OCEAN"
34,1189,220,445,203,4.8824,396400,"NEAR OCEAN"
36,2232,373,951,368,5.2261,303200,"NEAR OCEAN"
41,1280,240,608,252,4.4038,229100,"NEAR OCEAN"
41,1835,311,683,308,4.8977,358200,"NEAR OCEAN"
52,2239,420,941,397,4.125,349000,"NEAR OCEAN"
32,2274,406,982,393,5.3254,385200,"NEAR OCEAN"
33,3854,982,1835,894,3.5294,323900,"NEAR OCEAN"
24,7637,1705,4647,1623,3.5385,186800,"NEAR OCEAN"
41,1445,410,1052,388,2.6333,170800,"NEAR OCEAN"
50,3128,825,2535,783,2.3669,165300,"NEAR OCEAN"
26,3665,932,2775,870,1.9286,160500,"NEAR OCEAN"
25,1092,190,702,215,3.9063,192700,"NEAR OCEAN"
38,2387,748,1537,741,2.3147,192500,"NEAR OCEAN"
17,1527,503,688,423,1.6007,187500,"NEAR OCEAN"
32,3295,764,1344,600,3.6007,395500,"NEAR OCEAN"
23,3578,753,1455,649,4.1898,359100,"NEAR OCEAN"
22,2486,608,709,523,2.9018,275000,"NEAR OCEAN"
27,4742,775,1682,696,6.194,500001,"NEAR OCEAN"
44,1312,279,668,278,4.09,203800,"NEAR OCEAN"
50,1710,412,915,380,3.1757,206300,"NEAR OCEAN"
52,459,112,276,107,2.375,198400,"NEAR OCEAN"
52,1577,343,836,335,3.5893,206600,"NEAR OCEAN"
43,403,77,156,85,4.6667,384600,"NEAR OCEAN"
44,706,176,399,149,3.0089,166700,"NEAR OCEAN"
46,679,159,382,143,3.5,221200,"NEAR OCEAN"
32,4071,888,1900,874,3.2792,220500,"NEAR OCEAN"
29,3298,804,1509,711,3.8125,244500,"NEAR OCEAN"
30,2948,827,1635,750,2.67,214900,"NEAR OCEAN"
35,2532,407,1338,422,4.7727,219000,"NEAR OCEAN"
36,1972,382,1029,411,3.7337,209000,"NEAR OCEAN"
40,2528,572,1318,549,3.6413,212700,"NEAR OCEAN"
42,918,204,394,204,4.0069,214300,"NEAR OCEAN"
28,26,3,29,9,8,275000,"NEAR OCEAN"
12,15201,2418,7132,2251,5.6756,301800,"NEAR OCEAN"
17,629,221,514,186,3.2847,112500,"NEAR OCEAN"
16,4609,1220,2147,1007,3.375,218800,"NEAR OCEAN"
26,3175,736,2460,775,3.125,219900,"NEAR OCEAN"
17,3889,748,2415,739,4.5,234300,"NEAR OCEAN"
15,4615,1008,2549,973,3.9063,198700,"NEAR OCEAN"
29,4188,816,2783,790,4.1949,197100,"NEAR OCEAN"
33,1039,256,1432,272,3.1103,143500,"NEAR OCEAN"
35,2183,636,3504,623,1.9704,160300,"NEAR OCEAN"
36,2028,523,2751,496,3.015,149300,"NEAR OCEAN"
40,1083,319,1843,349,2.3077,106900,"NEAR OCEAN"
30,1096,231,741,229,3.8625,234700,"NEAR OCEAN"
29,4039,680,1677,644,4.3897,257600,"NEAR OCEAN"
28,4194,811,2556,856,4.2227,235400,"NEAR OCEAN"
27,1887,487,1339,428,2.9185,224500,"NEAR OCEAN"
36,1293,312,1128,335,2.1542,253900,"NEAR OCEAN"
34,3413,693,2223,651,3.8239,208200,"NEAR OCEAN"
46,2062,484,1522,469,3.087,213900,"NEAR OCEAN"
21,494,127,489,106,2.6964,170800,"NEAR OCEAN"
5,384,131,410,149,1.5625,87500,"NEAR OCEAN"
15,11403,2131,3327,1585,4.3693,423300,"NEAR OCEAN"
16,5297,810,1489,667,6.4522,500001,"NEAR OCEAN"
18,6171,1490,2164,1210,3.6875,500001,"NEAR OCEAN"
18,6213,1188,2679,1000,3.748,380400,"NEAR OCEAN"
15,3797,692,2216,675,4.7443,229500,"NEAR OCEAN"
15,5614,989,2754,994,5.035,242900,"NEAR OCEAN"
17,3332,762,1797,673,4.4292,231200,"NEAR OCEAN"
19,9503,1769,6370,1718,5.0016,218500,"NEAR OCEAN"
27,1035,229,782,222,4.2212,185400,"NEAR OCEAN"
35,2599,552,2726,543,3.2212,180500,"NEAR OCEAN"
32,3366,677,2857,669,4.6186,181100,"NEAR OCEAN"
36,4519,1081,4818,1061,2.8561,179100,"NEAR OCEAN"
31,2636,638,2695,614,3.2196,175800,"NEAR OCEAN"
38,3221,783,2792,736,2.9118,172400,"NEAR OCEAN"
34,2749,539,2330,559,4.2137,185600,"NEAR OCEAN"
32,1567,304,1482,308,3.5867,182100,"NEAR OCEAN"
42,1411,300,1295,339,2.6667,164900,"NEAR OCEAN"
25,1596,321,1378,308,4.0074,188000,"NEAR OCEAN"
21,2361,464,1146,396,3.6597,195100,"NEAR OCEAN"
31,1872,434,1511,405,3.2314,186800,"NEAR OCEAN"
35,4276,767,3295,708,4.2583,187300,"NEAR OCEAN"
32,2388,467,1746,483,3.9331,187600,"NEAR OCEAN"
30,2053,368,1496,391,3.6546,186200,"NEAR OCEAN"
27,2183,364,1458,388,4.4567,191100,"NEAR OCEAN"
34,2610,466,1543,433,3.9722,189000,"NEAR OCEAN"
35,2733,510,1814,511,4.4187,183400,"NEAR OCEAN"
32,3152,596,3490,526,2.725,450000,"NEAR OCEAN"
22,6465,1397,2694,1370,2.9832,165600,"NEAR OCEAN"
13,6103,1319,2986,1212,3.9718,215200,"NEAR OCEAN"
31,4175,1004,3310,954,3.1989,185400,"NEAR OCEAN"
27,2076,681,1904,647,1.4773,160800,"NEAR OCEAN"
15,5778,1285,1722,829,4.3427,305800,"NEAR OCEAN"
12,460,101,405,103,5.2783,167400,"NEAR OCEAN"
27,1832,415,1480,414,3.9643,186000,"NEAR OCEAN"
22,4769,1366,5534,1318,2.4167,192000,"NEAR OCEAN"
17,5276,1020,4066,984,4.5828,205400,"NEAR OCEAN"
18,2509,688,3129,677,2.6098,146100,"NEAR OCEAN"
16,6389,1330,6242,1340,4.0222,206800,"NEAR OCEAN"
22,1612,334,1431,335,4.8125,194400,"NEAR OCEAN"
16,1593,353,836,357,2.726,67500,"NEAR OCEAN"
37,470,105,522,83,2.0368,243800,"NEAR OCEAN"
28,1444,508,2145,437,1.6964,175000,"NEAR OCEAN"
25,2202,390,1415,412,4.43,207700,"NEAR OCEAN"
23,3204,644,2295,614,3.9485,196600,"NEAR OCEAN"
17,224,70,147,71,3.6167,280000,"NEAR OCEAN"
17,7982,1603,6437,1596,4.1279,223900,"NEAR OCEAN"
23,2239,537,784,497,1.6038,194300,"NEAR OCEAN"
25,3445,898,5558,894,3.0972,169300,"NEAR OCEAN"
15,1329,282,1001,284,3.65,189300,"NEAR OCEAN"
36,3511,664,2965,695,4.0878,186800,"NEAR OCEAN"
26,5444,1293,3700,1158,2.7556,213200,"NEAR OCEAN"
8,243,75,102,80,2.5714,500001,"NEAR OCEAN"
35,2028,554,2252,521,2.4643,182000,"NEAR OCEAN"
31,737,146,1436,168,3.5625,194100,"NEAR OCEAN"
21,1856,276,863,255,4.5833,500001,"<1H OCEAN"
16,3103,482,1567,467,6.907,500001,"<1H OCEAN"
21,7436,984,2982,988,7.6775,391200,"<1H OCEAN"
17,10214,1589,3409,1327,5.3806,452100,"<1H OCEAN"
40,1498,292,707,249,3.7974,228700,"<1H OCEAN"
25,3344,502,1483,496,6.196,340600,"<1H OCEAN"
20,7794,1192,4169,1188,5.9316,311900,"<1H OCEAN"
24,4341,646,1929,703,5.4298,279600,"<1H OCEAN"
9,10618,1617,4830,1606,6.6246,284200,"<1H OCEAN"
11,5785,1035,2760,985,4.693,232200,"<1H OCEAN"
5,10018,1233,4253,1120,8.9063,500001,"<1H OCEAN"
14,15207,2924,6301,2829,3.9699,217000,"<1H OCEAN"
25,3655,545,1776,544,5.687,238100,"<1H OCEAN"
16,5323,795,2493,779,5.6762,271300,"<1H OCEAN"
24,4650,748,2374,702,5.8838,232600,"<1H OCEAN"
21,3284,487,1832,521,5.2773,250800,"<1H OCEAN"
24,3421,656,2220,645,4.7831,214200,"<1H OCEAN"
21,9807,1614,4199,1554,5.0145,246600,"<1H OCEAN"
23,3471,510,2002,555,5.2742,257500,"<1H OCEAN"
29,3511,632,2591,596,3.0219,221700,"<1H OCEAN"
18,3117,583,2079,545,4.6458,222800,"<1H OCEAN"
13,4175,1321,2257,1271,3.1446,177100,"<1H OCEAN"
5,3634,718,1317,743,4.2917,227900,"<1H OCEAN"
39,143,36,113,33,2.8942,275000,"NEAR OCEAN"
32,166,22,63,29,7.3004,125000,"NEAR OCEAN"
11,4528,729,2398,684,5.3044,319000,"<1H OCEAN"
27,4357,926,2110,876,3.0119,218200,"<1H OCEAN"
8,40,10,309,16,4.0208,52500,"NEAR OCEAN"
12,57,22,69,15,5.0066,275000,"NEAR OCEAN"
18,7338,1020,3419,1058,7.0242,293100,"<1H OCEAN"
16,1807,346,587,296,1.9811,162500,"<1H OCEAN"
16,3137,462,1384,436,6.1306,258200,"<1H OCEAN"
16,2476,402,1251,387,5.7676,241300,"<1H OCEAN"
25,2237,331,1121,365,6.0994,254900,"<1H OCEAN"
9,2372,312,1039,321,7.6016,344900,"<1H OCEAN"
16,3746,508,1556,452,6.3303,299400,"<1H OCEAN"
15,1679,271,928,264,5.5681,235600,"<1H OCEAN"
23,2630,404,1184,385,5.2955,247600,"<1H OCEAN"
21,2953,419,1397,410,6.541,291500,"<1H OCEAN"
18,2730,415,1248,412,6.187,287900,"<1H OCEAN"
17,2400,352,1067,323,6.3522,259300,"<1H OCEAN"
17,1552,246,685,244,5.9836,294800,"<1H OCEAN"
3,1170,148,493,142,8.0428,500001,"<1H OCEAN"
17,3220,716,1381,733,2.8958,176000,"<1H OCEAN"
20,1288,179,539,181,5.8652,302600,"<1H OCEAN"
14,2627,328,1121,328,7.0504,333800,"<1H OCEAN"
14,4719,734,1880,731,5.3558,313800,"<1H OCEAN"
42,564,96,220,81,4.5625,318800,"<1H OCEAN"
18,6075,1056,2571,1018,5.22,399400,"<1H OCEAN"
17,3785,494,1527,507,8.4443,358500,"<1H OCEAN"
16,1509,216,578,235,10.2614,410800,"<1H OCEAN"
24,1999,244,759,247,8.7657,366300,"<1H OCEAN"
9,655,110,222,109,7.8528,337500,"NEAR OCEAN"
16,3380,731,1227,641,4.2857,233200,"NEAR OCEAN"
16,1316,194,450,173,10.1597,500001,"NEAR OCEAN"
16,1956,312,671,319,6.4001,321800,"NEAR OCEAN"
16,4109,543,1409,560,8.1064,423400,"<1H OCEAN"
24,2719,434,1318,424,4.675,228800,"<1H OCEAN"
24,3689,585,1898,581,5.9224,239400,"<1H OCEAN"
25,3502,508,1713,508,5.5181,242100,"<1H OCEAN"
17,2619,606,1655,557,3.886,281300,"<1H OCEAN"
16,3631,974,2585,923,3.0691,130400,"<1H OCEAN"
16,6510,817,2304,778,7.9943,452100,"<1H OCEAN"
26,1582,196,573,182,10.0595,500001,"<1H OCEAN"
15,5644,757,2659,783,6.7559,312000,"<1H OCEAN"
20,3878,665,1651,591,5.5402,264600,"<1H OCEAN"
14,4242,746,1858,689,6.0145,287100,"<1H OCEAN"
16,2343,393,2007,383,5.756,302700,"<1H OCEAN"
14,3108,451,1566,434,6.2423,305400,"<1H OCEAN"
17,5593,732,1992,660,7.2965,342900,"<1H OCEAN"
13,5094,764,2230,737,6.4823,290900,"<1H OCEAN"
26,1932,280,886,289,5.0855,232200,"<1H OCEAN"
26,1775,295,1004,323,5.5845,251700,"<1H OCEAN"
22,1230,200,673,195,6.2708,251400,"<1H OCEAN"
25,1328,209,691,228,4.9234,241400,"<1H OCEAN"
29,2195,414,1360,401,3.4773,206700,"<1H OCEAN"
26,3354,659,2020,648,4.1576,211800,"<1H OCEAN"
22,3654,517,1565,518,6.2748,274800,"<1H OCEAN"
26,4439,616,1881,592,6.2935,258000,"<1H OCEAN"
26,1590,196,654,199,6.5851,3e+05,"<1H OCEAN"
26,1924,245,775,244,7.001,286800,"<1H OCEAN"
23,4862,597,1938,594,7.3409,316000,"<1H OCEAN"
26,2296,275,842,263,7.7889,309900,"<1H OCEAN"
32,2399,384,1199,390,4.125,264600,"<1H OCEAN"
26,3135,480,1474,458,6.1949,243500,"<1H OCEAN"
23,2179,423,1338,406,5.5224,240700,"<1H OCEAN"
16,7268,1729,3232,1653,3.3703,228700,"<1H OCEAN"
21,5661,1369,3188,1308,3.4676,212800,"<1H OCEAN"
11,5873,1455,3089,1365,3.5504,173800,"<1H OCEAN"
16,3449,820,1877,816,3.2176,187500,"<1H OCEAN"
28,2040,297,848,280,6.7612,323700,"<1H OCEAN"
29,1326,185,586,187,6.5474,422900,"<1H OCEAN"
27,1931,261,736,244,6.7805,392900,"<1H OCEAN"
27,2287,320,967,321,6.5162,349400,"<1H OCEAN"
23,5647,786,2050,738,6.3586,348300,"<1H OCEAN"
17,4668,628,1917,624,8.1397,353900,"<1H OCEAN"
35,1503,263,576,216,5.1457,500001,"<1H OCEAN"
17,1822,438,578,291,5.4346,428600,"NEAR OCEAN"
4,16704,2704,6187,2207,6.6122,357600,"NEAR OCEAN"
18,6217,858,2703,834,6.8075,325900,"NEAR OCEAN"
11,1177,138,415,119,10.0472,500001,"<1H OCEAN"
4,15572,2222,5495,2152,8.6499,500001,"<1H OCEAN"
6,8803,1114,3385,1010,8.7288,425800,"<1H OCEAN"
11,3170,420,1418,432,7.5118,361900,"<1H OCEAN"
16,4975,949,2537,971,5.2361,224700,"<1H OCEAN"
16,1466,196,661,209,6.2893,282700,"<1H OCEAN"
25,1815,281,960,284,5.4243,214700,"<1H OCEAN"
22,4337,673,2347,636,5.4091,222400,"<1H OCEAN"
28,2405,462,1011,378,4.504,204300,"<1H OCEAN"
47,1315,290,581,268,5.4024,253000,"<1H OCEAN"
10,3663,409,1179,371,12.542,500001,"<1H OCEAN"
4,9147,1827,3950,1661,5.716,320800,"<1H OCEAN"
17,1986,249,761,241,7.2137,401900,"<1H OCEAN"
12,3330,600,1577,584,4.6985,264100,"<1H OCEAN"
6,16222,2309,6700,2080,6.4963,308100,"<1H OCEAN"
24,4072,582,1834,565,6.0487,254500,"<1H OCEAN"
13,1841,237,833,231,7.7785,404700,"<1H OCEAN"
50,187,33,130,35,3.3438,500001,"<1H OCEAN"
13,5591,1013,3188,971,5.5925,208600,"<1H OCEAN"
6,6679,1164,3196,1157,5.4493,242600,"<1H OCEAN"
28,1545,371,1334,318,3.4375,194100,"<1H OCEAN"
23,366,62,265,66,3.125,375000,"<1H OCEAN"
30,917,157,678,171,5.8133,195700,"<1H OCEAN"
22,3369,771,2751,710,4.0474,182100,"<1H OCEAN"
6,6106,1134,3246,1062,5.2206,280200,"<1H OCEAN"
5,25187,3521,11956,3478,6.9712,321300,"<1H OCEAN"
20,3678,684,1882,694,4.1607,196800,"<1H OCEAN"
20,2743,685,1798,613,3.6761,170900,"<1H OCEAN"
27,1146,189,595,197,4.5833,198500,"<1H OCEAN"
7,3074,794,1816,654,2.7137,196400,"<1H OCEAN"
10,1658,310,1053,333,4.7574,209900,"<1H OCEAN"
6,4685,965,2180,909,4.5458,208200,"<1H OCEAN"
27,1416,251,1024,268,5.1074,185200,"<1H OCEAN"
26,2873,480,1915,475,5.3681,187700,"<1H OCEAN"
22,3844,537,1665,492,6.2059,239900,"<1H OCEAN"
21,2786,342,1114,322,5.8578,266300,"<1H OCEAN"
20,3495,449,1629,428,5.8096,264400,"<1H OCEAN"
27,1452,251,928,259,4.6908,186600,"<1H OCEAN"
26,966,191,690,191,5.1698,188000,"<1H OCEAN"
24,3241,461,1567,446,5.5983,233300,"<1H OCEAN"
25,3371,502,1717,506,6.1253,225000,"<1H OCEAN"
26,990,223,719,232,3.163,179400,"<1H OCEAN"
23,4550,762,2301,744,4.556,205300,"<1H OCEAN"
23,2493,522,1488,505,4.18,215000,"<1H OCEAN"
26,3038,468,1825,468,5.6385,196900,"<1H OCEAN"
26,1750,284,962,278,4.5673,190400,"<1H OCEAN"
26,1929,293,1067,320,5.4038,222100,"<1H OCEAN"
26,1767,265,1040,250,5.4787,198100,"<1H OCEAN"
24,2234,373,1325,383,5.4604,193400,"<1H OCEAN"
27,3467,545,1798,493,4.8717,204100,"<1H OCEAN"
21,4056,637,1974,634,5.9024,221000,"<1H OCEAN"
25,3409,493,1699,484,5.653,225800,"<1H OCEAN"
27,2911,562,1773,580,4.6528,186600,"<1H OCEAN"
25,2377,491,1200,439,4.7083,196100,"<1H OCEAN"
27,727,136,467,144,3.7188,250000,"<1H OCEAN"
17,2654,478,1392,451,5.4459,223900,"<1H OCEAN"
18,2229,371,1283,379,5.5955,217700,"<1H OCEAN"
21,4059,598,2133,634,5.6949,235300,"<1H OCEAN"
17,6488,1102,3199,1070,5.0962,238000,"<1H OCEAN"
5,6123,825,2440,736,7.9013,393000,"<1H OCEAN"
5,6150,1265,3188,1266,4.7034,223000,"<1H OCEAN"
16,4637,941,2476,878,4.0568,225200,"<1H OCEAN"
26,1561,212,817,242,5.477,209100,"<1H OCEAN"
15,3221,659,1390,607,3.5313,191800,"<1H OCEAN"
10,3753,678,1859,660,4.9946,204600,"<1H OCEAN"
23,1724,265,934,306,6.0783,229200,"<1H OCEAN"
24,2983,406,1203,381,6.3236,302000,"<1H OCEAN"
21,2751,493,1432,483,5.2067,221200,"<1H OCEAN"
27,3536,646,1837,580,4.4964,238300,"<1H OCEAN"
23,2831,406,1284,393,6.1383,244100,"<1H OCEAN"
25,1678,252,862,268,6.1834,229800,"<1H OCEAN"
23,1983,280,978,287,6.3199,236700,"<1H OCEAN"
27,1527,220,756,226,6.1825,227000,"<1H OCEAN"
20,1586,187,699,209,6.5483,335000,"<1H OCEAN"
45,121,25,67,27,2.9821,325000,"<1H OCEAN"
27,534,85,243,77,8.2787,330000,"<1H OCEAN"
11,5451,736,2526,752,7.355,343900,"<1H OCEAN"
22,3266,529,1595,494,6.0368,248000,"<1H OCEAN"
8,4983,754,2510,725,6.9454,276500,"<1H OCEAN"
35,6418,1545,3814,1496,1.6647,69100,"INLAND"
42,1822,636,1372,560,1.2542,76000,"INLAND"
25,5154,1105,3196,1073,2.7566,80200,"INLAND"
29,2242,493,1481,478,2.0781,74800,"INLAND"
40,2120,504,1304,464,2.0368,67800,"INLAND"
36,435,95,285,90,1.2292,69600,"INLAND"
34,431,85,391,77,2.625,225000,"INLAND"
24,938,275,508,253,1.642,32500,"INLAND"
39,2438,483,1103,472,2.9375,86600,"INLAND"
43,2360,471,1041,452,2.89,86200,"INLAND"
30,4648,1252,2524,1089,1.3177,74300,"INLAND"
32,2070,561,2046,523,1.9426,82300,"INLAND"
33,4988,1169,2414,1075,1.9728,76400,"INLAND"
35,1316,321,732,336,2.1213,79200,"INLAND"
34,3395,592,1518,627,4.0833,118500,"INLAND"
36,1672,302,969,337,3.0536,73100,"INLAND"
22,2403,431,1088,421,3.9,146900,"INLAND"
10,6227,1164,2909,1077,4.106,115900,"INLAND"
43,1485,270,653,251,3,141700,"INLAND"
37,1365,276,952,268,4.037,156900,"INLAND"
7,1777,513,4479,504,1.4653,310000,"INLAND"
11,5121,899,2258,901,4.7168,223200,"INLAND"
12,10509,2186,5633,2138,2.9605,204300,"INLAND"
11,15018,3008,7984,2962,3.1371,201800,"INLAND"
17,1964,314,808,286,5.9629,286000,"INLAND"
16,2372,588,1400,583,2.8922,153600,"INLAND"
13,6141,1019,2553,967,4.2432,326500,"INLAND"
18,3960,1151,2248,1144,1.7257,179100,"INLAND"
34,2299,579,1300,536,1.6435,148500,"INLAND"
34,1717,393,1224,387,2.7917,130800,"INLAND"
18,974,317,521,317,1.0633,137500,"INLAND"
30,3306,629,1623,648,2.8614,145200,"INLAND"
20,8627,1516,4071,1466,4.2198,164100,"INLAND"
16,2790,624,1386,636,3.1908,194300,"INLAND"
13,6819,1158,2828,1115,4.6225,226500,"INLAND"
33,2479,382,979,377,4.7308,236200,"INLAND"
33,6861,1820,3717,1767,1.7311,182600,"INLAND"
23,8800,1857,6330,1832,2.065,219400,"INLAND"
26,4802,950,2199,939,3.7452,227700,"INLAND"
47,1697,318,775,276,3.4559,123100,"INLAND"
43,2559,598,1820,591,2.1927,107900,"INLAND"
38,674,178,701,189,1.3942,69400,"INLAND"
8,3544,691,2118,678,3.7477,122200,"INLAND"
23,1755,321,1061,313,2.8864,103100,"INLAND"
31,2547,535,1579,509,2.6774,95800,"INLAND"
11,3851,892,1847,747,3.4331,120600,"INLAND"
24,3794,848,2225,864,2.8068,95300,"INLAND"
39,2806,662,1659,638,1.9787,97800,"INLAND"
11,3251,623,1700,615,3.1875,172000,"INLAND"
17,2875,810,1876,749,1.951,152500,"INLAND"
43,3766,847,1855,817,2.3468,119400,"INLAND"
10,2086,380,1073,378,4.5526,154400,"INLAND"
30,2602,401,981,405,4.7222,167200,"INLAND"
38,2948,478,1123,460,4.0556,146900,"INLAND"
42,2670,518,1548,534,2.2794,108900,"INLAND"
45,2438,462,1415,510,2.8351,107200,"INLAND"
9,12139,2640,6837,2358,3.125,132500,"INLAND"
32,710,155,550,154,2.8882,151400,"INLAND"
22,1360,282,808,229,2.4167,225000,"INLAND"
29,3167,548,1554,534,4.3487,200700,"INLAND"
15,6809,1052,3060,1060,5.3064,165000,"INLAND"
18,4224,632,1907,641,4.8226,139900,"INLAND"
17,5320,984,2866,928,4.1997,133400,"INLAND"
6,1485,318,894,308,3.2222,139600,"INLAND"
6,4598,834,2561,812,3.4186,127300,"INLAND"
27,3044,565,1583,514,2.7989,126700,"INLAND"
20,1005,168,457,157,5.679,225000,"INLAND"
10,1320,246,898,228,1.9327,193800,"INLAND"
38,575,107,259,109,3.75,187500,"INLAND"
26,272,49,194,52,3.4187,98400,"INLAND"
15,1462,314,774,271,2.5478,91700,"INLAND"
37,352,65,238,67,2.8542,275000,"INLAND"
36,1069,228,567,190,1.9559,78400,"INLAND"
32,1950,385,1145,363,2.8365,87900,"INLAND"
20,1138,221,459,209,3.1534,123400,"INLAND"
33,1221,236,488,199,3.7574,92700,"INLAND"
31,371,74,208,84,3.875,137500,"INLAND"
19,1265,228,755,218,3.3472,69800,"INLAND"
26,1113,222,689,234,3.0486,83600,"INLAND"
23,1796,380,939,330,2.7955,96300,"INLAND"
19,1396,336,940,309,1.5208,70300,"INLAND"
5,1922,489,938,439,2.0474,61300,"INLAND"
48,1783,399,938,374,1.6652,58900,"INLAND"
41,1492,350,804,353,1.684,71300,"INLAND"
34,1376,376,702,317,1.4946,55500,"INLAND"
52,662,160,520,149,0.8928,55000,"INLAND"
36,1206,197,537,204,3.3611,79800,"INLAND"
21,1872,302,870,301,3.725,84700,"INLAND"
12,3349,642,2029,619,2.9647,88800,"INLAND"
33,2033,375,914,330,2.6964,68500,"INLAND"
33,1897,378,888,385,2.1111,68700,"INLAND"
38,1756,396,837,401,1.9122,55500,"INLAND"
35,2157,441,1009,409,1.5827,63000,"INLAND"
18,1632,367,769,330,3.1029,71700,"INLAND"
30,442,103,413,88,1.5694,57900,"INLAND"
17,2277,608,1607,562,1.5085,69700,"INLAND"
18,4289,1021,2707,939,1.3375,59600,"INLAND"
17,4251,899,3265,934,2.3496,65000,"INLAND"
26,2796,629,2017,632,1.8355,61200,"INLAND"
30,2601,534,1702,506,2.08,56600,"INLAND"
28,1442,333,832,286,1.8413,62300,"INLAND"
24,1107,261,768,205,1.7167,48800,"INLAND"
18,2171,480,1527,447,2.3011,57500,"INLAND"
28,2130,484,1195,439,1.3631,45500,"INLAND"
27,1783,441,1163,409,1.2857,47000,"INLAND"
26,1377,289,761,267,1.4934,48300,"INLAND"
31,1728,365,1167,384,1.4958,53400,"INLAND"
26,2276,460,1455,474,2.4695,58000,"INLAND"
23,1076,216,724,197,2.3598,57500,"INLAND"
15,1810,441,1157,375,2.0469,55100,"INLAND"
20,561,109,308,114,3.3021,70800,"INLAND"
25,1332,247,726,226,2.25,63400,"INLAND"
22,1891,340,1023,296,2.7303,99100,"INLAND"
40,198,41,151,48,4.5625,1e+05,"INLAND"
37,1244,247,484,157,2.3661,77500,"INLAND"
20,755,147,457,157,2.4167,67000,"INLAND"
32,1158,244,598,227,2.8235,65500,"INLAND"
16,1698,300,731,291,3.0739,87200,"INLAND"
37,102,17,29,14,4.125,72000,"INLAND"
36,1124,184,504,171,2.1667,93800,"INLAND"
5,358,65,169,59,3,162500,"INLAND"
19,2043,421,1018,390,2.5952,92400,"INLAND"
28,10035,1856,6912,1818,2.0943,108300,"INLAND"
11,2640,505,1257,445,3.5673,112000,"INLAND"
15,2655,493,1200,432,3.5179,107200,"INLAND"
15,2319,416,1047,385,3.125,115600,"INLAND"
27,2080,412,1082,382,2.5495,98300,"INLAND"
28,2332,395,1041,344,3.7125,116800,"INLAND"
25,1665,374,845,330,1.5603,78100,"INLAND"
18,697,150,356,114,2.5568,77100,"INLAND"
17,2254,485,1007,433,1.7,92300,"INLAND"
18,1860,409,741,349,1.8672,84700,"INLAND"
16,2785,616,1387,530,2.3886,89400,"INLAND"
